BJD - 2454833, Corrected Flux
1977.262459557, 1.038999399,
1977.282891824, 1.043325762,
1977.303323992, 1.040060881,
1977.364620890, 1.034720819,
1977.385053155, 1.035015394,
1977.405485420, 1.034059461,
1977.425917684, 1.034830475,
1977.446350047, 1.034572621,
1977.466782211, 1.034974169,
1977.487214573, 1.033033144,
1977.507646835, 1.034209509,
1977.528078997, 1.036281955,
1977.548511359, 1.034774145,
1977.568943620, 1.037025663,
1977.589375780, 1.034530350,
1977.609808140, 1.035233768,
1977.630240399, 1.034111346,
1977.650672558, 1.035118674,
1977.671104917, 1.033758454,
1977.691537175, 1.035119204,
1977.711969332, 1.034733071,
1977.732401689, 1.034878303,
1977.752833946, 1.034572847,
1977.773266102, 1.033895254,
1977.793698458, 1.035865435,
1977.814130713, 1.034676231,
1977.834562968, 1.034029473,
1977.854995222, 1.036236401,
1977.875427476, 1.036237233,
1977.895859729, 1.034653042,
1977.916291982, 1.033604103,
1977.936724234, 1.034426445,
1977.957156586, 1.034665525,
1977.977588738, 1.034243541,
1977.998020989, 1.034090685,
1978.018453339, 1.036849362,
1978.038885489, 1.034183380,
1978.059317739, 1.035959685,
1978.079750088, 1.035334586,
1978.100182237, 1.034232801,
1978.120614485, 1.035395784,
1978.141046833, 1.034623944,
1978.161478979, 1.034703008,
1978.181911226, 1.036135679,
1978.202343573, 1.033941042,
1978.222775718, 1.037988359,
1978.243208064, 1.035546627,
1978.263640309, 1.035217408,
1978.284072553, 1.033981758,
1978.304504797, 1.035142831,
1978.324937041, 1.035641079,
1978.345369284, 1.037308636,
1978.365801526, 1.035369046,
1978.386233768, 1.035731129,
1978.406666010, 1.035130151,
1978.427098251, 1.033253337,
1978.447530492, 1.066785259,
1978.467962732, 1.034960242,
1978.488394972, 1.032288199,
1978.508827211, 1.035209505,
1978.529259350, 1.034481413,
1978.590556064, 1.036895366,
1978.610988401, 1.036964468,
1978.631420637, 1.035983602,
1978.651852973, 1.034899300,
1978.672285109, 1.035194433,
1978.692717344, 1.036425826,
1978.713149678, 1.034355460,
1978.733581813, 1.034524113,
1978.754014046, 1.036954277,
1978.774446380, 1.036214041,
1978.794878612, 1.036584908,
1978.815310745, 1.034396910,
1978.835743077, 1.034822943,
1978.856175308, 1.034783748,
1978.876607439, 1.037538021,
1978.917472000, 1.037004720,
1978.937904129, 1.035950574,
1978.958336458, 1.036172262,
1978.978768687, 1.035129657,
1978.999200815, 1.036424394,
1979.019633143, 1.035078327,
1979.060497497, 1.035802238,
1979.080929823, 1.033661171,
1979.101362049, 1.036884549,
1979.121794375, 1.036216194,
1979.142226500, 1.036450479,
1979.162658724, 1.035761121,
1979.183090948, 1.036966918,
1979.203523171, 1.036146612,
1979.223955394, 1.034388313,
1979.244387618, 1.035921112,
1979.264819840, 1.036816459,
1979.285252061, 1.034557477,
1979.305684282, 1.034629228,
1979.326116503, 1.034863015,
1979.346548724, 1.035400059,
1979.366981044, 1.037702000,
1979.387413163, 1.036020585,
1979.407845382, 1.034568681,
1979.428277701, 1.035375335,
1979.448709819, 1.034216895,
1979.469142037, 1.035691026,
1979.489574353, 1.034874527,
1979.510006470, 1.036350512,
1979.530438687, 1.036293021,
1979.550871002, 1.035481881,
1979.571303118, 1.037178487,
1979.591735432, 1.036170574,
1979.612167647, 1.036251305,
1979.632599861, 1.035156354,
1979.653032074, 1.036922713,
1979.673464287, 1.035666850,
1979.693896500, 1.035443000,
1979.714328712, 1.034691396,
1979.734760924, 1.034722436,
1979.755193135, 1.036432848,
1979.775625346, 1.035748423,
1979.796057556, 1.034829445,
1979.816489766, 1.035736228,
1979.836922076, 1.035040906,
1979.857354184, 1.035205725,
1979.877786393, 1.037139673,
1979.898218601, 1.034649298,
1979.918650809, 1.034538135,
1979.939083016, 1.035371368,
1979.959515223, 1.035799623,
1979.979947428, 1.033916805,
1980.000379634, 1.035590230,
1980.020811840, 1.037371317,
1980.041244044, 1.033969976,
1980.061676349, 1.035210713,
1980.082108453, 1.035021902,
1980.102540657, 1.035723114,
1980.122972960, 1.033751854,
1980.143405062, 1.033288147,
1980.163837264, 1.035820529,
1980.184269566, 1.034926097,
1980.204701767, 1.035134730,
1980.225133868, 1.035751582,
1980.245566169, 1.035046838,
1980.265998368, 1.034752720,
1980.286430468, 1.033650322,
1980.306862767, 1.034714499,
1980.327294965, 1.035318255,
1980.347727064, 1.035236087,
1980.368159361, 1.036365441,
1980.388591558, 1.033564252,
1980.409023655, 1.035954886,
1980.429455951, 1.034743837,
1980.449888148, 1.033583636,
1980.470320343, 1.035325522,
1980.490752538, 1.033312622,
1980.511184732, 1.033752163,
1980.531617027, 1.035803822,
1980.572481313, 1.033956686,
1980.592913606, 1.035166757,
1980.613345698, 1.035454400,
1980.633777890, 1.034154637,
1980.654210181, 1.035446482,
1980.674642272, 1.035748553,
1980.695074463, 1.033706876,
1980.715506753, 1.035376054,
1980.735938842, 1.033341858,
1980.756371032, 1.034196544,
1980.776803320, 1.033060701,
1980.797235408, 1.034662440,
1980.817667596, 1.034849007,
1980.838099884, 1.034374783,
1980.878964157, 1.032589671,
1980.899396443, 1.035465565,
1980.919828529, 1.033854672,
1980.940260714, 1.035402622,
1980.960692998, 1.035210893,
1980.981125083, 1.035442689,
1981.042421733, 1.034190232,
1981.062853915, 1.032581682,
1981.083286097, 1.033394143,
1981.103718279, 1.035156202,
1981.124150460, 1.035326353,
1981.144582641, 1.034913742,
1981.165014821, 1.036897922,
1981.185447101, 1.033659283,
1981.205879180, 1.035371320,
1981.226311359, 1.036335050,
1981.246743637, 1.033980448,
1981.267175715, 1.035297173,
1981.287607893, 1.035318126,
1981.308040170, 1.033581550,
1981.328472247, 1.036478395,
1981.348904423, 1.033771358,
1981.369336699, 1.033985758,
1981.389768774, 1.033033634,
1981.410200949, 1.034889067,
1981.430633123, 1.033111607,
1981.451065298, 1.036064937,
1981.471497571, 1.035020152,
1981.594090603, 1.033375301,
1981.614522774, 1.036344929,
1981.634954844, 1.048979785,
1981.655387114, 1.031932930,
1981.675819283, 1.034680618,
1981.696251352, 1.033989523,
1981.716683620, 1.034864490,
1981.737115788, 1.034991573,
1981.757547856, 1.032521443,
1981.777980122, 1.035549513,
1981.798412289, 1.034255414,
1981.818844355, 1.035011638,
1981.839276621, 1.032536365,
1981.859708786, 1.032138930,
1981.880140951, 1.032163785,
1981.900573116, 1.034928057,
1981.921005279, 1.034670452,
1981.941437543, 1.033011881,
1981.961869606, 1.034374720,
1981.982301769, 1.034258847,
1982.002734031, 1.032327775,
1982.023166192, 1.033405990,
1982.043598254, 1.034379927,
1982.064030515, 1.033060492,
1982.084462675, 1.034634657,
1982.104894735, 1.033934201,
1982.125326995, 1.034147413,
1982.145759054, 1.033495919,
1982.166191213, 1.033977209,
1982.186623471, 1.031999823,
1982.207055529, 1.034631769,
1982.227487686, 1.035040914,
1982.247919943, 1.033770150,
1982.268352000, 1.033717065,
1982.288784156, 1.033297538,
1982.309216412, 1.032361474,
1982.329648467, 1.033002675,
1982.350080622, 1.033565351,
1982.370512876, 1.033272999,
1982.390945030, 1.032560729,
1982.411377183, 1.032307193,
1982.431809336, 1.033781498,
1982.452241489, 1.032993207,
1982.472673641, 1.032536287,
1982.493105793, 1.031804027,
1982.513537944, 1.031616219,
1982.533970195, 1.033468618,
1982.554402246, 1.031997841,
1982.574834396, 1.032405672,
1982.595266646, 1.034308028,
1982.615698695, 1.031361929,
1982.636130843, 1.033298426,
1982.656563092, 1.033171764,
1982.676995140, 1.032429228,
1982.697427287, 1.031958884,
1982.717859534, 1.033479475,
1982.738291581, 1.032506329,
1982.758723727, 1.033541398,
1982.799588018, 1.030983062,
1982.820020163, 1.032471173,
1982.840452407, 1.032437418,
1982.860884551, 1.032516157,
1982.881316695, 1.033013694,
1982.901748838, 1.031512935,
1982.922180881, 1.032978409,
1982.942613123, 1.031325694,
1982.983477306, 1.033040389,
1983.003909547, 1.033227325,
1983.024341688, 1.031744739,
1983.044773728, 1.032927474,
1983.065205968, 1.031558221,
1983.085638107, 1.033146516,
1983.106070146, 1.033259378,
1983.126502385, 1.032875468,
1983.146934522, 1.033102327,
1983.167366560, 1.032560232,
1983.187798797, 1.032241562,
1983.208230934, 1.032996520,
1983.228663070, 1.033936133,
1983.249095206, 1.033000131,
1983.269527341, 1.033301120,
1983.289959476, 1.033674769,
1983.310391611, 1.032585242,
1983.330823746, 1.034478683,
1983.351255979, 1.032111804,
1983.371688112, 1.031224818,
1983.392120145, 1.032607730,
1983.412552378, 1.030142611,
1983.432984510, 1.034574831,
1983.473848773, 1.033409441,
1983.494280903, 1.033247912,
1983.514712934, 1.031447947,
1983.535145164, 1.033417439,
1983.555577294, 1.029165913,
1983.576009323, 1.032082358,
1983.596441551, 1.033780271,
1983.616873680, 1.034518368,
1983.637305707, 1.035501718,
1983.657737935, 1.032743503,
1983.678169961, 1.033321957,
1983.698602188, 1.031974593,
1983.719034314, 1.033022908,
1983.739466340, 1.032578564,
1983.759898465, 1.033362092,
1983.780330690, 1.032279796,
1983.800762815, 1.032477851,
1983.821194939, 1.034182549,
1983.841627062, 1.029709883,
1983.862059185, 1.031776814,
1983.882491408, 1.030937504,
1983.902923431, 1.031809892,
1983.923355552, 1.031335650,
1983.943787774, 1.031803036,
1983.964219795, 1.033310504,
1983.984651916, 1.032087954,
1984.005084136, 1.033170395,
1984.025516156, 1.031206905,
1984.045948275, 1.032881298,
1984.066380494, 1.033697680,
1984.086812513, 1.031718463,
1984.107244631, 1.030646394,
1984.127676848, 1.031524911,
1984.148108866, 1.030661642,
1984.168540983, 1.030698306,
1984.188973200, 1.033431934,
1984.209405315, 1.034690749,
1984.229837331, 1.032352056,
1984.250269546, 1.032114661,
1984.270701661, 1.031505834,
1984.291133775, 1.031509105,
1984.311565890, 1.030513521,
1984.331998003, 1.030611383,
1984.352430216, 1.031884945,
1984.372862229, 1.031138100,
1984.393294241, 1.032159345,
1984.413726453, 1.032435283,
1984.495454896, 1.031515887,
1984.536319116, 1.033454802,
1984.556751224, 1.032144750,
1984.577183233, 1.031249317,
1984.597615441, 1.031364434,
1984.618047549, 1.032153362,
1984.638479656, 1.031837751,
1984.658911763, 1.033609163,
1984.679343870, 1.032386347,
1984.699775976, 1.033280881,
1984.720208181, 1.030880173,
1984.740640187, 1.032198662,
1984.761072392, 1.032800456,
1984.781504496, 1.029916860,
1984.801936500, 1.031155654,
1984.822368704, 1.032369296,
1984.842800806, 1.031822263,
1984.863232809, 1.030468859,
1984.883665012, 1.032504110,
1984.904097114, 1.031641269,
1985.006257618, 1.031549284,
1985.026689717, 1.032044284,
1985.047121816, 1.033924869,
1985.067553915, 1.031864334,
1985.087986013, 1.033247182,
1985.108418111, 1.034368922,
1985.128850208, 1.032537412,
1985.149282305, 1.033914284,
1985.169714302, 1.032662504,
1985.190146498, 1.031292842,
1985.210578593, 1.033045594,
1985.231010789, 1.033139565,
1985.251442784, 1.032528206,
1985.271874878, 1.030459650,
1985.292307073, 1.032440292,
1985.312739067, 1.029406183,
1985.333171160, 1.032499441,
1985.353603353, 1.032560450,
1985.374035345, 1.031954919,
1985.394467437, 1.031550458,
1985.455763711, 1.033310413,
1985.476195902, 1.032219904,
1985.496627892, 1.028978428,
1985.517059981, 1.032395464,
1985.537492171, 1.031127494,
1985.557924260, 1.031321147,
1985.578356248, 1.031376984,
1985.598788436, 1.031833406,
1985.619220524, 1.032067221,
1985.639652511, 1.032617127,
1985.660084698, 1.031712871,
1985.680516784, 1.032581835,
1985.700948970, 1.031764499,
1985.721380956, 1.030497177,
1985.741813041, 1.031163296,
1985.762245226, 1.028355166,
1985.782677210, 1.030660061,
1985.803109294, 1.031354515,
1985.823541478, 1.030080659,
1985.843973461, 1.031844233,
1985.864405544, 1.031749809,
1985.884837626, 1.031545760,
1985.946133871, 1.031267774,
1985.966565952, 1.031467278,
1985.986998032, 1.030229007,
1986.007430112, 1.031162616,
1986.027862192, 1.031872566,
1986.048294271, 1.031272401,
1986.068726449, 1.032531184,
1986.089158428, 1.031211988,
1986.109590506, 1.031546951,
1986.130022683, 1.029979861,
1986.150454660, 1.031017452,
1986.170886837, 1.030328140,
1986.191318914, 1.031487877,
1986.211750889, 1.030887385,
1986.232183065, 1.032361596,
1986.252615140, 1.029965183,
1986.273047115, 1.031912376,
1986.293479289, 1.032560656,
1986.313911363, 1.030697921,
1986.334343337, 1.031743013,
1986.354775510, 1.029976779,
1986.375207583, 1.031474241,
1986.395639655, 1.030802829,
1986.416071727, 1.029587488,
1986.436503798, 1.029033919,
1986.456935869, 1.032377142,
1986.477367940, 1.030725198,
1986.497800010, 1.032247957,
1986.518232081, 1.030606153,
1986.538664250, 1.032130122,
1986.559096219, 1.033024747,
1986.579528288, 1.032383558,
1986.599960356, 1.034255404,
1986.620392424, 1.035281898,
1986.681688626, 1.027907641,
1986.702120792, 1.031325916,
1986.722552758, 1.031300469,
1986.742984824, 1.029409365,
1986.763416989, 1.031724143,
1986.783848954, 1.031276928,
1986.804281018, 1.029311522,
1986.824713182, 1.030405375,
1986.845145146, 1.030022300,
1986.865577209, 1.030907651,
1986.947305558, 1.028238648,
1986.967737619, 1.031892336,
1986.988169580, 1.031467394,
1987.008601740, 1.032071635,
1987.029033800, 1.030137715,
1987.049465760, 1.031649502,
1987.069897919, 1.031777954,
1987.090329978, 1.032883607,
1987.110762137, 1.032700450,
1987.172058310, 1.031456456,
1987.192490267, 1.031461701,
1987.212922323, 1.031178659,
1987.233354479, 1.032336861,
1987.253786435, 1.032045666,
1987.274218490, 1.031452891,
1987.294650645, 1.031410396,
1987.315082600, 1.031210964,
1987.335514654, 1.030334421,
1987.355946808, 1.031374912,
1987.376378761, 1.032582799,
1987.396810814, 1.031124287,
1987.417242867, 1.030914075,
1987.437674919, 1.032174900,
1987.458106971, 1.030853233,
1987.478539123, 1.031409311,
1987.498971073, 1.028993600,
1987.519403224, 1.031915654,
1987.539835274, 1.030650007,
1987.560267224, 1.030955775,
1987.580699374, 1.030786194,
1987.601131423, 1.031558581,
1987.662427568, 1.032139162,
1987.682859516, 1.029365881,
1987.703291663, 1.031979246,
1987.723723709, 1.031459632,
1987.744155756, 1.031283829,
1987.764587802, 1.030365778,
1987.785019847, 1.031408836,
1987.805451893, 1.028690893,
1987.825883937, 1.031195037,
1987.846315982, 1.031161738,
1987.907612113, 1.030333620,
1987.928044156, 1.032367457,
1987.948476298, 1.029712454,
1987.968908240, 1.031328125,
1987.989340382, 1.030598740,
1988.009772424, 1.030851347,
1988.030204365, 1.028571232,
1988.050636505, 1.029965254,
1988.071068546, 1.029758269,
1988.091500485, 1.031813870,
1988.111932625, 1.030399955,
1988.132364564, 1.030416982,
1988.152796603, 1.030030390,
1988.173228741, 1.028556895,
1988.193660679, 1.030008308,
1988.214092716, 1.029841493,
1988.234524853, 1.032672511,
1988.254956790, 1.030839470,
1988.275388826, 1.029651241,
1988.295820962, 1.030094518,
1988.316252998, 1.028754388,
1988.336684933, 1.029456428,
1988.397981037, 1.030666699,
1988.418413170, 1.032352078,
1988.438845204, 1.029560442,
1988.459277336, 1.031323765,
1988.479709269, 1.029433922,
1988.500141302, 1.028699886,
1988.520573433, 1.030249237,
1988.541005364, 1.030289471,
1988.561437396, 1.029598875,
1988.581869526, 1.030871858,
1988.643165616, 1.030685218,
1988.663597545, 1.029772808,
1988.684029574, 1.029419345,
1988.704461702, 1.029533306,
1988.724893630, 1.030366466,
1988.745325658, 1.031101114,
1988.765757785, 1.029800278,
1988.786189812, 1.029761434,
1988.806621738, 1.031979778,
1988.827053864, 1.029690330,
1988.908781865, 1.030600933,
1988.929213989, 1.030150509,
1988.949646013, 1.030749360,
1988.970077937, 1.028754209,
1988.990510060, 1.030686115,
1989.010942083, 1.031323895,
1989.031374005, 1.030792105,
1989.051806127, 1.032740967,
1989.072238149, 1.029018068,
1989.092670070, 1.031110884,
1989.113102191, 1.030114877,
1989.133534211, 1.030158633,
1989.153966231, 1.028552547,
1989.174398251, 1.029716930,
1989.194830270, 1.031502249,
1989.215262289, 1.029065987,
1989.235694308, 1.030232453,
1989.256126326, 1.029758317,
1989.276558344, 1.029756091,
1989.296990461, 1.030756870,
1989.317422379, 1.030828326,
1989.378718427, 1.033925947,
1989.399150543, 1.030406085,
1989.419582558, 1.030065604,
1989.440014473, 1.030528956,
1989.460446587, 1.031418019,
1989.480878602, 1.030448834,
1989.501310515, 1.030391340,
1989.521742629, 1.031556853,
1989.542174642, 1.030452539,
1989.562606554, 1.031575258,
1989.583038667, 1.029083673,
1989.603470679, 1.028894872,
1989.623902590, 1.029566735,
1989.644334701, 1.029062549,
1989.664766712, 1.032025472,
1989.685198622, 1.029631399,
1989.705630733, 1.029372447,
1989.726062742, 1.028387486,
1989.746494652, 1.031771686,
1989.766926760, 1.031834483,
1989.787358769, 1.029664734,
1989.807790677, 1.028669580,
1989.869086900, 1.032710891,
1989.889518806, 1.029866074,
1989.909950813, 1.029938677,
1989.930382919, 1.030044287,
1989.950814824, 1.031040457,
1989.971246830, 1.031281836,
1989.991678934, 1.029816618,
1990.012110839, 1.030250444,
1990.032542843, 1.027709920,
1990.052974947, 1.028820209,
1990.073406850, 1.029873085,
1990.093838853, 1.030899818,
1990.114270956, 1.029838344,
1990.134702958, 1.030077882,
1990.155134860, 1.031630096,
1990.175566962, 1.029820149,
1990.195998963, 1.029163696,
1990.216430864, 1.030228480,
1990.236862964, 1.030961551,
1990.257294964, 1.033231775,
1990.277726964, 1.032828272,
1990.298158964, 1.031750561,
1990.359454960, 1.028164671,
1990.379886857, 1.031001083,
1990.400318955, 1.029458159,
1990.441182849, 1.028748916,
1990.461614946, 1.029381779,
1990.482046942, 1.030008876,
1990.502478937, 1.030067735,
1990.522910933, 1.030200267,
1990.543342928, 1.031236510,
1990.604638911, 1.029462425,
1990.625070904, 1.039634651,
1990.645502998, 1.030644272,
1990.665934890, 1.032366190,
1990.686366883, 1.031837695,
1990.706798975, 1.029247175,
1990.727230867, 1.029305132,
1990.747662958, 1.027754349,
1990.768094949, 1.028803971,
1990.788526840, 1.027965657,
1990.849822810, 1.029904540,
1990.870254899, 1.028370304,
1990.890686888, 1.029502024,
1990.911118776, 1.029063361,
1990.931550865, 1.029264083,
1990.951982853, 1.028881805,
1990.972414840, 1.030338901,
1990.992846827, 1.030460543,
1991.013278814, 1.029906711,
1991.033710800, 1.043044226,
1991.054142786, 1.030693130,
1991.074574772, 1.029847030,
1991.095006657, 1.028963604,
1991.115438742, 1.029892380,
1991.135870727, 1.028310601,
1991.156302811, 1.029403569,
1991.176734695, 1.030292660,
1991.197166678, 1.030390628,
1991.217598762, 1.029815355,
1991.238030644, 1.028814641,
1991.258462627, 1.029714638,
1991.278894709, 1.029752680,
1991.340190653, 1.027574023,
1991.360622534, 1.029393688,
1991.381054514, 1.030637227,
1991.401486594, 1.029260895,
1991.421918474, 1.028511104,
1991.442350453, 1.029403775,
1991.462782532, 1.029455385,
1991.483214510, 1.029826737,
1991.503646389, 1.028849577,
1991.524078466, 1.028664724,
1991.544510444, 1.029753851,
1991.564942321, 1.028362355,
1991.585374398, 1.027618130,
1991.605806374, 1.029574348,
1991.626238450, 1.030384939,
1991.646670326, 1.028268739,
1991.667102301, 1.029963953,
1991.687534377, 1.028896214,
1991.707966251, 1.030072343,
1991.728398225, 1.029135144,
1991.748830199, 1.028217569,
1991.769262173, 1.027492191,
1991.789694146, 1.028931392,
1991.810126119, 1.031586436,
1991.830558092, 1.029996797,
1991.850990064, 1.029162955,
1991.871422036, 1.029600013,
1991.891854007, 1.029637131,
1991.912285978, 1.030026035,
1991.932717949, 1.027980252,
1991.953149920, 1.027452206,
1991.973581890, 1.030423501,
1991.994013960, 1.029460786,
1992.014445829, 1.027759856,
1992.075741735, 1.027316723,
1992.096173803, 1.030168764,
1992.116605771, 1.027754842,
1992.137037638, 1.027491251,
1992.157469705, 1.028752005,
1992.198333538, 1.028022527,
1992.218765604, 1.027724287,
1992.239197569, 1.028244964,
1992.259629435, 1.030639164,
1992.300493464, 1.029533378,
1992.320925428, 1.027094553,
1992.341357392, 1.026635109,
1992.361789356, 1.027178045,
1992.382221319, 1.029299970,
1992.402653282, 1.029626432,
1992.423085244, 1.029016100,
1992.443517306, 1.028944181,
1992.463949268, 1.028258146,
1992.484381129, 1.027582952,
1992.504813190, 1.026807968,
1992.525245051, 1.028614114,
1992.545677012, 1.028573768,
1992.566109072, 1.026840836,
1992.586540931, 1.028969953,
1992.606972891, 1.028280384,
1992.647836808, 1.028168536,
1992.668268767, 1.030057708,
1992.688700825, 1.029626709,
1992.709132682, 1.029179456,
1992.729564640, 1.027147408,
1992.749996697, 1.028469102,
1992.811292565, 1.029198421,
1992.831724521, 1.028884208,
1992.852156476, 1.026009230,
1992.872588431, 1.028019315,
1992.893020386, 1.029343598,
1992.913452340, 1.028863215,
1992.933884294, 1.028327398,
1992.954316247, 1.028584472,
1992.974748301, 1.030347612,
1992.995180154, 1.028013670,
1993.015612106, 1.029030750,
1993.036044158, 1.028427332,
1993.056476010, 1.028513677,
1993.076907961, 1.027220879,
1993.097340013, 1.028583369,
1993.117771864, 1.029631985,
1993.138203814, 1.029325778,
1993.158635864, 1.028383429,
1993.179067714, 1.029716104,
1993.199499663, 1.030358349,
1993.219931713, 1.028090651,
1993.301659406, 1.029037574,
1993.322091453, 1.029476774,
1993.342523400, 1.028447107,
1993.362955247, 1.027819711,
1993.383387293, 1.028280533,
1993.403819240, 1.029367107,
1993.424251085, 1.029569693,
1993.444683131, 1.028294443,
1993.465115076, 1.028534715,
1993.485546921, 1.027464522,
1993.546842753, 1.028104397,
1993.567274796, 1.028433209,
1993.587706739, 1.027197073,
1993.608138582, 1.026933094,
1993.628570624, 1.027258860,
1993.649002566, 1.027508509,
1993.669434608, 1.026436600,
1993.689866450, 1.025998154,
1993.710298391, 1.028088406,
1993.730730432, 1.026883664,
1993.751162272, 1.028302257,
1993.771594212, 1.027594267,
1993.792026252, 1.028323934,
1993.812458191, 1.027681531,
1993.832890030, 1.025853227,
1993.853322069, 1.025663668,
1993.873754007, 1.026570236,
1993.894185845, 1.027205119,
1993.914617883, 1.027199027,
1993.935049820, 1.027384269,
1993.955481658, 1.029211092,
1993.975913694, 1.027759635,
1994.037209503, 1.026952871,
1994.057641338, 1.029710137,
1994.078073373, 1.026746841,
1994.098505308, 1.027346112,
1994.118937142, 1.026904003,
1994.139369176, 1.024147489,
1994.159801110, 1.026303903,
1994.180233044, 1.026539272,
1994.200664977, 1.029096198,
1994.221096909, 1.027299580,
1994.282392706, 1.025521220,
1994.302824637, 1.024981818,
1994.323256569, 1.028603583,
1994.343688499, 1.025640994,
1994.364120430, 1.025990923,
1994.384552460, 1.027729294,
1994.404984290, 1.027065099,
1994.425416219, 1.026873151,
1994.445848249, 1.027162289,
1994.466280077, 1.027234943,
1994.486712106, 1.025553065,
1994.507144034, 1.026113312,
1994.527575862, 1.027395440,
1994.548007890, 1.025294473,
1994.568439817, 1.025268939,
1994.588871644, 1.026214630,
1994.609303670, 1.027925118,
1994.629735596, 1.026291602,
1994.650167522, 1.027578355,
1994.670599448, 1.028024705,
1994.691031373, 1.023967577,
1994.711463198, 1.027139928,
1994.772758971, 1.026700718,
1994.793190995, 1.025781133,
1994.813622918, 1.028133902,
1994.834054741, 1.027973749,
1994.854486764, 1.027995676,
1994.874918686, 1.028064202,
1994.895350708, 1.026500308,
1994.915782530, 1.027309312,
1994.936214451, 1.028140420,
1994.956646472, 1.026451473,
1995.017942234, 1.024402340,
1995.038374053, 1.027140772,
1995.058805973, 1.025272471,
1995.079237992, 1.023622799,
1995.099669811, 1.028452078,
1995.120101729, 1.025668686,
1995.140533748, 1.023870536,
1995.160965565, 1.025930566,
1995.181397483, 1.025426300,
1995.201829500, 1.027010363,
1995.263125250, 1.025593434,
1995.283557166, 1.027057672,
1995.303989081, 1.025322449,
1995.324420997, 1.027239943,
1995.344852912, 1.025631029,
1995.365284826, 1.025778067,
1995.385716741, 1.025441846,
1995.406148655, 1.026782451,
1995.426580569, 1.027398298,
1995.447012482, 1.025518426,
1995.467444395, 1.027185687,
1995.487876308, 1.025908357,
1995.508308220, 1.027523914,
1995.528740032, 1.024906640,
1995.549172044, 1.023745746,
1995.569603956, 1.024440871,
1995.590035867, 1.027283450,
1995.610467778, 1.024818489,
1995.630899688, 1.026409729,
1995.651331598, 1.025676748,
1995.671763508, 1.027573303,
1995.753491145, 1.027142882,
1995.773923153, 1.026306928,
1995.794355061, 1.024897041,
1995.814786869, 1.027451375,
1995.835218876, 1.024881864,
1995.855650783, 1.025878374,
1995.876082590, 1.024940978,
1995.896514597, 1.025933633,
1995.916946503, 1.024002946,
1995.937378309, 1.024906758,
1995.998674024, 1.024392773,
1996.019106029, 1.027449926,
1996.039537933, 1.024156376,
1996.059969837, 1.025197607,
1996.080401741, 1.024614203,
1996.100833644, 1.024211698,
1996.121265547, 1.025660317,
1996.141697449, 1.024696496,
1996.162129352, 1.023677583,
1996.182561254, 1.024449102,
1996.202993156, 1.025792992,
1996.223425057, 1.025978694,
1996.243857058, 1.024311905,
1996.264288859, 1.024952805,
1996.284720760, 1.023745204,
1996.305152760, 1.022641080,
1996.325584560, 1.024070197,
1996.346016460, 1.023877315,
1996.366448459, 1.024154927,
1996.386880258, 1.025892992,
1996.407312156, 1.025824918,
1996.427744155, 1.022859365,
1996.489039848, 1.025942189,
1996.509471645, 1.025715779,
1996.529903642, 1.023653893,
1996.550335538, 1.025274937,
1996.570767435, 1.024069302,
1996.591199331, 1.023602744,
1996.611631226, 1.022501097,
1996.632063121, 1.022832110,
1996.652495016, 1.024857237,
1996.672926911, 1.024082747,
1996.734222593, 1.024654983,
1996.754654487, 1.022508346,
1996.775086480, 1.024543336,
1996.795518273, 1.027771134,
1996.815950165, 1.024378141,
1996.836382158, 1.025768084,
1996.856813949, 1.024746893,
1996.877245841, 1.025750875,
1996.897677732, 1.024497355,
1996.918109623, 1.026359165,
1996.979405295, 1.023778492,
1996.999837285, 1.024194784,
1997.020269074, 1.024296062,
1997.040700963, 1.023169337,
1997.061132952, 1.026622899,
1997.101996629, 1.024667890,
1997.122428617, 1.025217517,
1997.142860505, 1.024246590,
1997.163292292, 1.024970131,
1997.224587952, 1.025656870,
1997.245019939, 1.025447673,
1997.265451825, 1.026776013,
1997.285883610, 1.024112741,
1997.306315595, 1.024734831,
1997.326747480, 1.023935039,
1997.347179465, 1.023486123,
1997.367611249, 1.024626391,
1997.388043133, 1.026025130,
1997.408475117, 1.023340913,
1997.428906901, 1.025290263,
1997.449338784, 1.024878750,
1997.469770767, 1.025904644,
1997.490202549, 1.025709200,
1997.510634432, 1.024638704,
1997.531066414, 1.023947197,
1997.551498295, 1.023063803,
1997.571930077, 1.022528014,
1997.592362058, 1.022778027,
1997.612793839, 1.024986447,
1997.633225719, 1.022830906,
1997.653657699, 1.024593283,
1997.714953338, 1.023267579,
1997.735385117, 1.023179419,
1997.755817096, 1.023831101,
1997.776248974, 1.023714525,
1997.796680752, 1.024644319,
1997.817112730, 1.024561127,
1997.837544608, 1.022905413,
1997.857976385, 1.023943796,
1997.878408362, 1.023621189,
1997.898840238, 1.023169117,
1997.960135867, 1.023918932,
1997.980567742, 1.023926099,
1998.000999617, 1.024149982,
1998.021431492, 1.023176668,
1998.041863367, 1.023961944,
1998.062295341, 1.024370254,
1998.082727115, 1.024665454,
1998.103159089, 1.024258732,
1998.123590962, 1.024316625,
1998.144022735, 1.023968440,
1998.164454708, 1.023388907,
1998.184886581, 1.022259032,
1998.205318353, 1.023268749,
1998.225750325, 1.024186062,
1998.246182197, 1.023467027,
1998.266613968, 1.023176038,
1998.287045939, 1.022652408,
1998.307477810, 1.024474393,
1998.348341551, 1.023513306,
1998.368773321, 1.027342944,
1998.389205290, 1.024909506,
1998.450500797, 1.022959489,
1998.470932766, 1.023689205,
1998.491364634, 1.025463257,
1998.511796502, 1.023095980,
1998.532228370, 1.023642116,
1998.552660237, 1.022418904,
1998.573092204, 1.023057348,
1998.593523971, 1.021350717,
1998.613955837, 1.021962463,
1998.634387803, 1.021357324,
1998.695683400, 1.022474023,
1998.716115165, 1.022304181,
1998.736547030, 1.023767235,
1998.756978994, 1.025416801,
1998.777410758, 1.023893013,
1998.797842622, 1.024449942,
1998.818274586, 1.023940811,
1998.838706349, 1.023055569,
1998.859138212, 1.022720642,
1998.879570175, 1.023391149,
1998.900002037, 1.023572039,
1998.920433899, 1.025024515,
1998.940865761, 1.023721024,
1998.961297623, 1.022043917,
1998.981729484, 1.022541661,
1999.002161345, 1.023997747,
1999.022593206, 1.023158019,
1999.043025167, 1.021663559,
1999.063456927, 1.023389290,
1999.083888787, 1.023028441,
1999.104320646, 1.023604314,
1999.124752506, 1.023847329,
1999.186048082, 1.023370484,
1999.206479840, 1.024080601,
1999.226911798, 1.023184118,
1999.247343656, 1.022901606,
1999.267775613, 1.022922785,
1999.288207370, 1.020838663,
1999.308639227, 1.022444482,
1999.329071183, 1.024917886,
1999.349502939, 1.023066915,
1999.369934795, 1.022396840,
1999.390366751, 1.023191532,
1999.410798606, 1.022764594,
1999.431230362, 1.022352688,
1999.451662316, 1.024512959,
1999.472094171, 1.021127130,
1999.492525925, 1.023176754,
1999.512957879, 1.023383233,
1999.533389733, 1.020928357,
1999.553821486, 1.022659862,
1999.574253439, 1.024278409,
1999.594685292, 1.020834166,
1999.615117045, 1.022839731,
1999.676412801, 1.023239984,
1999.696844552, 1.023224423,
1999.717276404, 1.021154722,
1999.737708354, 1.021703180,
1999.758140105, 1.023736116,
1999.778571955, 1.023084769,
1999.799003905, 1.021930251,
1999.819435655, 1.022890804,
1999.839867505, 1.021654046,
1999.860299354, 1.020453814,
1999.921594900, 1.021185871,
1999.942026749, 1.023625737,
1999.962458596, 1.022725326,
1999.982890544, 1.022447397,
2000.003322291, 1.023705709,
2000.044186085, 1.021706065,
2000.064617832, 1.022473437,
2000.085049778, 1.021470482,
2000.105481624, 1.022751103,
2000.125913369, 1.022046970,
2000.146345315, 1.020224180,
2000.166777160, 1.021585268,
2000.187208905, 1.021689925,
2000.207640850, 1.022789992,
2000.228072694, 1.022021319,
2000.248504538, 1.024589834,
2000.268936381, 1.022409013,
2000.289368225, 1.022714658,
2000.309800068, 1.020985821,
2000.330231911, 1.021043386,
2000.350663754, 1.021837688,
2000.411959280, 1.022925337,
2000.432391222, 1.020414096,
2000.452823063, 1.022067262,
2000.473254804, 1.020528550,
2000.493686745, 1.019956265,
2000.514118586, 1.019151629,
2000.534550326, 1.022213256,
2000.554982266, 1.021562439,
2000.575414106, 1.021765827,
2000.595845845, 1.021138083,
2000.657141362, 1.024259227,
2000.677573300, 1.022367571,
2000.698005038, 1.021795103,
2000.718436876, 1.021967720,
2000.738868814, 1.024319888,
2000.759300551, 1.023248588,
2000.779732488, 1.023013861,
2000.800164325, 1.024694490,
2000.820596161, 1.021725761,
2000.841027998, 1.022242121,
2000.861459833, 1.021566833,
2000.881891669, 1.022314706,
2000.902323505, 1.021760746,
2000.922755340, 1.022450854,
2000.963619109, 1.022500387,
2000.984050844, 1.022331735,
2001.004482678, 1.019882625,
2001.024914611, 1.020577773,
2001.045346345, 1.021200777,
2001.065778179, 1.022254155,
2001.086210112, 1.022360459,
2001.147505609, 1.022420790,
2001.167937341, 1.022559790,
2001.188369273, 1.022320998,
2001.208801104, 1.022166079,
2001.229232935, 1.020060399,
2001.249664766, 1.022434081,
2001.270096497, 1.021697854,
2001.290528427, 1.021733447,
2001.310960258, 1.021854185,
2001.331392087, 1.022799490,
2001.351823817, 1.020552454,
2001.372255747, 1.019837902,
2001.392687576, 1.021348476,
2001.413119304, 1.021787248,
2001.433551233, 1.020537279,
2001.453983061, 1.021236030,
2001.474414789, 1.021462271,
2001.494846717, 1.023168623,
2001.515278545, 1.021202330,
2001.535710472, 1.019812004,
2001.556142199, 1.020363560,
2001.576574026, 1.022085120,
2001.637869504, 1.021542921,
2001.658301430, 1.019688162,
2001.678733156, 1.023060333,
2001.699164981, 1.023078710,
2001.719596906, 1.019504634,
2001.740028631, 1.022072360,
2001.760460455, 1.020286671,
2001.780892379, 1.020068145,
2001.801324203, 1.021644052,
2001.821755927, 1.022435687,
2001.842187850, 1.021451816,
2001.862619673, 1.019864053,
2001.883051596, 1.021781522,
2001.903483319, 1.019974725,
2001.923915141, 1.020257629,
2001.944347063, 1.020870428,
2001.964778785, 1.020459525,
2001.985210607, 1.021847118,
2002.005642428, 1.019928930,
2002.026074249, 1.021000593,
2002.046506070, 1.021471867,
2002.066937891, 1.020009218,
2002.128233351, 1.020776857,
2002.148665170, 1.020977352,
2002.169096990, 1.021704210,
2002.189528809, 1.020196524,
2002.209960627, 1.019029112,
2002.230392546, 1.019647354,
2002.250824264, 1.020988183,
2002.271256082, 1.019206588,
2002.291688000, 1.019816960,
2002.312119818, 1.020259792,
2002.332551535, 1.019805861,
2002.352983452, 1.020799522,
2002.373415269, 1.020260712,
2002.393846985, 1.022159077,
2002.414278902, 1.019540289,
2002.434710717, 1.020104540,
2002.455142433, 1.021199512,
2002.475574349, 1.020193436,
2002.496006164, 1.020264061,
2002.516437879, 1.020860788,
2002.536869794, 1.018565678,
2002.557301608, 1.019920367,
2002.639028964, 1.021436374,
2002.659460677, 1.020507520,
2002.679892490, 1.020727060,
2002.700324403, 1.018418871,
2002.720756116, 1.018708259,
2002.741187928, 1.018343436,
2002.761619740, 1.020512972,
2002.782051552, 1.019918866,
2002.802483363, 1.018496509,
2002.822915274, 1.020354339,
2002.843346986, 1.019813444,
2002.863778796, 1.019444913,
2002.884210707, 1.020375844,
2002.904642417, 1.020172876,
2002.925074227, 1.018978439,
2002.945506137, 1.019501982,
2002.965937847, 1.019894374,
2002.986369756, 1.020994556,
2003.006801565, 1.019139873,
2003.027233274, 1.020422820,
2003.047665182, 1.019014894,
2003.108960607, 1.022293527,
2003.129392414, 1.020324211,
2003.149824222, 1.018219822,
2003.170256029, 1.018901727,
2003.190687836, 1.018929554,
2003.211119642, 1.021008836,
2003.231551449, 1.019378983,
2003.251983255, 1.021507589,
2003.272415061, 1.017926768,
2003.292846966, 1.019666626,
2003.313278672, 1.021913639,
2003.333710577, 1.019844500,
2003.354142382, 1.020660438,
2003.374574086, 1.020909784,
2003.395005991, 1.018816310,
2003.415437795, 1.021428825,
2003.435869499, 1.020440900,
2003.456301403, 1.019708545,
2003.476733106, 1.020944210,
2003.497164909, 1.019656990,
2003.517596812, 1.017419917,
2003.538028515, 1.018858780,
2003.599323922, 1.019778452,
2003.619755724, 1.020446766,
2003.640187625, 1.019613589,
2003.660619426, 1.020595430,
2003.681051227, 1.020744928,
2003.701483028, 1.018437381,
2003.721914829, 1.020317571,
2003.742346629, 1.020055541,
2003.762778429, 1.019760283,
2003.783210229, 1.019309419,
2003.803642129, 1.019883749,
2003.824073828, 1.020309646,
2003.844505627, 1.019129517,
2003.864937526, 1.019733936,
2003.885369225, 1.018663729,
2003.905801023, 1.020494851,
2003.926232921, 1.020557219,
2003.946664620, 1.019273988,
2003.967096417, 1.019497011,
2003.987528315, 1.020743559,
2004.007960012, 1.019747102,
2004.028391909, 1.022786416,
2004.089687299, 1.018337364,
2004.110119095, 1.017480499,
2004.130550891, 1.015175945,
2004.150982686, 1.016579063,
2004.171414481, 1.019937387,
2004.191846277, 1.017826823,
2004.212278072, 1.018457477,
2004.232709866, 1.020545714,
2004.253141561, 1.017661822,
2004.273573455, 1.019478231,
2004.294005249, 1.016472105,
2004.314436942, 1.019939953,
2004.334868836, 1.017459351,
2004.355300629, 1.017338684,
2004.375732522, 1.017363327,
2004.396164215, 1.019646945,
2004.416596008, 1.019129354,
2004.437027900, 1.019979748,
2004.457459592, 1.017981588,
2004.477891384, 1.019489012,
2004.498323276, 1.020343803,
2004.518754967, 1.021264735,
2004.580050340, 1.019839799,
2004.600482131, 1.018881315,
2004.620914021, 1.021096744,
2004.641345811, 1.018889660,
2004.661777500, 1.018670663,
2004.682209390, 1.018813587,
2004.702641179, 1.015334909,
2004.723072969, 1.016780368,
2004.743504758, 1.018806915,
2004.763936546, 1.019143715,
2004.825231911, 1.016582025,
2004.845663698, 1.018892066,
2004.866095486, 1.018197187,
2004.886527273, 1.017844429,
2004.906959060, 1.019406580,
2004.927390847, 1.018836210,
2004.947822634, 1.017316512,
2004.968254420, 1.018913525,
2004.988686206, 1.017684711,
2005.009117992, 1.017662980,
2005.029549778, 1.017452716,
2005.049981563, 1.018912696,
2005.070413448, 1.018283508,
2005.090845134, 1.017154797,
2005.111276918, 1.017787560,
2005.131708803, 1.015963435,
2005.152140587, 1.019674774,
2005.172572271, 1.016554365,
2005.193004155, 1.017091630,
2005.213435939, 1.017103044,
2005.233867622, 1.015606209,
2005.254299506, 1.018125310,
2005.295162971, 1.018109127,
2005.315594854, 1.018222495,
2005.336026636, 1.019008797,
2005.356458318, 1.018853838,
2005.376890200, 1.018478508,
2005.397321982, 1.016714919,
2005.417753863, 1.016253133,
2005.438185545, 1.019531697,
2005.458617326, 1.018118763,
2005.479049206, 1.018935600,
2005.499480887, 1.016919271,
2005.519912667, 1.016196915,
2005.540344547, 1.016908738,
2005.560776227, 1.018134993,
2005.581208007, 1.017952340,
2005.601639886, 1.016835855,
2005.622071565, 1.016731550,
2005.642503344, 1.018138072,
2005.662935123, 1.016697076,
2005.683366902, 1.015987119,
2005.703798680, 1.017108980,
2005.724230558, 1.016817648,
2005.744662236, 1.018280333,
2005.805957569, 1.017390340,
2005.826389446, 1.016914159,
2005.846821222, 1.016993976,
2005.867252899, 1.015018929,
2005.887684775, 1.016106887,
2005.908116551, 1.015690552,
2005.928548227, 1.014971215,
2005.948980103, 1.018628947,
2005.969411879, 1.017223779,
2005.989843654, 1.017291444,
2006.010275429, 1.015837079,
2006.030707204, 1.016218009,
2006.051138978, 1.015660910,
2006.071570753, 1.016592252,
2006.092002527, 1.015939785,
2006.112434401, 1.017355323,
2006.132866075, 1.015018015,
2006.153297848, 1.015510500,
2006.173729722, 1.016724708,
2006.194161495, 1.014944756,
2006.214593168, 1.016661184,
2006.235025040, 1.016823584,
2006.255456813, 1.014489507,
2006.275888485, 1.017514017,
2006.296320357, 1.018430080,
2006.316752129, 1.015088037,
2006.337183801, 1.016923231,
2006.357615672, 1.017483299,
2006.378047343, 1.015043727,
2006.398479114, 1.017295507,
2006.418910985, 1.015130090,
2006.439342656, 1.017006401,
2006.459774526, 1.016693701,
2006.480206296, 1.017693549,
2006.541501605, 1.017640166,
2006.561933375, 1.017917759,
2006.582365144, 1.015668515,
2006.602796912, 1.016723595,
2006.623228681, 1.016728145,
2006.643660550, 1.016433120,
2006.664092218, 1.014874382,
2006.684523986, 1.016024692,
2006.704955854, 1.017400901,
2006.725387521, 1.016068242,
2006.745819289, 1.016453197,
2006.766251156, 1.016217930,
2006.786682823, 1.015107448,
2006.807114690, 1.016626236,
2006.827546456, 1.013968303,
2006.847978122, 1.014984267,
2006.868409989, 1.016509014,
2006.888841754, 1.017904773,
2006.909273420, 1.013960933,
2006.929705286, 1.016010245,
2006.950137051, 1.015376040,
2006.970568716, 1.015859492,
2007.031864110, 1.014983080,
2007.052295875, 1.016117609,
2007.072727639, 1.015509250,
2007.093159403, 1.018127114,
2007.113591166, 1.015480628,
2007.134022930, 1.015271183,
2007.154454693, 1.014720818,
2007.174886456, 1.016920957,
2007.195318219, 1.015657097,
2007.215750081, 1.015354783,
2007.236181744, 1.016813954,
2007.256613506, 1.015370314,
2007.277045368, 1.016917829,
2007.297477030, 1.016198080,
2007.317908791, 1.015982302,
2007.338340653, 1.014558165,
2007.358772314, 1.015517951,
2007.379204075, 1.014897818,
2007.399635936, 1.016404543,
2007.420067596, 1.016323939,
2007.440499457, 1.016507375,
2007.460931217, 1.015222778,
2007.522226496, 1.014156720,
2007.542658256, 1.016416604,
2007.563090015, 1.014958850,
2007.583521774, 1.014131794,
2007.603953533, 1.015207237,
2007.624385391, 1.015657299,
2007.644817050, 1.015333641,
2007.665248808, 1.013989361,
2007.685680666, 1.014433098,
2007.706112324, 1.013769226,
2007.726544081, 1.015367843,
2007.746975839, 1.014725829,
2007.767407596, 1.015418228,
2007.787839453, 1.015939906,
2007.808271209, 1.015762567,
2007.828702866, 1.014172287,
2007.849134722, 1.016229583,
2007.869566379, 1.012731732,
2007.889998135, 1.014422402,
2007.910429990, 1.014845991,
2007.930861646, 1.014451684,
2007.951293401, 1.015889870,
2007.971725257, 1.014099732,
2007.992156911, 1.017633104,
2008.012588666, 1.013492796,
2008.033020521, 1.014515998,
2008.053452275, 1.014417248,
2008.073883930, 1.014022174,
2008.094315784, 1.014685662,
2008.114747537, 1.014587764,
2008.135179291, 1.012638925,
2008.155611044, 1.016277501,
2008.176042798, 1.015801588,
2008.196474651, 1.014575033,
2008.257769909, 1.015245431,
2008.278201561, 1.013269801,
2008.298633313, 1.014076447,
2008.319065165, 1.015130771,
2008.339496817, 1.013960799,
2008.359928568, 1.013034396,
2008.380360419, 1.013377886,
2008.400792070, 1.013299091,
2008.421223821, 1.013361257,
2008.441655672, 1.014692035,
2008.523382673, 1.014879815,
2008.543814423, 1.014143124,
2008.564246172, 1.015964671,
2008.584677822, 1.014776977,
2008.605109671, 1.015027309,
2008.625541420, 1.015025926,
2008.645973069, 1.013671138,
2008.666404917, 1.015935679,
2008.686836665, 1.015206679,
2008.707268314, 1.014126965,
2008.727700162, 1.011406875,
2008.748131910, 1.013558926,
2008.768563757, 1.016478952,
2008.788995405, 1.014585911,
2008.809427152, 1.016767565,
2008.829858999, 1.013733530,
2008.850290646, 1.013650633,
2008.870722393, 1.014411615,
2008.891154239, 1.013135243,
2008.911585885, 1.012941938,
2008.932017631, 1.011049616,
2008.952449477, 1.013706119,
2008.972881123, 1.013083330,
2008.993312869, 1.012189250,
2009.013744714, 1.013371247,
2009.034176459, 1.014802210,
2009.054608104, 1.012948702,
2009.075039949, 1.013457452,
2009.095471694, 1.013469569,
2009.115903438, 1.013699912,
2009.136335182, 1.014007009,
2009.156766927, 1.014052508,
2009.177198770, 1.011279118,
2009.238493901, 1.013406843,
2009.258925644, 1.012237344,
2009.279357287, 1.011935338,
2009.299789130, 1.013621820,
2009.320220873, 1.013666982,
2009.340652515, 1.014569494,
2009.361084357, 1.013240815,
2009.381516099, 1.012627912,
2009.401947941, 1.011878225,
2009.422379583, 1.011876579,
2009.442811325, 1.013134178,
2009.463243166, 1.012793307,
2009.483674807, 1.012110901,
2009.504106548, 1.011908097,
2009.524538389, 1.013354039,
2009.544970129, 1.012931895,
2009.565401770, 1.013970952,
2009.585833610, 1.013098378,
2009.606265350, 1.012903874,
2009.626696990, 1.013019977,
2009.647128830, 1.013180241,
2009.667560569, 1.014058580,
2009.687992208, 1.015114603,
2009.708424047, 1.014815396,
2009.728855786, 1.013117459,
2009.749287625, 1.012682864,
2009.769719264, 1.010175192,
2009.790151002, 1.014058682,
2009.810582840, 1.012544881,
2009.851446216, 1.010402736,
2009.871877954, 1.013481358,
2009.892309692, 1.013201070,
2009.912741429, 1.012261862,
2009.974036640, 1.011377963,
2009.994468377, 1.012273232,
2010.014900113, 1.011150546,
2010.035331850, 1.010277880,
2010.055763585, 1.011558212,
2010.076195321, 1.010623948,
2010.096627157, 1.012689691,
2010.117058893, 1.010778158,
2010.137490528, 1.011958439,
2010.157922363, 1.012208543,
2010.178354098, 1.011776378,
2010.198785733, 1.010654381,
2010.219217568, 1.011255704,
2010.239649303, 1.010315179,
2010.260080937, 1.009945222,
2010.280512771, 1.010478997,
2010.300944505, 1.010651318,
2010.321376139, 1.010919478,
2010.341807973, 1.011267619,
2010.362239706, 1.010828904,
2010.382671539, 1.010415358,
2010.403103173, 1.010088668,
2010.464398371, 1.010116323,
2010.484830103, 1.012120825,
2010.505261936, 1.013199965,
2010.546125300, 1.012218898,
2010.566557131, 1.010683262,
2010.586988863, 1.011057668,
2010.607420494, 1.009143178,
2010.627852325, 1.008511239,
2010.648284057, 1.012221150,
2010.668715688, 1.011304107,
2010.689147518, 1.011054259,
2010.709579149, 1.012636957,
2010.730010979, 1.011528603,
2010.750442709, 1.009023649,
2010.770874339, 1.012090868,
2010.791306169, 1.011371445,
2010.811737899, 1.010679928,
2010.832169528, 1.011070634,
2010.852601358, 1.007884284,
2010.873033087, 1.009504347,
2010.913896545, 1.008349299,
2010.934328274, 1.011812743,
2010.954760002, 1.010710152,
2010.975191731, 1.012554389,
2010.995623459, 1.007898882,
2011.016055287, 1.010946173,
2011.036487015, 1.009149319,
2011.056918642, 1.009287103,
2011.077350470, 1.009373841,
2011.097782197, 1.010354342,
2011.118213825, 1.009976402,
2011.138645651, 1.010717164,
2011.179509005, 1.009307537,
2011.199940832, 1.008932499,
2011.220372558, 1.010289781,
2011.240804184, 1.010199575,
2011.261236010, 1.009678026,
2011.281667736, 1.012175155,
2011.302099362, 1.009218821,
2011.322531187, 1.011048564,
2011.342962913, 1.007604990,
2011.363394638, 1.009507770,
2011.383826363, 1.007541892,
2011.445121537, 1.007860506,
2011.465553261, 1.010292978,
2011.485984986, 1.008676091,
2011.506416710, 1.008623660,
2011.526848434, 1.010326615,
2011.547280257, 1.009036977,
2011.567711881, 1.008818255,
2011.588143604, 1.009920582,
2011.608575428, 1.009267474,
2011.629007051, 1.010095695,
2011.649438874, 1.009909501,
2011.669870596, 1.008419051,
2011.690302219, 1.008275560,
2011.710734042, 1.010390642,
2011.731165764, 1.008940018,
2011.751597386, 1.008958589,
2011.772029208, 1.009828657,
2011.792460930, 1.009690173,
2011.812892551, 1.009427925,
2011.833324373, 1.009563662,
2011.853756094, 1.010344595,
2011.874187815, 1.008385515,
2011.894619536, 1.008789086,
2011.915051257, 1.008977581,
2011.935483078, 1.007131401,
2011.955914698, 1.008238902,
2011.976346419, 1.008069704,
2011.996778239, 1.008570018,
2012.017209959, 1.007065640,
2012.037641579, 1.006888914,
2012.058073399, 1.006990219,
2012.078505019, 1.011996970,
2012.098936738, 1.009636158,
2012.119368557, 1.007718345,
2012.139800176, 1.009380232,
2012.160231895, 1.005050774,
2012.180663714, 1.007522046,
2012.201095333, 1.009077523,
2012.221527051, 1.008733427,
2012.241958870, 1.008495572,
2012.262390488, 1.005196942,
2012.282822306, 1.008354286,
2012.303254024, 1.006888167,
2012.323685642, 1.005246347,
2012.344117459, 1.008034217,
2012.364549177, 1.007388105,
2012.425844328, 1.008854185,
2012.446276045, 1.009921942,
2012.466707761, 1.009369400,
2012.487139478, 1.007943110,
2012.507571194, 1.009412349,
2012.528002911, 1.009780974,
2012.548434626, 1.008489808,
2012.568866442, 1.010588031,
2012.589298158, 1.007115394,
2012.609729774, 1.007848210,
2012.630161589, 1.008062004,
2012.650593304, 1.005701521,
2012.671024920, 1.008395342,
2012.691456735, 1.007456973,
2012.711888450, 1.007479143,
2012.732320064, 1.007725421,
2012.752751879, 1.006919181,
2012.773183593, 1.007777643,
2012.793615207, 1.008312616,
2012.814047021, 1.007557201,
2012.834478735, 1.011279864,
2012.854910449, 1.007376972,
2012.916205590, 1.007189357,
2012.936637303, 1.007734526,
2012.957069016, 1.008125983,
2012.977500729, 1.007188087,
2012.997932442, 1.009327337,
2013.018364154, 1.008634286,
2013.038795867, 1.007640326,
2013.059227579, 1.008450360,
2013.079659291, 1.007149866,
2013.100091103, 1.007080520,
2013.120522715, 1.007322935,
2013.140954527, 1.007763223,
2013.161386238, 1.007701702,
2013.181817850, 1.007071946,
2013.202249661, 1.009240287,
2013.222681372, 1.007168138,
2013.243112983, 1.008986357,
2013.263544794, 1.006649999,
2013.283976505, 1.007166542,
2013.304408115, 1.006750659,
2013.324839926, 1.006616272,
2013.345271636, 1.005484798,
2013.365703246, 1.005518873,
2013.386135056, 1.006273940,
2013.406566766, 1.005839825,
2013.426998476, 1.006205798,
2013.447430185, 1.008630177,
2013.467861895, 1.007111490,
2013.488293604, 1.004975775,
2013.508725313, 1.006764544,
2013.529157022, 1.006616514,
2013.549588731, 1.004413216,
2013.570020440, 1.006319031,
2013.590452148, 1.006374820,
2013.610883957, 1.006282430,
2013.631315565, 1.005040173,
2013.651747273, 1.005347832,
2013.672179081, 1.006108998,
2013.692610689, 1.006449524,
2013.713042397, 1.006823022,
2013.733474204, 1.005601181,
2013.753905812, 1.006863237,
2013.774337619, 1.004151820,
2013.794769326, 1.006342978,
2013.815200933, 1.003768498,
2013.835632740, 1.005249851,
2013.896927860, 1.003712365,
2013.917359566, 1.006071735,
2013.937791273, 1.005844830,
2013.958222979, 1.006958011,
2013.978654684, 1.004458025,
2013.999086390, 1.005967304,
2014.019518096, 1.004178522,
2014.039949802, 1.004675313,
2014.060381607, 1.005057232,
2014.080813312, 1.004714209,
2014.101244917, 1.005929562,
2014.121676722, 1.004708154,
2014.142108427, 1.005638808,
2014.162540031, 1.003835766,
2014.182971836, 1.005486062,
2014.203403541, 1.004261741,
2014.223835145, 1.003519995,
2014.244266949, 1.005375269,
2014.264698553, 1.004172845,
2014.285130257, 1.003177407,
2014.305562061, 1.003401537,
2014.325993664, 1.004669087,
2014.346425468, 1.002376821,
2014.366857171, 1.003276070,
2014.387288774, 1.004463227,
2014.407720577, 1.004579409,
2014.428152280, 1.003452459,
2014.448583983, 1.004545723,
2014.469015686, 1.003562946,
2014.489447388, 1.003656668,
2014.509879091, 1.005820971,
2014.530310793, 1.004280703,
2014.550742495, 1.002909980,
2014.571174197, 1.005089124,
2014.591605999, 1.002794853,
2014.612037601, 1.003336754,
2014.632469402, 1.001990701,
2014.652901104, 1.003397546,
2014.673332705, 1.004481705,
2014.693764506, 1.003347600,
2014.714196207, 1.001662777,
2014.734627808, 1.002901985,
2014.755059609, 1.003220618,
2014.775491310, 1.003027006,
2014.795922911, 1.003512891,
2014.816354711, 1.003636826,
2014.877649812, 0.998162149,
2014.898081511, 1.001981086,
2014.918513211, 1.001098943,
2014.938944911, 1.003550031,
2014.959376610, 1.002586188,
2014.979808310, 1.001798914,
2017.860677347, 0.996013628,
2017.881109130, 0.998177392,
2017.901540713, 0.996852656,
2017.921972397, 0.997878059,
2017.942404180, 0.997065101,
2017.962835763, 0.998147609,
2017.983267446, 1.000164789,
2018.003699228, 0.998213005,
2018.024130811, 0.996823018,
2018.044562494, 0.999347119,
2018.064994276, 0.999575643,
2018.085425859, 0.997568679,
2018.105857641, 0.994946278,
2018.126289323, 0.998687810,
2018.146721005, 0.996777891,
2018.167152687, 0.998692275,
2018.187584369, 0.998258090,
2018.208016051, 0.997793610,
2018.228447733, 0.997590314,
2018.248879414, 0.998593629,
2018.269311096, 0.996495998,
2018.289742877, 0.996067302,
2018.310174458, 0.998119559,
2018.330606140, 0.995082794,
2018.351037921, 0.996711614,
2018.371469502, 0.998674839,
2018.391901283, 0.996263236,
2018.412332964, 0.997737560,
2018.432764545, 0.996351550,
2018.473628006, 0.997697833,
2018.494059586, 0.996756841,
2018.514491367, 0.998789485,
2018.534922947, 0.997443028,
2018.555354627, 0.996857680,
2018.575786407, 0.997592973,
2018.596217987, 0.996985844,
2018.616649767, 0.997943981,
2018.637081447, 0.996061883,
2018.657513127, 0.997171887,
2018.677944807, 0.996897667,
2018.698376486, 0.995640022,
2018.718808166, 0.997600625,
2018.739239845, 0.994983347,
2018.800534983, 0.997410491,
2018.820966562, 0.997811183,
2018.841398341, 0.995688686,
2018.861830020, 0.997799864,
2018.882261599, 0.996902486,
2018.902693377, 0.997255915,
2018.923125056, 0.996958618,
2018.943556634, 1.000134930,
2018.963988413, 0.996839482,
2018.984420091, 0.999015553,
2019.004851669, 0.996702056,
2019.025283448, 0.996988034,
2019.045715126, 0.997261272,
2019.066146704, 0.996835866,
2019.086578482, 0.995860374,
2019.107010160, 0.997164404,
2019.127441837, 0.997980605,
2019.147873515, 0.996665883,
2019.168305192, 0.997716638,
2019.188736870, 0.998915779,
2019.209168547, 0.997143201,
2019.229600225, 0.996303475,
2019.250031902, 0.999302809,
2019.270463579, 0.997684989,
2019.290895256, 0.997692952,
2019.311326933, 0.996426376,
2019.331758610, 0.997717518,
2019.352190387, 0.997198977,
2019.372622064, 0.997879591,
2019.393053640, 0.998066091,
2019.413485417, 0.999081929,
2019.433917093, 0.996463571,
2019.454348670, 0.999830537,
2019.474780446, 0.997918912,
2019.495212122, 0.997275981,
2019.515643698, 0.997976212,
2019.536075474, 0.998396793,
2019.556507150, 0.997308102,
2019.576938726, 0.996770106,
2019.597370502, 0.998410964,
2019.617802178, 1.000204459,
2019.638233954, 0.998141324,
2019.658665529, 0.997585238,
2019.679097205, 0.999476069,
2019.699528980, 1.000318542,
2019.719960555, 0.998168135,
2019.781255681, 0.998094503,
2019.801687256, 0.997442627,
2019.822119031, 0.999033097,
2019.842550706, 1.000246849,
2019.862982381, 0.999199271,
2019.883414055, 1.000513165,
2019.903845630, 0.998460818,
2019.924277404, 0.998546129,
2019.944709079, 0.997324544,
2019.965140653, 0.996969078,
2019.985572428, 0.999302819,
2020.006004102, 0.997754934,
2020.026435676, 0.999231159,
2020.046867450, 0.999126078,
2020.067299124, 0.997188029,
2020.087730698, 0.997269955,
2020.108162472, 0.998043178,
2020.128594146, 0.998024025,
2020.149025919, 0.997090153,
2020.169457493, 0.998143769,
2020.189889167, 0.997411792,
2020.210320940, 0.997464238,
2020.230752513, 0.996086385,
2020.251184187, 0.996969502,
2020.271615960, 0.998880408,
2020.292047633, 0.997838561,
2020.312479206, 0.997697456,
2020.332910979, 0.998757694,
2020.353342652, 0.997490360,
2020.373774325, 0.998275114,
2020.394205998, 0.995817139,
2020.414637671, 0.995424235,
2020.435069443, 0.997159121,
2020.455501016, 0.996091588,
2020.475932689, 0.997294342,
2020.496364361, 0.995358376,
2020.516796033, 0.996911401,
2020.537227706, 0.997493537,
2020.557659378, 0.997529056,
2020.578091050, 0.997236704,
2020.598522722, 0.998490369,
2020.618954394, 0.996833437,
2020.639386066, 0.996062054,
2020.659817838, 0.997666827,
2020.680249410, 0.997440149,
2020.700681082, 0.998056763,
2020.721112853, 0.996691057,
2020.741544425, 0.998755712,
2020.761976097, 0.997307961,
2020.782407868, 0.998053754,
2020.802839539, 0.995498947,
2020.823271111, 0.996526843,
2020.843702882, 0.995735577,
2020.864134553, 0.997145096,
2020.884566224, 0.998609136,
2020.904997895, 0.995883396,
2020.925429566, 0.997126594,
2020.945861237, 0.997137762,
2020.986724579, 0.996763728,
2021.007156350, 0.995880341,
2021.027587920, 0.997352432,
2021.048019591, 0.997425595,
2021.068451361, 0.996571523,
2021.088882932, 0.995485326,
2021.109314602, 0.996347320,
2021.129746373, 0.996150147,
2021.150177943, 0.997690744,
2021.170609713, 0.997967932,
2021.191041383, 0.996644854,
2021.211472953, 0.993797507,
2021.231904723, 0.996133247,
2021.252336393, 0.997323098,
2021.272767963, 0.996991027,
2021.293199733, 0.996539457,
2021.313631303, 0.996074902,
2021.334062972, 0.998193641,
2021.354494742, 0.998246223,
2021.374926411, 0.998125763,
2021.395358081, 0.997505699,
2021.415789750, 0.997854615,
2021.436221420, 0.996239287,
2021.456653089, 0.997605259,
2021.477084758, 0.996938135,
2021.497516427, 0.997912575,
2021.517948197, 0.997474957,
2021.538379766, 0.997891100,
2021.558811435, 0.996567349,
2021.579243203, 0.996591608,
2021.599674772, 0.998128183,
2021.620106541, 0.998329994,
2021.640538210, 0.996556558,
2021.660969779, 0.997636193,
2021.681401547, 0.997683011,
2021.722264784, 0.997053051,
2021.742696553, 0.997602068,
2021.763128221, 0.996585013,
2021.783559789, 0.997326740,
2021.803991558, 0.997629892,
2021.824423226, 0.997794258,
2021.844854894, 0.996859286,
2021.865286562, 0.997108724,
2021.885718230, 0.996818890,
2021.906149898, 0.996711213,
2021.926581566, 0.997202866,
2021.947013234, 0.998387964,
2021.967444902, 0.996094834,
2021.987876570, 0.997076994,
2022.008308237, 0.996161345,
2022.028740005, 0.996386143,
2022.049171572, 1.012786777,
2022.069603240, 0.996811211,
2022.090035007, 0.996560368,
2022.110466575, 0.996588277,
2022.130898342, 0.998752180,
2022.151330009, 0.996162724,
2022.171761577, 0.995222241,
2022.192193344, 0.996894567,
2022.212625011, 0.996155333,
2022.233056578, 0.996517347,
2022.253488345, 0.996295221,
2022.273920012, 0.996476523,
2022.294351579, 0.995923381,
2022.314783346, 0.997009853,
2022.335215013, 0.995906106,
2022.355646780, 0.995217892,
2022.376078346, 0.995774344,
2022.396510013, 0.996215122,
2022.416941779, 0.996079790,
2022.478236779, 0.995098713,
2022.498668445, 0.999146659,
2022.519100012, 0.994501846,
2022.539531778, 0.995793485,
2022.559963444, 0.996191561,
2022.580395010, 0.996309501,
2022.600826777, 0.996233980,
2022.621258443, 0.996297033,
2022.641690109, 0.997039084,
2022.662121775, 0.997407575,
2022.682553341, 0.994835157,
2022.702985107, 0.994990772,
2022.723416772, 0.997167988,
2022.743848338, 0.996113737,
2022.764280104, 0.996544070,
2022.784711770, 0.995345217,
2022.805143335, 0.996222698,
2022.825575101, 0.996303765,
2022.846006766, 0.994691077,
2022.866438532, 0.994793738,
2022.886870097, 0.995546656,
2022.907301763, 0.994794231,
2022.927733528, 0.993857363,
2022.948165093, 0.998259013,
2022.968596759, 0.995384950,
2022.989028524, 0.995964569,
2023.009460189, 0.993016006,
2023.029891754, 0.993729304,
2023.050323519, 0.992953796,
2023.070755184, 0.993536951,
2023.091186849, 0.993774376,
2023.111618514, 0.993189218,
2023.132050179, 0.992571548,
2023.152481944, 0.994561477,
2023.193345173, 0.995208602,
2023.213776938, 0.994485119,
2023.234208503, 0.995633635,
2023.254640167, 0.994970521,
2023.275071932, 0.993724018,
2023.295503496, 0.995905376,
2023.315935161, 0.995568161,
2023.336366925, 0.993983863,
2023.356798490, 0.994435944,
2023.377230254, 0.994244850,
2023.397661818, 0.995309597,
2023.438525247, 0.995512403,
2023.458956811, 0.994001552,
2023.479388475, 0.994360828,
2023.499820239, 0.995331387,
2023.520251904, 0.995953785,
2023.540683468, 0.996704482,
2023.561115232, 0.995971816,
2023.581546896, 0.993317322,
2023.601978560, 0.995071992,
2023.622410224, 0.995682825,
2023.642841887, 0.993906734,
2023.724568642, 0.993305717,
2023.745000206, 0.993355398,
2023.765431869, 0.993888434,
2023.785863633, 0.993832343,
2023.806295197, 0.992918960,
2023.826726960, 0.992821034,
2023.847158623, 0.993894371,
2023.867590187, 0.994268515,
2023.888021950, 0.995205748,
2023.908453613, 0.993150621,
2023.928885177, 0.993208692,
2023.949316940, 0.992250005,
2023.969748603, 0.992396893,
2023.990180266, 0.993540340,
2024.010611929, 0.991472153,
2024.031043593, 0.994197242,
2024.051475256, 0.993797690,
2024.071906919, 0.991811719,
2024.092338582, 0.994776358,
2024.112770245, 0.996367062,
2024.133201907, 0.993753261,
2024.174065233, 0.992981129,
2024.194496896, 0.992964392,
2024.214928559, 0.993305685,
2024.235360322, 0.993601255,
2024.255791884, 0.992859317,
2024.276223647, 0.992924285,
2024.296655310, 0.993298271,
2024.317086872, 0.994881800,
2024.337518635, 0.992633079,
2024.357950297, 0.991102996,
2024.378381860, 0.990759256,
2024.419245285, 0.991076707,
2024.439676847, 0.993102575,
2024.460108610, 0.991751012,
2024.480540272, 0.992327180,
2024.500972034, 0.993284646,
2024.521403596, 0.991511010,
2024.541835259, 0.992516804,
2024.562267021, 0.990072444,
2024.582698583, 0.989707505,
2024.603130245, 0.992985813,
2024.623562007, 0.992001452,
2024.664425232, 0.993672404,
2024.684856994, 0.990642538,
2024.705288656, 0.993207552,
2024.725720318, 0.991513604,
2024.746151980, 0.992396731,
2024.766583542, 0.992545426,
2024.787015304, 0.993285442,
2024.807446965, 0.991690015,
2024.827878527, 0.992518444,
2024.848310289, 0.991471601,
2024.868741951, 0.990875276,
2024.909605274, 0.989658756,
2024.930036936, 0.989284641,
2024.950468698, 0.990922903,
2024.970900259, 0.990931909,
2024.991331921, 0.991990654,
2025.011763683, 0.989444387,
2025.032195244, 0.991026120,
2025.052626906, 0.987703910,
2025.073058667, 0.991352148,
2025.093490229, 0.991662515,
2025.113921890, 0.991000235,
2025.154785313, 0.991332741,
2025.175216974, 0.989871399,
2025.195648636, 0.991463997,
2025.216080297, 0.988971658,
2025.236511958, 0.989709188,
2025.256943620, 0.991498286,
2025.277375281, 0.990119288,
2025.297807042, 0.989836140,
2025.318238603, 0.992727939,
2025.338670265, 0.992187913,
2025.359102026, 0.990391654,
2025.399965348, 0.990634283,
2025.420396909, 0.986631874,
2025.440828570, 0.991615460,
2025.461260331, 0.991850507,
2025.481691893, 0.990306146,
2025.502123554, 0.991804262,
2025.522555314, 0.991136592,
2025.542986876, 0.993466224,
2025.563418536, 0.988463290,
2025.583850297, 0.987904213,
2025.604281858, 0.993385725,
2025.686008602, 0.990126477,
2025.706440263, 0.991310700,
2025.726871923, 0.988086481,
2025.747303584, 0.986527857,
2025.767735245, 0.990998207,
2025.788166906, 0.989921754,
2025.808598567, 0.990213163,
2025.829030227, 0.990861938,
2025.849461988, 0.990028225,
2025.890325209, 0.987404173,
2025.910756970, 0.989107676,
2025.931188631, 0.988288960,
2025.951620191, 0.985984111,
2025.972051952, 0.989322421,
2025.992483612, 0.987747542,
2026.012915173, 0.989550490,
2026.033346933, 0.990820401,
2026.053778594, 0.989932638,
2026.074210254, 0.988553838,
2026.094641915, 0.987971410,
2026.155936896, 0.988124964,
2026.176368457, 0.986916032,
2026.196800217, 0.988308999,
2026.217231878, 0.985715927,
2026.237663538, 0.989008017,
2026.258095198, 0.988733720,
2026.278526859, 0.987824165,
2026.298958619, 0.988746385,
2026.319390180, 0.988446172,
2026.339821840, 0.989922855,
2026.401116821, 0.988695342,
2026.421548581, 0.988339037,
2026.441980241, 0.987084708,
2026.462411802, 0.988071413,
2026.482843562, 0.986376028,
2026.503275222, 0.988623510,
2026.523706982, 0.987961392,
2026.544138542, 0.988490106,
2026.564570203, 0.986122291,
2026.585001963, 0.988359672,
2026.605433523, 0.988397082,
2026.625865183, 0.987982208,
2026.646296943, 0.989499410,
2026.666728504, 0.988103661,
2026.687160164, 0.989468070,
2026.707591924, 0.987241426,
2026.728023484, 0.986864168,
2026.748455244, 0.988013982,
2026.768886904, 0.986318979,
2026.789318464, 0.988781600,
2026.809750224, 0.987316679,
2026.830181784, 0.987911158,
2026.871045205, 0.986658253,
2026.891476765, 0.985476933,
2026.911908425, 0.986582582,
2026.932340185, 0.987164128,
2026.952771845, 0.984685324,
2026.973203505, 0.987932274,
2026.993635165, 0.987454756,
2027.014066825, 0.986034506,
2027.034498585, 0.979483709,
2027.054930145, 0.990657752,
2027.075361805, 0.988325356,
2027.116225125, 0.987312441,
2027.136656785, 0.986692946,
2027.157088545, 0.986527662,
2027.177520105, 0.985805940,
2027.197951865, 0.986001935,
2027.218383525, 0.986704061,
2027.238815085, 0.986403740,
2027.259246845, 0.987448352,
2027.279678505, 0.989011267,
2027.300110065, 0.987035395,
2027.320541825, 0.987031327,
2027.381836804, 0.987041998,
2027.402268464, 0.985680007,
2027.422700224, 0.984045596,
2027.443131784, 0.986850984,
2027.463563444, 0.985227890,
2027.483995104, 0.984893450,
2027.504426864, 0.987267876,
2027.524858424, 0.986405814,
2027.545290184, 0.987114454,
2027.565721744, 0.986447663,
2027.627016724, 0.985204121,
2027.647448484, 0.985510038,
2027.667880144, 0.987335332,
2027.688311704, 0.985714164,
2027.708743464, 0.987336248,
2027.729175124, 0.987572333,
2027.749606683, 0.982348603,
2027.770038443, 0.983986153,
2027.790470103, 0.986695381,
2027.810901863, 0.984455527,
2027.872196843, 0.984470365,
2027.892628403, 0.984272487,
2027.913060063, 0.985062261,
2027.933491823, 0.985225671,
2027.953923383, 0.982510985,
2027.974355043, 0.984972624,
2027.994786803, 0.987413191,
2028.015218463, 0.982331644,
2028.035650123, 0.985247661,
2028.056081783, 0.985959598,
2028.076513443, 0.984100904,
2028.096945103, 0.983876205,
2028.178671743, 0.985429044,
2028.199103403, 0.984722730,
2028.219535063, 0.982136725,
2028.239966723, 0.984377865,
2028.260398483, 0.983286829,
2028.280830043, 0.981180665,
2028.301261703, 0.986358762,
2028.342125023, 0.983788851,
2028.362556683, 0.983668064,
2028.382988444, 0.982836711,
2028.403420004, 0.982727043,
2028.423851764, 0.982693548,
2028.444283424, 0.982980732,
2028.464714984, 0.984315133,
2028.485146744, 0.984154086,
2028.505578404, 0.980750395,
2028.526009964, 0.982748703,
2028.546441725, 0.982862397,
2028.607736705, 0.980375297,
2028.628168365, 0.982649162,
2028.648600126, 0.983523903,
2028.669031686, 0.982745109,
2028.689463346, 0.982446121,
2028.709895106, 0.985237891,
2028.750758327, 0.982708886,
2028.771190087, 0.982247718,
2028.791621747, 0.980367666,
2028.852916728, 0.979613982,
2028.873348389, 0.982615485,
2028.893780049, 0.980370150,
2028.914211609, 0.982826407,
2028.934643370, 0.978778116,
2028.955075030, 0.989602762,
2028.975506591, 0.986389369,
2028.995938351, 0.980298338,
2029.016370011, 0.981158725,
2029.036801572, 0.982749920,
2029.057233332, 0.982836703,
2029.077664993, 0.980609278,
2029.098096753, 0.982056595,
2029.118528314, 0.981477608,
2029.138959974, 0.982175304,
2029.159391735, 0.980857609,
2029.179823295, 0.983010352,
2029.200254956, 0.979395327,
2029.220686717, 0.981191045,
2029.241118377, 0.982210427,
2029.261550038, 0.980565298,
2029.281981698, 0.983656790,
2029.343276680, 0.981155237,
2029.363708341, 0.981468489,
2029.384140102, 0.981415709,
2029.404571663, 0.982829437,
2029.425003323, 0.980511732,
2029.445435084, 0.980756682,
2029.465866645, 0.981605992,
2029.486298406, 0.980560183,
2029.506730067, 0.981153728,
2029.527161628, 0.980031496,
2029.588456610, 0.980236454,
2029.608888371, 0.977965712,
2029.629319932, 0.979518226,
2029.649751593, 0.981691988,
2029.670183354, 0.979461818,
2029.711046676, 0.980563695,
2029.731478337, 0.980975318,
2029.751909998, 0.979405710,
2029.772341659, 0.979438958,
2029.833636643, 0.978674570,
2029.854068304, 0.979833432,
2029.874500065, 0.979067728,
2029.894931727, 0.978474404,
2029.915363288, 0.982785671,
2029.935795049, 0.978391230,
2029.956226710, 0.979478872,
2029.976658272, 0.980129579,
2029.997090033, 0.980399077,
2030.017521695, 0.977971122,
2030.058385017, 0.976839156,
2030.078816679, 0.978277108,
2030.099248440, 0.978218983,
2030.119680002, 0.976809934,
2030.140111663, 0.979450300,
2030.160543425, 0.979535208,
2030.180974987, 0.979099966,
2030.201406648, 0.978709113,
2030.221838310, 0.978104610,
2030.242269972, 0.977983303,
2030.262701633, 0.979630285,
2030.283133295, 0.979225427,
2030.303564957, 0.979434343,
2030.323996719, 0.977873761,
2030.344428280, 0.976755985,
2030.364859942, 0.979580970,
2030.385291704, 0.979021283,
2030.405723366, 0.979023492,
2030.426154928, 0.979349223,
2030.446586690, 0.979135887,
2030.467018352, 0.978685261,
2030.487450014, 0.979710516,
2030.507881676, 0.982207562,
2030.548745000, 0.978931069,
2030.569176662, 0.977068465,
2030.589608324, 0.979255044,
2030.610040086, 0.977208956,
2030.630471649, 0.977601851,
2030.650903311, 0.980192180,
2030.671335073, 0.977945875,
2030.691766636, 0.979070057,
2030.712198398, 0.978359211,
2030.732630060, 0.978185693,
2030.753061623, 0.980630865,
2030.793925048, 0.978251085,
2030.814356610, 0.978081268,
2030.834788373, 0.977185363,
2030.855220035, 0.976598004,
2030.875651698, 0.978609803,
2030.896083360, 0.978814422,
2030.916515023, 0.976837187,
2030.936946686, 0.979383565,
2030.957378349, 0.975091056,
2030.977810011, 0.977776126,
2030.998241674, 0.978567072,
2031.059536763, 0.978172445,
2031.079968326, 0.976787660,
2031.100400089, 0.978139901,
2031.120831752, 0.977239870,
2031.141263315, 0.976547484,
2031.161695078, 0.978024355,
2031.182126741, 0.976802492,
2031.202558304, 0.978285224,
2031.222990067, 0.977419253,
2031.243421731, 0.978213611,
2031.284285057, 0.976395015,
2031.304716720, 0.977918623,
2031.325148484, 0.977241454,
2031.345580047, 0.977202505,
2031.366011711, 0.978469592,
2031.386443474, 0.977693588,
2031.406875038, 0.978284746,
2031.427306701, 0.975969503,
2031.447738465, 0.977830590,
2031.468170029, 0.978366544,
2031.488601792, 0.978047523,
2031.549896784, 0.976784735,
2031.570328448, 0.974160834,
2031.590760011, 0.975961230,
2031.611191775, 0.977037871,
2031.631623439, 0.976069543,
2031.652055003, 0.978278641,
2031.672486767, 0.976223761,
2031.692918431, 0.975310793,
2031.713350096, 0.977156760,
2031.733781760, 0.975505202,
2031.795076753, 0.977155824,
2031.815508417, 0.974993890,
2031.835940181, 0.975022759,
2031.856371746, 0.974822522,
2031.876803510, 0.975539310,
2031.897235175, 0.977227809,
2031.917666739, 0.976891541,
2031.938098504, 0.974468779,
2031.958530169, 0.975097024,
2031.978961733, 0.978158043,
2032.040256828, 0.977308938,
2032.060688493, 0.973391415,
2032.081120157, 0.975381200,
2032.101551922, 0.973910225,
2032.121983487, 0.975577005,
2032.142415152, 0.976425584,
2032.162846918, 0.976838024,
2032.183278483, 0.974121085,
2032.203710148, 0.975299436,
2032.224141913, 0.975029885,
2032.285436909, 0.974968211,
2032.305868475, 0.975746325,
2032.326300240, 0.975831712,
2032.346731906, 0.977440381,
2032.367163471, 0.976964845,
2032.387595237, 0.975805721,
2032.408026903, 0.974706115,
2032.428458468, 0.976548477,
2032.448890234, 0.976897606,
2032.469321900, 0.976096421,
2032.489753666, 0.978042452,
2032.510185232, 0.976042629,
2032.530616898, 0.976456424,
2032.551048664, 0.977304266,
2032.571480230, 0.976003328,
2032.591911896, 0.974075269,
2032.612343662, 0.976619600,
2032.632775228, 0.976530185,
2032.653206995, 0.976096787,
2032.673638661, 0.975339890,
2032.694070227, 0.972530982,
2032.714501994, 0.973528282,
2032.755365327, 0.975910915,
2032.775796993, 0.976605483,
2032.796228660, 0.975365856,
2032.816660327, 0.975274249,
2032.837091993, 0.975884319,
2032.857523660, 0.975548436,
2032.877955327, 0.977729099,
2032.898387094, 0.975219707,
2032.918818661, 0.976526210,
2032.939250428, 0.974816463,
2032.959681995, 0.974618070,
2033.000545429, 0.976106841,
2033.020976996, 0.976985467,
2033.041408764, 0.975043694,
2033.061840431, 0.976087661,
2033.082271999, 0.976931140,
2033.102703766, 0.974338877,
2033.123135433, 0.975552556,
2033.143567001, 0.976381504,
2033.163998769, 0.974094415,
2033.184430436, 0.974866615,
2033.204862004, 0.975016642,
2033.245725440, 0.976727040,
2033.266157208, 0.976356204,
2033.286588776, 0.975391372,
2033.307020444, 0.976656634,
2033.327452212, 0.977538601,
2033.347883780, 0.978146654,
2033.368315448, 0.974917719,
2033.388747216, 0.974032041,
2033.409178885, 0.975782587,
2033.429610553, 0.974669524,
2033.450042221, 0.973898402,
2033.511337227, 0.975951456,
2033.531768896, 0.975168589,
2033.552200664, 0.981161192,
2033.572632233, 0.976498214,
2033.593064002, 0.976566086,
2033.613495571, 0.977414122,
2033.633927240, 0.974696051,
2033.654359009, 0.975958590,
2033.674790578, 0.975457132,
2033.695222247, 0.973099516,
2033.736085586, 0.973019233,
2033.756517255, 0.976775509,
2033.776949024, 0.974851427,
2033.797380594, 0.975778373,
2033.817812363, 0.972386008,
2033.838244033, 0.974927723,
2033.858675603, 0.977044023,
2033.879107372, 0.977029346,
2033.899539042, 0.975989375,
2033.919970712, 0.975855363,
2033.940402382, 0.972591545,
2033.981265822, 0.976378814,
2034.001697392, 0.976616295,
2034.022129062, 0.975524468,
2034.042560832, 0.975645035,
2034.062992503, 0.975990160,
2034.083424073, 0.977031989,
2034.124287514, 0.977229371,
2034.144719085, 0.974106719,
2034.165150855, 0.975827282,
2034.185582526, 0.975578511,
2034.246877538, 0.976198955,
2034.267309209, 0.975695945,
2034.287740880, 0.975659665,
2034.308172552, 0.974804487,
2034.328604223, 0.975110719,
2034.349035894, 0.976143434,
2034.369467665, 0.975969284,
2034.389899237, 0.977178349,
2034.410330908, 0.975681970,
2034.430762680, 0.977695272,
2034.471625923, 0.975019477,
2034.492057695, 0.975152867,
2034.512489266, 0.976848138,
2034.532920938, 0.977569295,
2034.553352710, 0.975170622,
2034.573784282, 0.977189296,
2034.594216054, 0.974847842,
2034.614647726, 0.975862714,
2034.635079399, 0.973981115,
2034.655511071, 0.975210161,
2034.675942743, 0.974636704,
2034.737237761, 0.975488101,
2034.757669533, 0.976546598,
2034.778101206, 0.975056388,
2034.798532779, 0.977395699,
2034.818964552, 0.975922815,
2034.839396225, 0.977055307,
2034.859827798, 0.977555542,
2034.880259571, 0.975337344,
2034.900691244, 0.977257978,
2034.921122817, 0.976128925,
2034.982417937, 0.974933258,
2035.002849611, 0.976980013,
2035.023281184, 0.976901020,
2035.043712958, 0.975316483,
2035.064144632, 0.975890181,
2035.084576206, 0.976575645,
2035.105007980, 0.978967493,
2035.125439653, 0.977421541,
2035.145871428, 0.976890693,
2035.166303002, 0.977041702,
2035.207166450, 0.975079824,
2035.227598025, 0.976858607,
2035.248029699, 0.976247728,
2035.268461473, 0.976574320,
2035.288893148, 0.977788496,
2035.309324823, 0.975463985,
2035.329756498, 0.977431517,
2035.350188172, 0.978082218,
2035.370619847, 0.976723510,
2035.391051522, 0.978301828,
2035.411483197, 0.978110173,
2035.472778223, 0.977049308,
2035.493209998, 0.978098198,
2035.513641574, 0.977473510,
2035.534073349, 0.976189792,
2035.554505025, 0.975519377,
2035.574936601, 0.978450035,
2035.595368377, 0.976381063,
2035.615800052, 0.976544225,
2035.636231628, 0.978115906,
2035.656663404, 0.975141905,
2035.717958433, 0.978685716,
2035.738390009, 0.975900048,
2035.758821786, 0.974479794,
2035.779253462, 0.975622611,
2035.799685139, 0.976060570,
2035.820116816, 0.977368992,
2035.840548492, 0.978088841,
2035.860980269, 0.973485866,
2035.881411846, 0.978345460,
2035.901843523, 0.973808231,
2035.963138555, 0.976514853,
2035.983570332, 0.978113820,
2036.004002010, 0.977641450,
2036.024433587, 0.977980999,
2036.044865365, 0.977657693,
2036.065297042, 0.979631234,
2036.085728820, 0.973838683,
2036.106160398, 0.975103049,
2036.126592076, 0.975344607,
2036.147023854, 0.974334753,
2036.187887110, 0.975902842,
2036.208318889, 0.976750874,
2036.228750467, 0.977207445,
2036.249182246, 0.975919057,
2036.269613824, 0.978119762,
2036.290045503, 0.979431240,
2036.310477282, 0.975575784,
2036.330908960, 0.977189741,
2036.351340539, 0.977224149,
2036.371772318, 0.977276818,
2036.392203897, 0.975571022,
2036.453498935, 0.975109792,
2036.473930715, 0.975433424,
2036.494362394, 0.977690578,
2036.514794074, 0.978798782,
2036.535225754, 0.974942809,
2036.555657433, 0.975089351,
2036.576089113, 0.976763144,
2036.596520893, 0.974601527,
2036.616952473, 0.976289196,
2036.637384254, 0.977741622,
2036.698679295, 0.975930538,
2036.719110975, 0.977166784,
2036.739542556, 0.976607796,
2036.759974337, 0.975409277,
2036.780406017, 0.976029391,
2036.800837798, 0.977498938,
2036.821269379, 0.978432965,
2036.841701060, 0.979013765,
2036.862132842, 0.977313815,
2036.882564423, 0.976127749,
2036.943859467, 0.977045428,
2036.964291149, 0.976504406,
2036.984722931, 0.977045003,
2037.005154513, 0.977319683,
2037.025586295, 0.977462925,
2037.046017877, 0.976369599,
2037.066449559, 0.977297939,
2037.086881341, 0.980046726,
2037.107313023, 0.977786911,
2037.127744606, 0.976768638,
2037.189039754, 0.976968054,
2037.209471436, 0.975343255,
2037.229903119, 0.977570597,
2037.250334802, 0.977447326,
2037.291198169, 0.978856626,
2037.311629952, 0.978658201,
2037.332061535, 0.977837083,
2037.352493319, 0.978083517,
2037.372925003, 0.977131711,
2037.434220054, 0.977943670,
2037.454651638, 0.978345126,
2037.475083422, 0.978109321,
2037.495515106, 0.975134717,
2037.515946691, 0.976639195,
2037.536378475, 0.976977873,
2037.556810159, 0.977862667,
2037.577241944, 0.976354997,
2037.597673529, 0.977265154,
2037.618105214, 0.976079542,
2037.679400269, 0.977595010,
2037.699831954, 0.976977884,
2037.720263639, 0.975144478,
2037.740695424, 0.974883626,
2037.761127010, 0.976872175,
2037.781558696, 0.978227122,
2037.801990481, 0.976144335,
2037.822422167, 0.974111996,
2037.842853753, 0.976721545,
2037.863285539, 0.975022709,
2037.904148911, 0.977377142,
2037.924580598, 0.977147705,
2037.945012284, 0.975965522,
2037.965444071, 0.976490145,
2037.985875657, 0.975561168,
2038.006307344, 0.973892316,
2038.026739131, 0.977341678,
2038.047170718, 0.977423192,
2038.067602405, 0.977937043,
2038.088034192, 0.977804936,
2038.108465780, 0.977508633,
2038.169760842, 0.976382644,
2038.190192630, 0.974862336,
2038.210624318, 0.976480140,
2038.231055906, 0.976340177,
2038.251487694, 0.976836490,
2038.271919382, 0.976903136,
2038.292351070, 0.978075990,
2038.312782758, 0.974870331,
2038.333214447, 0.976548446,
2038.353646135, 0.976103308,
2038.374077824, 0.976911778,
2038.394509513, 0.974159559,
2038.414941202, 0.974405639,
2038.435372891, 0.975979865,
2038.455804680, 0.978600279,
2038.476236369, 0.975909699,
2038.496667959, 0.977285639,
2038.517099748, 0.977354010,
2038.537531438, 0.976994929,
2038.557963027, 0.975397502,
2038.578394817, 0.973904398,
2038.598826507, 0.975511201,
2038.660121577, 0.975847227,
2038.680553368, 0.976927014,
2038.700984958, 0.976149138,
2038.721416649, 0.978326898,
2038.741848439, 0.975613535,
2038.762280030, 0.977818966,
2038.782711721, 0.974827050,
2038.803143512, 0.972765185,
2038.823575103, 0.976702683,
2038.844006894, 0.978112945,
2038.884870177, 0.975791861,
2038.905301969, 0.977622323,
2038.925733660, 0.976798039,
2038.946165352, 0.977545815,
2038.966597044, 0.976013450,
2038.987028736, 0.976974483,
2039.007460428, 0.973195177,
2039.027892121, 0.976597048,
2039.048323813, 0.977013608,
2039.068755506, 0.975921088,
2039.089187198, 0.976985638,
2039.130050684, 0.977697642,
2039.150482277, 0.976460104,
2039.170913970, 0.977213950,
2039.191345763, 0.978020379,
2039.211777356, 0.975360326,
2039.232209150, 0.976977108,
2039.252640843, 0.976318182,
2039.273072437, 0.977819126,
2039.293504231, 0.974433672,
2039.313935925, 0.979371653,
2039.334367519, 0.982822629,
2039.416094396, 0.975955258,
2039.436526091, 0.976817074,
2039.456957885, 0.978068712,
2039.477389480, 0.978387060,
2039.497821175, 0.975648779,
2039.518252970, 0.972825289,
2039.538684565, 0.974974179,
2039.559116261, 0.976674780,
2039.579548056, 0.977775554,
2039.599979752, 0.977322042,
2039.620411448, 0.975749543,
2039.640843143, 0.977335919,
2039.661274739, 0.975617906,
2039.681706535, 0.978844132,
2039.702138232, 0.975326232,
2039.722569828, 0.974211523,
2039.743001624, 0.974188529,
2039.763433321, 0.976960985,
2039.783865118, 0.977454216,
2039.804296714, 0.976127497,
2039.824728411, 0.975721456,
2039.906455300, 0.976164865,
2039.926886898, 0.976941216,
2039.947318595, 0.977458699,
2039.967750393, 0.978983519,
2039.988181991, 0.974273680,
2040.008613789, 0.976135501,
2040.029045487, 0.975129004,
2040.049477086, 0.975568886,
2040.069908884, 0.976146570,
2040.110772181, 0.977551229,
2040.131203980, 0.975646647,
2040.151635679, 0.977756555,
2040.172067478, 0.977797969,
2040.192499077, 0.976634657,
2040.212930776, 0.979136623,
2040.233362576, 0.977663289,
2040.253794275, 0.977292624,
2040.274225875, 0.976547898,
2040.294657675, 0.977886422,
2040.315089375, 0.979199825,
2040.376384476, 0.975978324,
2040.396816176, 0.976717810,
2040.417247877, 0.976438234,
2040.437679477, 0.978151414,
2040.458111278, 0.976544475,
2040.478542979, 0.976312993,
2040.498974580, 0.977349066,
2040.519406381, 0.976680344,
2040.539838083, 0.977163914,
2040.560269884, 0.976690443,
2040.601133188, 0.976388634,
2040.621564990, 0.976415421,
2040.641996592, 0.979484979,
2040.662428294, 0.975102544,
2040.682860096, 0.975950519,
2040.703291698, 0.975086169,
2040.723723501, 0.976580693,
2040.744155204, 0.974932201,
2040.764586906, 0.974476765,
2040.785018609, 0.975950081,
2040.846313719, 0.976664477,
2040.866745423, 0.972232771,
2040.887177226, 0.974852099,
2040.907608830, 0.975991095,
2040.928040534, 0.974131837,
2040.948472338, 0.973525846,
2040.968904042, 0.976750615,
2040.989335646, 0.976457586,
2041.009767451, 0.974632500,
2041.030199055, 0.976616568,
2041.050630760, 0.974299897,
2041.091494170, 0.977132225,
2041.111925975, 0.976801444,
2041.132357680, 0.974723694,
2041.152789285, 0.976009123,
2041.173221091, 0.976952845,
2041.193652796, 0.977964199,
2041.214084402, 0.977103185,
2041.234516208, 0.976862630,
2041.254947914, 0.979288617,
2041.275379720, 0.974080144,
2041.295811327, 0.976847020,
2041.377538153, 0.973447024,
2041.397969960, 0.975505193,
2041.418401568, 0.977849330,
2041.438833275, 0.976861944,
2041.459265082, 0.971968758,
2041.479696790, 0.976934789,
2041.500128498, 0.971935842,
2041.520560205, 0.974184559,
2041.540991913, 0.974157292,
2041.561423622, 0.976732761,
2041.581855330, 0.972853794,
2041.602287038, 0.977653434,
2041.643150456, 0.973023913,
2041.663582264, 0.974730409,
2041.684013873, 0.977140605,
2041.704445583, 0.974386673,
2041.745309001, 0.974755569,
2041.765740711, 0.973927309,
2041.786172520, 0.975831733,
2041.827035940, 0.974495655,
2041.847467650, 0.973438407,
2041.867899261, 0.973897106,
2041.888331071, 0.974483818,
2041.908762782, 0.975220964,
2041.929194392, 0.973511331,
2041.949626203, 0.972183693,
2041.970057914, 0.973009071,
2041.990489625, 0.975337164,
2042.010921337, 0.976820516,
2042.031353048, 0.973958487,
2042.092648183, 0.973516832,
2042.113079995, 0.974174649,
2042.133511707, 0.975720727,
2042.153943320, 0.974613818,
2042.174375132, 0.972638541,
2042.194806845, 0.974623649,
2042.215238557, 0.973494674,
2042.235670270, 0.974896063,
2042.256101983, 0.973732389,
2042.276533796, 0.970241916,
2042.337828837, 0.974394193,
2042.358260551, 0.974535766,
2042.378692365, 0.973331509,
2042.399123979, 0.971407632,
2042.419555693, 0.974082921,
2042.439987507, 0.973859639,
2042.460419122, 0.973969325,
2042.480850836, 0.974896331,
2042.501282651, 0.974944283,
2042.521714266, 0.974941026,
2042.542145981, 0.974226234,
2042.562577797, 0.970237806,
2042.583009412, 0.972390704,
2042.603441228, 0.974638053,
2042.623872943, 0.974054892,
2042.644304659, 0.972239488,
2042.664736375, 0.972711654,
2042.685168091, 0.974361683,
2042.705599808, 0.971629637,
2042.726031524, 0.972278162,
2042.746463241, 0.975760158,
2042.766895058, 0.972296945,
2042.828190209, 0.973214441,
2042.869053544, 0.973307063,
2042.889485362, 0.974150942,
2042.909917079, 0.972895647,
2042.930348797, 0.973473689,
2042.950780516, 0.973911628,
2042.971212234, 0.974043272,
2042.991643952, 0.972331498,
2043.012075671, 0.973799223,
2043.073370828, 0.972571349,
2043.093802447, 0.972674899,
2043.114234267, 0.972951217,
2043.134665986, 0.973373898,
2043.155097806, 0.973868813,
2043.175529426, 0.972257697,
2043.195961146, 0.972399710,
2043.216392966, 0.972957546,
2043.236824586, 0.973176103,
2043.257256307, 0.973546529,
2043.318551569, 0.972238835,
2043.338983290, 0.973446668,
2043.359415012, 0.972678199,
2043.379846733, 0.973775439,
2043.400278455, 0.972499000,
2043.420710176, 0.970836810,
2043.441141998, 0.973254337,
2043.461573620, 0.973468736,
2043.482005443, 0.971585291,
2043.543300610, 0.971512257,
2043.563732333, 0.972443463,
2043.584163956, 0.974122702,
2043.604595779, 0.971114773,
2043.625027503, 0.971743625,
2043.645459326, 0.969355285,
2043.665890950, 0.973003811,
2043.686322674, 0.972476526,
2043.706754398, 0.969192971,
2043.727186122, 0.970372553,
2043.747617747, 0.972553866,
2043.788481296, 0.972317832,
2043.808912921, 0.970685246,
2043.829344745, 0.971861756,
2043.849776471, 0.972954761,
2043.870208296, 0.972283303,
2043.890639921, 0.975381387,
2043.911071647, 0.971913764,
2043.931503473, 0.971183795,
2043.951935099, 0.971749944,
2043.972366825, 0.971374642,
2043.992798651, 0.973903486,
2044.033662104, 0.970939342,
2044.054093831, 0.971882526,
2044.074525558, 0.972775432,
2044.094957285, 0.972835042,
2044.115389013, 0.971674986,
2044.135820740, 0.972689283,
2044.156252568, 0.971778821,
2044.176684195, 0.971112825,
2044.197116023, 0.971221300,
2044.217547751, 0.971582661,
2044.237979380, 0.973460988,
2044.299274566, 0.971643552,
2044.319706395, 0.973311666,
2044.340138124, 0.972215922,
2044.360569753, 0.969923976,
2044.381001583, 0.969615009,
2044.401433212, 0.971767245,
2044.421865042, 0.970889244,
2044.442296772, 0.972202085,
2044.462728402, 0.973091733,
2044.483160232, 0.971515350,
2044.544455424, 0.972639190,
2044.585318986, 0.972862875,
2044.605750618, 0.973136813,
2044.626182349, 0.972453073,
2044.646614181, 0.970523991,
2044.667045913, 0.972199056,
2044.687477545, 0.972000598,
2044.707909377, 0.970411402,
2044.728341109, 0.970379870,
2044.748772842, 0.970070235,
2044.769204575, 0.970538192,
2044.789636307, 0.969387271,
2044.810068140, 0.970461980,
2044.830499774, 0.970169288,
2044.850931507, 0.970536939,
2044.871363341, 0.972419147,
2044.891794974, 0.969472188,
2044.912226708, 0.968603504,
2044.932658542, 0.971562777,
2044.953090177, 0.973394352,
2044.973522011, 0.972490996,
2045.034817215, 0.970176655,
2045.055248951, 0.968966526,
2045.075680586, 0.968813089,
2045.096112421, 0.972264725,
2045.116544057, 0.971128298,
2045.136975893, 0.969383049,
2045.157407629, 0.970206926,
2045.177839265, 0.972667985,
2045.198271101, 0.971362054,
2045.218702838, 0.969695691,
2045.279998049, 0.968692978,
2045.300429886, 0.962860978,
2045.320861623, 0.967520352,
2045.341293261, 0.969667985,
2045.361725099, 0.971859727,
2045.382156837, 0.972150648,
2045.402588475, 0.970670176,
2045.423020313, 0.970443496,
2045.443452052, 0.967776692,
2045.463883690, 0.970597705,
2045.525179107, 0.969236508,
2045.545610747, 0.970435652,
2045.566042486, 0.970955222,
2045.586474326, 0.971735754,
2045.606905966, 0.967197738,
2045.627337706, 0.969765227,
2045.647769546, 0.965636871,
2045.668201187, 0.971093041,
2045.688633028, 0.969382200,
2045.709064768, 0.969726171,
2045.749928251, 0.970173459,
2045.770359892, 0.969673228,
2045.790791634, 0.969632801,
2045.811223475, 0.971331133,
2045.831655217, 0.967683999,
2045.852086959, 0.967038953,
2045.872518702, 0.968903418,
2045.892950444, 0.970742510,
2045.913382187, 0.967571306,
2045.933813930, 0.971618301,
2045.954245673, 0.967410809,
2046.015541003, 0.969265639,
2046.035972747, 0.968628367,
2046.056404391, 0.970820548,
2046.076836235, 0.971186018,
2046.097267979, 0.970315223,
2046.117699624, 0.969179517,
2046.138131468, 0.968997598,
2046.178994858, 0.969055486,
2046.199426703, 0.970653655,
2046.260721940, 0.972449879,
2046.281153686, 0.970762134,
2046.301585533, 0.970439595,
2046.322017179, 0.970945701,
2046.342448925, 0.972604851,
2046.362880672, 0.969126248,
2046.383312419, 0.967769863,
2046.403744266, 0.968744644,
2046.424175914, 0.968565412,
2046.444607661, 0.968520677,
2046.485471157, 0.969762556,
2046.505902905, 0.969957882,
2046.526334753, 0.967699305,
2046.546766501, 0.971283749,
2046.567198250, 0.970308501,
2046.587629999, 0.966595202,
2046.608061748, 0.969640001,
2046.628493497, 0.967388639,
2046.648925246, 0.968591380,
2046.669356996, 0.968666702,
2046.689788846, 0.967103591,
2046.730652246, 0.969532891,
2046.751084096, 0.970224317,
2046.771515747, 0.968422924,
2046.791947598, 0.970036846,
2046.812379349, 0.967687852,
2046.832811000, 0.969143222,
2046.853242851, 0.968084517,
2046.873674603, 0.969194179,
2046.894106254, 0.967463424,
2046.914538106, 0.969564679,
2046.934969858, 0.969893178,
2046.996265116, 0.970128001,
2047.016696868, 0.968065995,
2047.037128622, 0.969038688,
2047.057560375, 0.967755215,
2047.077992128, 0.968690185,
2047.098423882, 0.969665614,
2047.118855736, 0.967728183,
2047.139287390, 0.967929577,
2047.159719144, 0.968515198,
2047.180150998, 0.966854836,
2047.241446263, 0.970079774,
2047.261878018, 0.968935403,
2047.282309674, 0.970024779,
2047.302741529, 0.969047904,
2047.323173285, 0.969593120,
2047.343605141, 0.968886194,
2047.364036797, 0.971872209,
2047.384468554, 0.970873063,
2047.404900410, 0.968716347,
2047.425332067, 0.965517044,
2047.486627338, 0.968568431,
2047.507059196, 0.969098632,
2047.527490954, 0.969646873,
2047.547922612, 0.967850569,
2047.568354470, 0.967705469,
2047.588786228, 0.966086349,
2047.609217887, 0.970525042,
2047.629649746, 0.968560762,
2047.650081505, 0.968665697,
2047.670513264, 0.969245466,
2047.690945023, 0.970073731,
2047.711376783, 0.968663241,
2047.731808643, 0.967985405,
2047.772672063, 0.968813698,
2047.793103823, 0.970229447,
2047.813535584, 0.968634950,
2047.833967345, 0.968241030,
2047.854399206, 0.971082410,
2047.874830867, 0.967742869,
2047.895262728, 0.970062083,
2047.915694490, 0.966683322,
2047.976989776, 0.969247681,
2047.997421438, 0.966816009,
2048.017853301, 0.969454280,
2048.038285064, 0.970591123,
2048.058716927, 0.968774969,
2048.079148590, 0.971132573,
2048.099580353, 0.969090017,
2048.120012217, 0.968363606,
2048.140443881, 0.971047701,
2048.160875645, 0.968511099,
2048.181307509, 0.969135104,
2048.201739174, 0.967965017,
2048.222171038, 0.968264483,
2048.242602803, 0.970493951,
2048.263034468, 0.969356625,
2048.283466334, 0.970510217,
2048.303898099, 0.965011409,
2048.324329865, 0.969363969,
2048.344761631, 0.969067845,
2048.365193397, 0.971234128,
2048.385625063, 0.967687207,
2048.406056930, 0.969863501,
2048.467352231, 0.970219714,
2048.487783998, 0.968477424,
2048.508215866, 0.969680490,
2048.528647533, 0.970015632,
2048.549079301, 0.967590204,
2048.569511169, 0.969929433,
2048.589942838, 0.969883651,
2048.610374707, 0.967841951,
2048.630806475, 0.967979726,
2048.651238145, 0.968338948,
2048.712533453, 0.968784925,
2048.732965323, 0.968341111,
2048.753397093, 0.967642485,
2048.773828963, 0.968607910,
2048.794260634, 0.967404232,
2048.814692404, 0.969792936,
2048.835124275, 0.969196311,
2048.855555946, 0.968460486,
2048.875987718, 0.967376526,
2048.896419589, 0.967568513,
2048.916851261, 0.968046074,
2048.937283033, 0.970157053,
2048.957714906, 0.968939238,
2048.978146678, 0.969258668,
2048.998578451, 0.968646302,
2049.019010223, 0.968053372,
2049.039441997, 0.970320818,
2049.059873770, 0.966697945,
2049.080305543, 0.969328088,
2049.100737317, 0.967640862,
2049.121169091, 0.969491747,
2049.141600865, 0.971220348,
2049.202896189, 0.967782289,
2049.223328064, 0.966682751,
2049.243759739, 0.969424122,
2049.264191515, 0.968835370,
2049.284623390, 0.970809477,
2049.305055066, 0.966542172,
2049.325486842, 0.966802713,
2049.345918718, 0.968308937,
2049.366350395, 0.969277067,
2049.386782272, 0.970412027,
2049.407214049, 0.968686529,
2049.427645726, 0.965570825,
2049.448077603, 0.967222153,
2049.468509381, 0.967518592,
2049.488941159, 0.969003116,
2049.509372937, 0.970377517,
2049.529804715, 0.966007676,
2049.550236593, 0.965791497,
2049.570668272, 0.965333857,
2049.591100051, 0.964730983,
2049.611531930, 0.968134507,
2049.631963610, 0.968579887,
2049.672827269, 0.969609600,
2049.693259049, 0.967554950,
2049.713690829, 0.969738443,
2049.734122610, 0.967570432,
2049.754554290, 0.967711777,
2049.774986171, 0.970416469,
2049.795417952, 0.972364819,
2049.815849634, 0.969083643,
2049.836281515, 0.967650822,
2049.856713297, 0.968395589,
2049.877144979, 0.967329565,
2049.918008644, 0.968994524,
2049.938440526, 0.968136033,
2049.958872209, 0.968644227,
2049.979303993, 0.968655813,
2049.999735876, 0.966711413,
2050.020167559, 0.969433451,
2050.040599343, 0.967220680,
2050.061031227, 0.966448986,
2050.081462912, 0.971269499,
2050.101894796, 0.968086766,
2050.122326581, 0.970472958,
2050.163190151, 0.969411934,
2050.183621936, 0.968263518,
2050.204053722, 0.969096481,
2050.224485507, 0.968245565,
2050.244917293, 0.969428381,
2050.265349180, 0.968369868,
2050.285780866, 0.969562682,
2050.306212653, 0.967601711,
2050.326644540, 0.968457478,
2050.347076327, 0.966429983,
2050.367508014, 0.968541953,
2050.408371590, 0.969060923,
2050.428803378, 0.967232735,
2050.449235266, 0.968614384,
2050.469666955, 0.968392699,
2050.490098844, 0.969426179,
2050.510530633, 0.968161925,
2050.530962322, 0.969098990,
2050.551394211, 0.967598166,
2050.571826001, 0.965600662,
2050.592257691, 0.968561616,
2050.612689581, 0.967584645,
2050.653553262, 0.969282251,
2050.673984953, 0.965527220,
2050.694416744, 0.969302414,
2050.714848635, 0.969255233,
2050.735280327, 0.967936812,
2050.755712118, 0.968314604,
2050.776144010, 0.969971095,
2050.796575703, 0.967332297,
2050.817007595, 0.969497345,
2050.837439388, 0.968838283,
2050.857871181, 0.968107429,
2050.919166561, 0.967907883,
2050.939598354, 0.968623759,
2050.960030149, 0.968282225,
2050.980461943, 0.967980257,
2051.000893837, 0.967631511,
2051.021325532, 0.968479739,
2051.041757427, 0.967928987,
2051.062189122, 0.966269164,
2051.082620918, 0.969360800,
2051.103052813, 0.967668840,
2051.143916306, 0.966463438,
2051.164348202, 0.968015764,
2051.184779899, 0.964299550,
2051.205211795, 0.966214571,
2051.225643592, 0.967927197,
2051.246075290, 0.971286692,
2051.266507187, 0.968742093,
2051.286938985, 0.969153637,
2051.327802581, 0.968901781,
2051.348234380, 0.967257977,
2051.368666279, 0.967731527,
2051.389097978, 0.970122164,
2051.409529777, 0.968440466,
2051.429961676, 0.965491524,
2051.450393376, 0.968968644,
2051.470825176, 0.966839817,
2051.491257076, 0.969531693,
2051.511688877, 0.973591639,
2051.532120577, 0.969296847,
2051.552552478, 0.969168871,
2051.572984279, 0.968726123,
2051.593416081, 0.971393522,
2051.634279684, 0.967803430,
2051.654711486, 0.967067722,
2051.675143288, 0.969859872,
2051.695575091, 0.971799040,
2051.716006894, 0.969311591,
2051.736438697, 0.967708005,
2051.756870600, 0.968189098,
2051.777302304, 0.969652934,
2051.797734107, 0.970275210,
2051.818166011, 0.968896179,
2051.838597716, 0.967568480,
2051.879461425, 0.968447852,
2051.899893130, 0.966694704,
2051.920325035, 0.968485200,
2051.940756840, 0.971132557,
2051.961188546, 0.968938718,
2051.981620452, 0.969310055,
2052.002052258, 0.967619730,
2052.022483965, 0.968291275,
2052.042915871, 0.969828283,
2052.063347678, 0.969320853,
2052.083779585, 0.967717085,
2052.124643100, 0.970565675,
2052.145075008, 0.969605471,
2052.165506816, 0.970960928,
2052.185938525, 0.969614907,
2052.206370433, 0.970619022,
2052.226802242, 0.969476788,
2052.247233951, 0.968045207,
2052.267665860, 0.968655853,
2052.288097670, 0.969689858,
2052.308529580, 0.969922197,
2052.328961290, 0.969286483,
2052.369825011, 0.969405296,
2052.390256722, 0.969705269,
2052.410688533, 0.969775926,
2052.431120344, 0.971622229,
2052.451552156, 0.968652381,
2052.471984067, 0.970160298,
2052.492415779, 0.968020074,
2052.512847592, 0.968090061,
2052.533279504, 0.969876646,
2052.553711217, 0.968468976,
2052.574143030, 0.969472618,
2052.615006657, 0.969533264,
2052.635438571, 0.967443774,
2052.655870385, 0.971071138,
2052.676302099, 0.968991517,
2052.696734014, 0.970275310,
2052.717165828, 0.970070782,
2052.737597643, 0.970238321,
2052.758029459, 0.969658884,
2052.778461274, 0.972562605,
2052.798893090, 0.972564784,
2052.819324906, 0.968936566,
2052.860188639, 0.969941043,
2052.880620455, 0.969547054,
2052.901052172, 0.966934388,
2052.921484090, 0.970174078,
2052.941915907, 0.970282965,
2052.962347625, 0.969014673,
2052.982779543, 0.968061453,
2053.003211361, 0.967449950,
2053.023643280, 0.969421746,
2053.044074999, 0.970546593,
2053.064506818, 0.970256583,
2053.146234096, 0.968786513,
2053.166665917, 0.970928259,
2053.187097837, 0.970140365,
2053.207529558, 0.968880977,
2053.227961379, 0.969653179,
2053.248393300, 0.967755838,
2053.268825022, 0.969440696,
2053.289256844, 0.965453228,
2053.309688766, 0.965564854,
2053.350552411, 0.969558381,
2053.370984234, 0.968636113,
2053.391416057, 0.967855607,
2053.411847880, 0.961348270,
2053.432279704, 0.961825268,
2053.452711528, 0.968317785,
2053.473143352, 0.969638133,
2053.493575176, 0.969890629,
2053.514007001, 0.968694257,
2053.534438926, 0.967290216,
2053.554870651, 0.969080475,
2053.595734402, 0.970016784,
2053.616166128, 0.968533765,
2053.636598054, 0.969204357,
2053.657029880, 0.968665467,
2053.677461607, 0.964887913,
2053.697893534, 0.971195386,
2053.718325361, 0.968752110,
2053.738757189, 0.968656765,
2053.759189017, 0.969667501,
2053.779620845, 0.968912306,
2053.800052673, 0.967857759,
2053.840916230, 0.970005761,
2053.861348159, 0.968467644,
2053.881779988, 0.965781433,
2053.902211918, 0.966760538,
2053.922643648, 0.967927402,
2053.943075478, 0.968643117,
2053.963507408, 0.970962133,
2053.983939139, 0.970737833,
2054.004370970, 0.969882189,
2054.024802901, 0.970222098,
2054.045234732, 0.966843740,
2054.086098396, 0.969268676,
2054.106530228, 0.969055532,
2054.126962060, 0.968798496,
2054.147393893, 0.969723971,
2054.167825726, 0.968997016,
2054.188257659, 0.969447502,
2054.208689393, 0.971484679,
2054.229121226, 0.971686617,
2054.249553160, 0.968847734,
2054.269984895, 0.968628325,
2054.290416829, 0.971486656,
2054.331280399, 0.968858219,
2054.351712335, 0.969967973,
2054.372144170, 0.969568815,
2054.392575906, 0.969623444,
2054.413007842, 0.970065615,
2054.433439678, 0.969779554,
2054.453871515, 0.969570925,
2054.474303352, 0.970413524,
2054.494735089, 0.967866723,
2054.515167027, 0.969525175,
2054.535598864, 0.968821780,
2054.576462541, 0.969153630,
2054.596894379, 0.969536345,
2054.617326318, 0.970459510,
2054.658189896, 0.968361335,
2054.678621836, 0.968914787,
2054.699053576, 0.970950307,
2054.719485416, 0.967053483,
2054.739917356, 0.969884260,
2054.760349197, 0.968290616,
2054.780781038, 0.969457979,
2054.821644721, 0.970265914,
2054.842076562, 0.970960877,
2054.862508404, 0.971071569,
2054.882940247, 0.970513955,
2054.903372189, 0.970242757,
2054.923803932, 0.964450208,
2054.944235775, 0.969313945,
2054.985099462, 0.970560946,
2055.005531406, 0.968813435,
2055.025963250, 0.969104121,
2055.087258684, 0.969149855,
2055.107690530, 0.967559469,
2055.128122475, 0.965533362,
2055.148554221, 0.966924177,
2055.168986167, 0.968813266,
2055.189418013, 0.968465221,
2055.209849760, 0.965171536,
2055.230281707, 0.963346296,
2055.250713554, 0.961572509,
2055.271145402, 0.969838025,
2055.291577249, 0.968727247,
2055.312009097, 0.969355678,
2055.332441046, 0.971879652,
2055.352872794, 0.972358886,
2055.373304643, 0.969716954,
2055.393736592, 0.970907736,
2055.414168441, 0.968206530,
2055.434600191, 0.968268029,
2055.455032141, 0.967293798,
2055.475463991, 0.965060556,
2055.495895841, 0.965769220,
2055.516327692, 0.972024174,
2055.557191495, 0.970471343,
2055.577623246, 0.966651351,
2055.598055098, 0.968323289,
2055.618487050, 0.967941434,
2055.638918802, 0.968200233,
2055.659350655, 0.969349561,
2055.679782608, 0.968952624,
2055.700214361, 0.968806418,
2055.720646315, 0.969395961,
2055.741078069, 0.964991967,
2055.761509923, 0.969441825,
2055.802373632, 0.971115928,
2055.822805487, 0.970103909,
2055.843237442, 0.969895417,
2055.863669197, 0.969639618,
2055.884101153, 0.968275828,
2055.904533009, 0.969201013,
2055.924964865, 0.969278232,
2055.945396722, 0.968026777,
2055.965828579, 0.968755246,
2055.986260436, 0.971135231,
2056.006692293, 0.970666366,
2056.067987967, 0.968722178,
2056.088419726, 0.969195822,
2056.108851684, 0.968490434,
2056.129283543, 0.969014718,
2056.149715303, 0.969276957,
2056.170147262, 0.968838009,
2056.190579122, 0.968132668,
2056.211011083, 0.968660038,
2056.231442843, 0.969194207,
2056.251874704, 0.969218506,
2056.272306665, 0.969488679,
2056.292738426, 0.967666788,
2056.313170288, 0.969722570,
2056.333602250, 0.967130571,
2056.354034012, 0.968256916,
2056.374465875, 0.968059309,
2056.394897737, 0.966811752,
2056.415329600, 0.969308490,
2056.435761564, 0.967835617,
2056.456193427, 0.967131138,
2056.476625191, 0.967960734,
2056.497057155, 0.967812698,
2056.537920785, 0.969018304,
2056.558352750, 0.970586026,
2056.578784615, 0.971343162,
2056.599216481, 0.967125383,
2056.619648347, 0.968443043,
2056.640080213, 0.966708550,
2056.660512079, 0.969895034,
2056.680943946, 0.967145664,
2056.701375813, 0.968882312,
2056.721807680, 0.969300766,
2056.742239548, 0.968081790,
2056.783103384, 0.968327250,
2056.803535153, 0.967535447,
2056.823967121, 0.967571290,
2056.844398991, 0.967897617,
2056.864830760, 0.969132598,
2056.885262729, 0.969878752,
2056.905694599, 0.963508120,
2056.926126570, 0.967828609,
2056.946558340, 0.969517140,
2056.966990211, 0.967952530,
2056.987422182, 0.968769200,
2057.028285825, 0.967051787,
2057.048717797, 0.968227112,
2057.069149569, 0.969530437,
2057.110013315, 0.968909672,
2057.130445188, 0.968322859,
2057.150877161, 0.969735475,
2057.171308935, 0.968942821,
2057.191740809, 0.968349971,
2057.212172783, 0.970199074,
2057.232604658, 0.965529591,
2057.293900283, 0.968005322,
2057.314332159, 0.970121376,
2057.334764035, 0.967907303,
