BJD - 2454833, Corrected Flux
1977.262450416, 1.027466816,
1977.282882680, 1.030394982,
1977.303314843, 1.025971687,
1977.364611730, 1.019177854,
1977.385043991, 1.020402272,
1977.405476252, 1.019281268,
1977.425908512, 1.018143464,
1977.446340872, 1.021690746,
1977.466773032, 1.017417023,
1977.487205391, 1.031990364,
1977.507637649, 1.021086856,
1977.528069807, 1.017736185,
1977.548502165, 1.019082121,
1977.568934422, 1.018737030,
1977.589366578, 1.018899318,
1977.609798934, 1.020508990,
1977.630231190, 1.018751092,
1977.650663345, 1.018603361,
1977.671095700, 1.021801112,
1977.691527954, 1.018033038,
1977.711960108, 1.017259108,
1977.732392461, 1.018542512,
1977.752824714, 1.017126825,
1977.773256867, 1.018349346,
1977.793689218, 1.018056315,
1977.814121470, 1.018043637,
1977.834553721, 1.015959662,
1977.854985971, 1.017960600,
1977.875418221, 1.014490825,
1977.895850471, 1.017395656,
1977.916282720, 1.017439444,
1977.936714969, 1.013427537,
1977.957147317, 1.015244344,
1977.977579465, 1.017933625,
1977.998011712, 1.017441716,
1978.018444059, 1.014043373,
1978.038876205, 1.017441553,
1978.059308450, 1.018618473,
1978.079740796, 1.016345657,
1978.100172941, 1.013972592,
1978.120605185, 1.015297347,
1978.141037529, 1.016541121,
1978.161469673, 1.014996997,
1978.181901916, 1.015637765,
1978.202334258, 1.017539937,
1978.222766400, 1.015456999,
1978.243198742, 1.018425638,
1978.263630983, 1.015142189,
1978.284063224, 1.014631933,
1978.304495464, 1.016485962,
1978.324927704, 1.019218698,
1978.345359943, 1.014009396,
1978.365792181, 1.017468626,
1978.386224420, 1.016166980,
1978.406656658, 1.015335867,
1978.427088895, 1.014458240,
1978.447521132, 1.016148835,
1978.467953369, 1.015581564,
1978.488385604, 1.015730419,
1978.508817840, 1.015897676,
1978.590546678, 1.015326122,
1978.610979011, 1.015732215,
1978.631411244, 1.017866128,
1978.651843576, 1.014837603,
1978.672275708, 1.017855548,
1978.692707939, 1.018858484,
1978.713140270, 1.015518359,
1978.733572401, 1.018181293,
1978.754004631, 1.016729027,
1978.774436960, 1.016185045,
1978.794869189, 1.016433923,
1978.815301318, 1.016524871,
1978.835733646, 1.016293403,
1978.856165874, 1.021430609,
1978.876598001, 1.016086890,
1978.917462554, 1.017975604,
1978.937894680, 1.015139638,
1978.958327005, 1.017554111,
1978.978759230, 1.020338709,
1978.999191355, 1.014237386,
1979.019623679, 1.019586667,
1979.060488025, 1.017205419,
1979.080920348, 1.018880262,
1979.101352570, 1.016742464,
1979.121784892, 1.016552886,
1979.142217013, 1.019194685,
1979.162649234, 1.017813947,
1979.183081454, 1.018864689,
1979.203513674, 1.024892270,
1979.223945894, 1.020100519,
1979.244378112, 1.018604980,
1979.264810331, 1.016751886,
1979.285242549, 1.017984641,
1979.305674767, 1.014685086,
1979.326106984, 1.018773403,
1979.346539200, 1.018780360,
1979.366971517, 1.018237948,
1979.387403632, 1.015798607,
1979.407835847, 1.018149288,
1979.428268163, 1.017970775,
1979.448700277, 1.016180749,
1979.469132491, 1.016617096,
1979.489564804, 1.017495519,
1979.509996917, 1.015810749,
1979.530429130, 1.016245608,
1979.550861442, 1.014930420,
1979.571293553, 1.021411391,
1979.591725865, 1.019968863,
1979.612158075, 1.018459266,
1979.632590286, 1.017441135,
1979.653022496, 1.015988542,
1979.673454705, 1.018525327,
1979.693886914, 1.018123727,
1979.714319123, 1.015839949,
1979.734751330, 1.018458745,
1979.775615745, 1.016256652,
1979.796047952, 1.018677523,
1979.816480158, 1.014451898,
1979.836912463, 1.018520137,
1979.857344569, 1.017683760,
1979.877776774, 1.019160926,
1979.898208978, 1.015762939,
1979.918641182, 1.016190515,
1979.939073386, 1.015527213,
1979.959505589, 1.021508943,
1979.979937791, 1.015777916,
1980.000369993, 1.019288790,
1980.020802195, 1.015182406,
1980.041234396, 1.016625342,
1980.061666697, 1.018268555,
1980.082098797, 1.017378429,
1980.102530997, 1.013893578,
1980.122963296, 1.017974589,
1980.143395395, 1.020557537,
1980.163827594, 1.014705485,
1980.184259892, 1.016899473,
1980.204692089, 1.019539956,
1980.225124187, 1.013929332,
1980.245556483, 1.013865739,
1980.265988680, 1.016888728,
1980.286420775, 1.018076457,
1980.306853071, 1.018101640,
1980.327285266, 1.016701424,
1980.347717360, 1.016045938,
1980.368149654, 1.017908881,
1980.388581848, 1.016458532,
1980.409013941, 1.014907025,
1980.429446234, 1.017382801,
1980.449878426, 1.018484815,
1980.470310618, 1.015011564,
1980.490742809, 1.016666776,
1980.511175000, 1.019848520,
1980.531607290, 1.016247193,
1980.552039380, 1.016095317,
1980.572471570, 1.016015674,
1980.592903859, 1.017674413,
1980.613335948, 1.017874033,
1980.633768136, 1.015694729,
1980.654200423, 1.016423848,
1980.674632511, 1.015035976,
1980.695064698, 1.014518094,
1980.715496984, 1.016079068,
1980.735929070, 1.014710792,
1980.756361256, 1.016174519,
1980.776793540, 1.015727750,
1980.797225625, 1.015710977,
1980.817657809, 1.019245703,
1980.838090093, 1.014330215,
1980.858522176, 1.014215480,
1980.878954359, 1.015336630,
1980.899386642, 1.018148897,
1980.919818724, 1.017407966,
1980.940250905, 1.019191955,
1980.960683186, 1.017559026,
1980.981115267, 1.019714604,
1981.042411906, 1.016311843,
1981.062844085, 1.014645889,
1981.083276263, 1.015616670,
1981.103708441, 1.017255304,
1981.124140619, 1.017191072,
1981.144572796, 1.016921065,
1981.165004972, 1.020433269,
1981.185437249, 1.017363495,
1981.205869324, 1.018761112,
1981.226301500, 1.016061498,
1981.246733774, 1.014793597,
1981.267165849, 1.016596476,
1981.287598023, 1.018744978,
1981.308030296, 1.017965687,
1981.328462369, 1.015221913,
1981.348894542, 1.011813701,
1981.369326814, 1.017245091,
1981.389758886, 1.016859426,
1981.410191058, 1.015241849,
1981.430623229, 1.014234036,
1981.451055399, 1.022609087,
1981.594080680, 1.013745611,
1981.614512847, 1.014643942,
1981.634944913, 1.017423979,
1981.655377179, 1.013688435,
1981.675809345, 1.016859662,
1981.696241410, 1.017454968,
1981.716673675, 1.013239716,
1981.737105839, 1.019003975,
1981.757537903, 1.016363373,
1981.777970167, 1.017860700,
1981.798402329, 1.015582481,
1981.818834392, 1.015206091,
1981.839266654, 1.017030675,
1981.859698816, 1.014699455,
1981.880130977, 1.013038177,
1981.900563138, 1.016712789,
1981.920995298, 1.017081715,
1981.941427558, 1.014940904,
1981.961859618, 1.015385425,
1981.982291777, 1.015478604,
1982.002724035, 1.017975423,
1982.023156194, 1.020062188,
1982.043588252, 1.014664556,
1982.064020509, 1.016332965,
1982.084452666, 1.014712076,
1982.104884722, 1.012728127,
1982.125316978, 1.014473733,
1982.145749034, 1.015348797,
1982.166181189, 1.015562689,
1982.186613444, 1.015096342,
1982.207045498, 1.015610850,
1982.227477652, 1.016415445,
1982.247909905, 1.016435714,
1982.268341958, 1.013567474,
1982.288774111, 1.015691553,
1982.309206363, 1.015880616,
1982.329638415, 1.016544304,
1982.350070566, 1.015754522,
1982.370502817, 1.018061478,
1982.390934967, 1.015111459,
1982.411367117, 1.015403891,
1982.431799267, 1.017092811,
1982.452231416, 1.018392077,
1982.472663564, 1.018234127,
1982.493095712, 1.015532158,
1982.513527861, 1.018928581,
1982.533960108, 1.015838951,
1982.554392155, 1.015356351,
1982.574824301, 1.013903372,
1982.595256547, 1.016887181,
1982.615688593, 1.011401180,
1982.636120738, 1.014180093,
1982.656552983, 1.016043074,
1982.676985027, 1.017673256,
1982.697417171, 1.011652911,
1982.717849415, 1.015995141,
1982.738281458, 1.013421477,
1982.758713601, 1.020148868,
1982.779145843, 1.013256320,
1982.799577885, 1.015877988,
1982.820010026, 1.017617692,
1982.840442267, 1.016133317,
1982.860874407, 1.016904707,
1982.881306548, 1.016042815,
1982.901738687, 1.014933154,
1982.922170726, 1.013315917,
1982.942602965, 1.014564689,
1982.983467141, 1.012407230,
1983.003899379, 1.016487034,
1983.024331516, 1.014719402,
1983.044763553, 1.013361252,
1983.065195789, 1.018355047,
1983.085627925, 1.015099324,
1983.106059960, 1.014469116,
1983.126492195, 1.018185628,
1983.146924329, 1.015784357,
1983.167356364, 1.014568004,
1983.187788597, 1.015011301,
1983.208220731, 1.017934076,
1983.228652864, 1.017829873,
1983.249084996, 1.015584462,
1983.269517128, 1.016532749,
1983.289949259, 1.016637541,
1983.310381391, 1.016517503,
1983.330813521, 1.015809254,
1983.351245751, 1.014249878,
1983.371677881, 1.014592596,
1983.392109911, 1.013332906,
1983.412542140, 1.012861764,
1983.432974268, 1.015632956,
1983.473838524, 1.016664294,
1983.494270651, 1.016720538,
1983.514702679, 1.018035248,
1983.535134905, 1.013182876,
1983.555567031, 1.013949018,
1983.575999057, 1.014884394,
1983.596431282, 1.015710096,
1983.616863407, 1.016215126,
1983.637295431, 1.015161886,
1983.657727655, 1.015056745,
1983.678159678, 1.018181954,
1983.698591902, 1.015672660,
1983.719024024, 1.015152219,
1983.739456046, 1.015527003,
1983.759888168, 1.015588493,
1983.780320390, 1.014517790,
1983.800752511, 1.015028764,
1983.821184631, 1.015815026,
1983.841616751, 1.013437961,
1983.862048871, 1.015531454,
1983.882481090, 1.016743497,
1983.902913109, 1.015369263,
1983.923345228, 1.015974743,
1983.943777446, 1.015553030,
1983.964209463, 1.019026508,
1983.984641581, 1.012481294,
1984.005073797, 1.011661744,
1984.025505814, 1.014788001,
1984.045937930, 1.014568214,
1984.066370145, 1.013758751,
1984.086802160, 1.014195405,
1984.107234275, 1.015027595,
1984.127666489, 1.015450527,
1984.148098503, 1.015744617,
1984.168530617, 1.015832106,
1984.188962830, 1.015533999,
1984.209394942, 1.013892659,
1984.229826955, 1.015016672,
1984.250259166, 1.015673533,
1984.270691278, 1.012946622,
1984.291123388, 1.018134744,
1984.311555499, 1.011639304,
1984.331987609, 1.014321593,
1984.352419819, 1.019125769,
1984.372851828, 1.012532824,
1984.393283837, 1.013584668,
1984.413716045, 1.012748651,
1984.475012369, 1.013752901,
1984.495444475, 1.013574123,
1984.515876482, 1.015443482,
1984.536308687, 1.015903217,
1984.556740793, 1.014347574,
1984.577172798, 1.012761972,
1984.597605003, 1.016771818,
1984.618037107, 1.013907467,
1984.638469211, 1.017473723,
1984.658901315, 1.012397332,
1984.679333418, 1.017687899,
1984.699765520, 1.014024134,
1984.720197723, 1.013969572,
1984.740629724, 1.013385760,
1984.761061926, 1.013874109,
1984.781494027, 1.012450761,
1984.801926028, 1.017112993,
1984.822358228, 1.013808182,
1984.842790328, 1.013443035,
1984.863222327, 1.016301292,
1984.883654526, 1.015761350,
1984.904086624, 1.015017460,
1984.985814914, 1.019007047,
1985.006247111, 1.012194938,
1985.026679207, 1.012618672,
1985.047111303, 1.014351958,
1985.067543398, 1.017641502,
1985.087975493, 1.015289834,
1985.108407587, 1.016514750,
1985.128839681, 1.013084320,
1985.149271775, 1.016325871,
1985.169703768, 1.015245237,
1985.190135961, 1.014086212,
1985.210568054, 1.013884724,
1985.231000245, 1.012996716,
1985.251432237, 1.013600090,
1985.271864328, 1.011907529,
1985.312728510, 1.015628302,
1985.333160599, 1.017727978,
1985.353592789, 1.015254583,
1985.374024778, 1.016869313,
1985.394456867, 1.013837244,
1985.455753131, 1.014821307,
1985.476185318, 1.012491198,
1985.496617304, 1.014637522,
1985.517049391, 1.011398883,
1985.537481577, 1.013421905,
1985.557913662, 1.016349875,
1985.578345647, 1.015167644,
1985.598777832, 1.018602177,
1985.619209916, 1.013264835,
1985.639641900, 1.014904735,
1985.660074084, 1.013511111,
1985.680506166, 1.013959309,
1985.700938349, 1.014060939,
1985.721370331, 1.014649893,
1985.741802413, 1.016635692,
1985.762234595, 1.014106683,
1985.782666576, 1.014094921,
1985.803098656, 1.013276664,
1985.823530837, 1.017164398,
1985.843962816, 1.012673231,
1985.864394896, 1.014841596,
1985.884826975, 1.014237787,
1985.946123210, 1.016295909,
1985.966555287, 1.016737668,
1985.986987364, 1.014650366,
1986.007419441, 1.015225152,
1986.027851517, 1.015001104,
1986.048283593, 1.012344969,
1986.068715768, 1.014343274,
1986.089147743, 1.013922162,
1986.109579818, 1.011926871,
1986.130011992, 1.013766738,
1986.150443966, 1.014109890,
1986.170876139, 1.014623235,
1986.191308212, 1.017182368,
1986.211740185, 1.014393442,
1986.232172357, 1.013709205,
1986.252604429, 1.015320431,
1986.273036400, 1.010533685,
1986.293468572, 1.016176606,
1986.313900642, 1.012370985,
1986.334332612, 1.014768712,
1986.354764782, 1.011910466,
1986.375196851, 1.013966187,
1986.395628920, 1.014147929,
1986.416060989, 1.013569905,
1986.436493057, 1.013638840,
1986.456925125, 1.014969825,
1986.477357193, 1.011983987,
1986.497789260, 1.014500932,
1986.518221326, 1.014901279,
1986.538653492, 1.013922738,
1986.559085459, 1.017482325,
1986.579517524, 1.014318118,
1986.599949589, 1.017170715,
1986.620381654, 1.019602232,
1986.681677845, 1.012800169,
1986.702110008, 1.014528445,
1986.722541971, 1.012543797,
1986.742974033, 1.013869989,
1986.763406195, 1.014850012,
1986.783838156, 1.016595886,
1986.804270218, 1.013506902,
1986.824702378, 1.014668231,
1986.845134339, 1.015290452,
1986.865566399, 1.014488103,
1986.926862576, 1.012973946,
1986.947294735, 1.014953624,
1986.967726792, 1.015743295,
1986.988158750, 1.015152754,
1987.008590907, 1.015972963,
1987.029022964, 1.014281736,
1987.049454920, 1.017550388,
1987.069887076, 1.014545889,
1987.090319132, 1.013956316,
1987.172047450, 1.013877433,
1987.192479404, 1.014982255,
1987.212911457, 1.010944810,
1987.233343610, 1.013358621,
1987.253775563, 1.015686779,
1987.274207615, 1.015666127,
1987.294639767, 1.014263064,
1987.315071718, 1.017130754,
1987.335503769, 1.015023090,
1987.355935919, 1.013429887,
1987.376367869, 1.014159932,
1987.396799919, 1.012905933,
1987.417231968, 1.014383807,
1987.437664017, 1.015436980,
1987.458096066, 1.013765056,
1987.478528214, 1.013148480,
1987.498960162, 1.012445408,
1987.519392309, 1.011613129,
1987.539824356, 1.012846792,
1987.560256303, 1.013979810,
1987.580688449, 1.014421153,
1987.601120495, 1.015888947,
1987.662416630, 1.013598368,
1987.682848575, 1.010082276,
1987.703280719, 1.016381829,
1987.723712762, 1.011690697,
1987.744144805, 1.012757310,
1987.764576848, 1.013286865,
1987.785008890, 1.013044502,
1987.805440932, 1.011837211,
1987.825872974, 1.012494956,
1987.846305015, 1.014007261,
1987.907601137, 1.017424545,
1987.928033176, 1.011018127,
1987.948465315, 1.013840394,
1987.968897254, 1.015171035,
1987.989329393, 1.014460339,
1988.009761431, 1.014336273,
1988.030193369, 1.013480153,
1988.050625506, 1.012767858,
1988.071057543, 1.013400809,
1988.091489480, 1.014790953,
1988.111921616, 1.013857456,
1988.132353552, 1.013965115,
1988.152785587, 1.013927328,
1988.173217723, 1.015854482,
1988.193649657, 1.010758303,
1988.214081692, 1.011409794,
1988.234513826, 1.013229233,
1988.254945759, 1.012231152,
1988.275377792, 1.014811832,
1988.295809925, 1.012791483,
1988.316241957, 1.013668268,
1988.336673889, 1.013194160,
1988.397969983, 1.011432735,
1988.418402114, 1.013419036,
1988.438834144, 1.016292703,
1988.459266274, 1.015290652,
1988.479698203, 1.011793746,
1988.500130232, 1.010439109,
1988.520562360, 1.016085467,
1988.540994289, 1.013230822,
1988.561426317, 1.012740864,
1988.581858444, 1.010699573,
1988.643154524, 1.013656140,
1988.663586450, 1.013424793,
1988.684018476, 1.009736303,
1988.704450601, 1.012885654,
1988.724882526, 1.011242275,
1988.745314550, 1.015715352,
1988.765746674, 1.010801445,
1988.786178698, 1.013441926,
1988.806610621, 1.013267670,
1988.827042744, 1.011108671,
1988.908770732, 1.013294674,
1988.929202853, 1.010497796,
1988.949634874, 1.011097603,
1988.970066794, 1.013637906,
1988.990498914, 1.011580435,
1989.010930934, 1.015177844,
1989.031362853, 1.013786195,
1989.051794972, 1.016179385,
1989.072226990, 1.013228449,
1989.092658908, 1.013192530,
1989.113091026, 1.011379474,
1989.133523044, 1.013004111,
1989.153955060, 1.014832720,
1989.174387077, 1.010705739,
1989.194819093, 1.012848742,
1989.215251109, 1.016276925,
1989.235683124, 1.012532463,
1989.256115139, 1.012502729,
1989.276547154, 1.013292041,
1989.317411182, 1.011233603,
1989.378707222, 1.011728392,
1989.399139334, 1.011290117,
1989.419571346, 1.015805171,
1989.440003258, 1.013890317,
1989.460435370, 1.011982841,
1989.480867381, 1.012613229,
1989.501299292, 1.012519849,
1989.521731402, 1.013823484,
1989.542163412, 1.014723590,
1989.562595321, 1.013189208,
1989.583027430, 1.012709874,
1989.603459439, 1.012176793,
1989.623891347, 1.014234954,
1989.644323455, 1.014081375,
1989.664755463, 1.015394686,
1989.685187370, 1.014045206,
1989.705619477, 1.013174550,
1989.726051484, 1.014767030,
1989.746483390, 1.014664589,
1989.766915496, 1.015281349,
1989.787347501, 1.012443657,
1989.807779406, 1.015459562,
1989.869075619, 1.013151111,
1989.889507523, 1.013699801,
1989.909939526, 1.013744132,
1989.930371629, 1.014231344,
1989.950803531, 1.012859902,
1989.971235534, 1.013222028,
1989.991667636, 1.012273363,
1990.012099537, 1.014475880,
1990.032531538, 1.011931277,
1990.052963638, 1.011545371,
1990.073395539, 1.014505896,
1990.093827539, 1.014788094,
1990.114259638, 1.012612190,
1990.134691637, 1.013737783,
1990.155123536, 1.011878356,
1990.175555635, 1.011723679,
1990.195987633, 1.011288390,
1990.216419531, 1.013823986,
1990.236851628, 1.013232453,
1990.257283625, 1.013665024,
1990.277715622, 1.012759258,
1990.298147618, 1.014024293,
1990.359443605, 1.010320642,
1990.379875500, 1.013509340,
1990.400307594, 1.014291375,
1990.441171482, 1.012927398,
1990.461603576, 1.014517190,
1990.482035569, 1.013248577,
1990.502467561, 1.011940997,
1990.522899554, 1.013136135,
1990.543331545, 1.015271682,
1990.604627519, 1.012762571,
1990.625059510, 1.011245166,
1990.645491600, 1.013244752,
1990.665923490, 1.010600372,
1990.686355479, 1.013888552,
1990.706787568, 1.017265056,
1990.727219457, 1.012048820,
1990.747651545, 1.012247553,
1990.768083533, 1.012635926,
1990.788515421, 1.010623331,
1990.849811382, 1.011836781,
1990.870243468, 1.013170594,
1990.890675454, 1.012078505,
1990.911107339, 1.016455951,
1990.931539424, 1.013003566,
1990.951971409, 1.014602059,
1990.972403394, 1.015557244,
1990.992835377, 1.012759492,
1991.013267361, 1.011784717,
1991.033699345, 1.012101622,
1991.054131327, 1.014481690,
1991.074563310, 1.013217842,
1991.094995193, 1.014219485,
1991.115427274, 1.013915497,
1991.135859256, 1.012299915,
1991.156291337, 1.013315090,
1991.176723218, 1.013410591,
1991.197155198, 1.013048225,
1991.217587279, 1.014708837,
1991.238019158, 1.010205576,
1991.258451138, 1.014436670,
1991.278883217, 1.011248522,
1991.340179152, 1.011660181,
1991.360611030, 1.014330256,
1991.381043007, 1.014598237,
1991.401475084, 1.013239583,
1991.421906960, 1.012683050,
1991.442338937, 1.012840027,
1991.462771013, 1.012406331,
1991.483202988, 1.012692480,
1991.503634863, 1.013764856,
1991.524066938, 1.010806642,
1991.544498913, 1.011884182,
1991.564930787, 1.012892259,
1991.585362860, 1.012609670,
1991.605794834, 1.010738226,
1991.626226907, 1.013356120,
1991.646658780, 1.011875874,
1991.667090752, 1.011606692,
1991.687522824, 1.012734682,
1991.707954696, 1.010022440,
1991.728386667, 1.014823021,
1991.748818638, 1.011787964,
1991.769250609, 1.010524167,
1991.789682579, 1.014699572,
1991.810114549, 1.013553319,
1991.830546519, 1.012156472,
1991.850978488, 1.013204926,
1991.871410457, 1.013668420,
1991.891842425, 1.012317769,
1991.912274393, 1.012944181,
1991.932706361, 1.012352306,
1991.953138328, 1.013129104,
1991.973570296, 1.014392850,
1991.994002362, 1.012082357,
1992.014434229, 1.010694868,
1992.075730126, 1.012406592,
1992.096162191, 1.013183955,
1992.116594156, 1.012894251,
1992.137026020, 1.012183930,
1992.157458084, 1.012096076,
1992.177890048, 1.013082856,
1992.198321911, 1.011723630,
1992.218753974, 1.011713210,
1992.239185937, 1.010622765,
1992.259617799, 1.013672331,
1992.300481822, 1.015657144,
1992.320913784, 1.012919632,
1992.341345745, 1.011340245,
1992.361777705, 1.010943669,
1992.382209665, 1.010138930,
1992.402641625, 1.010139570,
1992.423073585, 1.008836744,
1992.443505644, 1.010567793,
1992.463937603, 1.007709223,
1992.484369461, 1.011908421,
1992.504801519, 1.012045422,
1992.525233377, 1.009249085,
1992.545665334, 1.009101010,
1992.566097392, 1.013263613,
1992.586529248, 1.011400492,
1992.606961205, 1.014368341,
1992.647825117, 1.010956179,
1992.668257072, 1.010102266,
1992.688689127, 1.011940077,
1992.709120982, 1.012262712,
1992.729552936, 1.011095128,
1992.749984990, 1.009917854,
1992.811280850, 1.010905442,
1992.831712803, 1.009383805,
1992.852144755, 1.011880553,
1992.872576707, 1.011165527,
1992.893008659, 1.011526382,
1992.913440610, 1.014115691,
1992.933872561, 1.013011876,
1992.954304512, 1.012395545,
1992.974736562, 1.010459059,
1992.995168412, 1.012730416,
1993.015600362, 1.012560050,
1993.036032411, 1.012535335,
1993.056464260, 1.010726445,
1993.076896208, 1.008568352,
1993.097328257, 1.008225518,
1993.117760104, 1.015492648,
1993.138192052, 1.010385200,
1993.158624099, 1.010332399,
1993.179055946, 1.012983203,
1993.199487893, 1.013744149,
1993.219919939, 1.014831295,
1993.240351785, 1.012900003,
1993.301647621, 1.009497847,
1993.322079665, 1.011322412,
1993.342511609, 1.012205897,
1993.362943453, 1.008756441,
1993.383375497, 1.013331287,
1993.403807440, 1.011959586,
1993.424239283, 1.010712453,
1993.444671325, 1.010437941,
1993.465103268, 1.011476623,
1993.485535109, 1.010004037,
1993.546830933, 1.013101834,
1993.567262973, 1.012110453,
1993.587694914, 1.010683376,
1993.608126754, 1.013491594,
1993.628558793, 1.012737392,
1993.648990732, 1.011244976,
1993.669422771, 1.010896308,
1993.689854610, 1.010275561,
1993.710286548, 1.013689225,
1993.730718586, 1.012464137,
1993.751150423, 1.010280294,
1993.771582361, 1.011227566,
1993.792014397, 1.011498781,
1993.812446334, 1.013397289,
1993.832878170, 1.010999233,
1993.853310206, 1.013654501,
1993.873742141, 1.010007335,
1993.894173977, 1.010998575,
1993.914606012, 1.009847560,
1993.935037946, 1.013041315,
1993.955469780, 1.010275074,
1993.975901814, 1.010970091,
1994.037197614, 1.011517338,
1994.057629446, 1.012206293,
1994.078061479, 1.011303673,
1994.098493411, 1.008870758,
1994.118925242, 1.014079997,
1994.139357274, 1.010540538,
1994.159789204, 1.013814573,
1994.180221135, 1.011061345,
1994.200653065, 1.011505754,
1994.221084995, 1.012250251,
1994.282380783, 1.011250329,
1994.302812712, 1.014937394,
1994.323244640, 1.010739557,
1994.343676568, 1.011580240,
1994.364108496, 1.015999891,
1994.384540523, 1.011337277,
1994.404972350, 1.011482080,
1994.425404277, 1.010598557,
1994.445836303, 1.012087939,
1994.466268129, 1.012646993,
1994.486700155, 1.009129564,
1994.507132080, 1.011272644,
1994.527563905, 1.012036794,
1994.547995930, 1.009747894,
1994.568427855, 1.008767781,
1994.588859679, 1.013766306,
1994.609291702, 1.010826402,
1994.629723626, 1.013185779,
1994.650155549, 1.010841028,
1994.670587472, 1.011380502,
1994.691019394, 1.012372892,
1994.711451216, 1.010450241,
1994.772746981, 1.011503473,
1994.813610922, 1.010814413,
1994.834042742, 1.011800359,
1994.854474762, 1.013143405,
1994.874906682, 1.012021308,
1994.895338701, 1.011287157,
1994.915770520, 1.011496203,
1994.936202438, 1.009690663,
1994.956634457, 1.012664052,
1995.017930210, 1.009884761,
1995.038362027, 1.012151178,
1995.058793943, 1.011008611,
1995.079225960, 1.010889220,
1995.099657776, 1.014837344,
1995.120089691, 1.013703983,
1995.140521707, 1.009638838,
1995.160953522, 1.015170901,
1995.181385437, 1.009976593,
1995.201817451, 1.011743080,
1995.263113193, 1.009357571,
1995.283545106, 1.012207753,
1995.303977019, 1.011624106,
1995.324408931, 1.012565615,
1995.344840843, 1.013799205,
1995.365272755, 1.010341184,
1995.385704667, 1.009390073,
1995.406136578, 1.009385427,
1995.426568489, 1.009407215,
1995.447000400, 1.011499905,
1995.467432310, 1.015702528,
1995.487864220, 1.012656695,
1995.508296130, 1.010129065,
1995.528727939, 1.010771823,
1995.549159948, 1.011207315,
1995.569591857, 1.010543625,
1995.590023765, 1.009500190,
1995.610455673, 1.014238275,
1995.630887581, 1.008585995,
1995.651319489, 1.014295743,
1995.671751396, 1.013374848,
1995.692183303, 1.011710714,
1995.753479021, 1.013314630,
1995.773911027, 1.011229102,
1995.794342932, 1.011718345,
1995.814774737, 1.009880541,
1995.835206742, 1.013842192,
1995.855638646, 1.011260123,
1995.876070450, 1.012245664,
1995.896502454, 1.013349380,
1995.916934357, 1.016847899,
1995.937366160, 1.011943497,
1995.998661868, 1.010106440,
1996.019093870, 1.012111827,
1996.039525771, 1.011966057,
1996.080389573, 1.011407000,
1996.100821474, 1.011089527,
1996.121253374, 1.011519003,
1996.141685274, 1.006944124,
1996.162117174, 1.007976497,
1996.182549073, 1.008593045,
1996.202980972, 1.012980797,
1996.223412871, 1.007686644,
1996.243844869, 1.012580846,
1996.264276667, 1.011894920,
1996.284708565, 1.011551945,
1996.305140563, 1.009150240,
1996.325572360, 1.010163675,
1996.346004257, 1.009869994,
1996.366436254, 1.012297061,
1996.386868050, 1.009668574,
1996.407299946, 1.011508984,
1996.427731941, 1.011635705,
1996.489027627, 1.008301135,
1996.509459421, 1.007447704,
1996.529891415, 1.008281128,
1996.550323309, 1.010889244,
1996.570755203, 1.007960655,
1996.591187096, 1.008512090,
1996.611618989, 1.011046301,
1996.632050881, 1.011701730,
1996.652482773, 1.013718781,
1996.672914666, 1.011819046,
1996.734210340, 1.008644467,
1996.754642230, 1.012808472,
1996.775074221, 1.010887894,
1996.795506011, 1.006264806,
1996.815937901, 1.009192357,
1996.836369891, 1.011181160,
1996.856801680, 1.011893376,
1996.877233569, 1.012467291,
1996.897665457, 1.008650053,
1996.918097346, 1.009896647,
1996.979393009, 1.010726325,
1996.999824996, 1.006311062,
1997.020256783, 1.010560786,
1997.040688670, 1.011659685,
1997.061120656, 1.010497483,
1997.101984327, 1.010248434,
1997.122416313, 1.012748465,
1997.142848198, 1.009379127,
1997.163279982, 1.011529755,
1997.224575635, 1.009615810,
1997.245007618, 1.010757175,
1997.265439502, 1.009047031,
1997.285871285, 1.013483050,
1997.306303267, 1.012093305,
1997.326735149, 1.010089723,
1997.347167132, 1.011217254,
1997.367598913, 1.012030843,
1997.388030795, 1.011937513,
1997.408462776, 1.009023404,
1997.428894557, 1.011863442,
1997.449326437, 1.010581043,
1997.469758417, 1.012350016,
1997.490190198, 1.012099301,
1997.510622077, 1.010347425,
1997.531054057, 1.009751670,
1997.551485935, 1.012253388,
1997.571917714, 1.008613176,
1997.592349693, 1.012187636,
1997.612781471, 1.011922269,
1997.633213349, 1.012977040,
1997.653645327, 1.012522908,
1997.714940957, 1.009711022,
1997.735372734, 1.011833354,
1997.755804710, 1.009558821,
1997.776236586, 1.008752288,
1997.796668361, 1.009069313,
1997.817100336, 1.010649028,
1997.837532211, 1.014260618,
1997.857963986, 1.009214928,
1997.878395960, 1.011775050,
1997.898827834, 1.010219877,
1997.960123455, 1.011702417,
1997.980555328, 1.012112468,
1998.000987200, 1.010979403,
1998.021419072, 1.012759313,
1998.041850945, 1.011920339,
1998.062282916, 1.009379672,
1998.082714688, 1.011194038,
1998.103146659, 1.009324835,
1998.123578530, 1.011388485,
1998.144010300, 1.012612839,
1998.164442270, 1.006914424,
1998.184874140, 1.008023786,
1998.205305910, 1.010962943,
1998.225737879, 1.012630365,
1998.246169749, 1.011430857,
1998.266601517, 1.010630808,
1998.287033486, 1.009560323,
1998.307465354, 1.008805559,
1998.348329090, 1.006825742,
1998.368760857, 1.007950201,
1998.389192824, 1.008899387,
1998.450488323, 1.009481264,
1998.470920290, 1.010566929,
1998.491352155, 1.009837204,
1998.511784020, 1.010242149,
1998.532215886, 1.010072016,
1998.552647750, 1.008974493,
1998.573079715, 1.010618653,
1998.593511479, 1.010911240,
1998.613943343, 1.010214933,
1998.634375306, 1.011266129,
1998.695670896, 1.010109114,
1998.716102658, 1.011050161,
1998.736534520, 1.006756169,
1998.756966482, 1.008296154,
1998.777398244, 1.012489310,
1998.797830105, 1.011868251,
1998.818262066, 1.008747701,
1998.838693827, 1.011430673,
1998.859125687, 1.009136616,
1998.879557647, 1.010347113,
1998.899989507, 1.010526956,
1998.920421367, 1.010430368,
1998.940853226, 1.011914792,
1998.961285085, 1.008308288,
1998.981716944, 1.011020526,
1999.002148803, 1.011251630,
1999.022580661, 1.009478786,
1999.043012619, 1.008072730,
1999.063444377, 1.013074809,
1999.083876234, 1.008947332,
1999.104308091, 1.010110313,
1999.124739948, 1.012183892,
1999.186035516, 1.011766540,
1999.206467272, 1.010295585,
1999.226899227, 1.011964058,
1999.247331083, 1.008720965,
1999.267763037, 1.010266222,
1999.288194792, 1.012007843,
1999.308626646, 1.009691708,
1999.329058600, 1.009947995,
1999.349490354, 1.010566743,
1999.369922207, 1.006776540,
1999.390354160, 1.010562440,
1999.410786014, 1.008545251,
1999.431217766, 1.013424490,
1999.451649718, 1.007755205,
1999.472081570, 1.010150360,
1999.492513322, 1.012252135,
1999.512945274, 1.009555454,
1999.533377125, 1.010392831,
1999.553808876, 1.008134254,
1999.574240826, 1.012307331,
1999.594672677, 1.008544216,
1999.615104427, 1.009417784,
1999.676400176, 1.013733411,
1999.696831924, 1.010185877,
1999.717263773, 1.007769956,
1999.737695722, 1.010183661,
1999.758127470, 1.009090033,
1999.778559318, 1.010535980,
1999.798991265, 1.006650514,
1999.819423013, 1.009256944,
1999.839854860, 1.007583706,
1999.860286706, 1.009785122,
1999.921582245, 1.009651465,
1999.942014091, 1.010603422,
1999.962445936, 1.010055071,
1999.982877881, 1.008924245,
2000.003309626, 1.008766296,
2000.023741571, 1.012444500,
2000.044173415, 1.009425963,
2000.064605159, 1.009618583,
2000.085037103, 1.011327754,
2000.105468947, 1.012110242,
2000.125900690, 1.008845383,
2000.146332633, 1.009151539,
2000.166764475, 1.010121381,
2000.187196218, 1.011542567,
2000.207628160, 1.012161000,
2000.228060002, 1.010224388,
2000.248491843, 1.008549975,
2000.268923685, 1.010447860,
2000.289355526, 1.008925419,
2000.309787366, 1.007464647,
2000.330219207, 1.008254572,
2000.350651047, 1.012947011,
2000.411946566, 1.011961785,
2000.432378506, 1.008204255,
2000.452810345, 1.008791536,
2000.473242083, 1.008116993,
2000.493674021, 1.010285051,
2000.514105860, 1.007997665,
2000.534537598, 1.010426564,
2000.554969535, 1.010155841,
2000.575401372, 1.007814431,
2000.595833109, 1.006601758,
2000.636696783, 1.008032410,
2000.657128619, 1.011153254,
2000.677560555, 1.008400945,
2000.697992290, 1.008784040,
2000.718424126, 1.009800553,
2000.738856061, 1.011301386,
2000.759287796, 1.011401904,
2000.779719730, 1.015216332,
2000.800151565, 1.009669960,
2000.820583399, 1.010753090,
2000.841015233, 1.011041479,
2000.861447066, 1.009131077,
2000.881878900, 1.010572258,
2000.902310733, 1.011665042,
2000.922742565, 1.008143792,
2000.963606330, 1.008242282,
2000.984038062, 1.010489879,
2001.004469894, 1.008453056,
2001.024901825, 1.007463825,
2001.045333556, 1.011375952,
2001.065765387, 1.007231178,
2001.086197318, 1.008415931,
2001.147492808, 1.010123003,
2001.167924538, 1.007648149,
2001.188356467, 1.010722254,
2001.208788296, 1.009068035,
2001.229220125, 1.012852490,
2001.249651954, 1.014301286,
2001.270083682, 1.004838770,
2001.290515610, 1.011115394,
2001.310947438, 1.010471959,
2001.331379265, 1.009660220,
2001.351810993, 1.008278968,
2001.372242920, 1.008087934,
2001.392674746, 1.008649983,
2001.413106473, 1.008169488,
2001.433538399, 1.012816894,
2001.453970225, 1.012953479,
2001.474401951, 1.009562166,
2001.494833876, 1.011365717,
2001.515265701, 1.012268886,
2001.535697626, 1.009316983,
2001.556129351, 1.006664983,
2001.576561175, 1.009821835,
2001.637856647, 1.007177526,
2001.658288570, 1.008951865,
2001.678720293, 1.008190260,
2001.699152116, 1.013604131,
2001.719584039, 1.009512951,
2001.740015761, 1.006841707,
2001.760447583, 1.008739019,
2001.780879505, 1.009365549,
2001.801311327, 1.010605854,
2001.821743048, 1.007843792,
2001.842174969, 1.006820434,
2001.862606790, 1.009165375,
2001.883038710, 1.007749775,
2001.903470431, 1.010106564,
2001.923902251, 1.010327978,
2001.944334171, 1.008097090,
2001.964765890, 1.011175113,
2001.985197709, 1.009206296,
2002.005629528, 1.011172712,
2002.026061347, 1.008427202,
2002.046493166, 1.011265270,
2002.066924984, 1.010823719,
2002.128220437, 1.007981994,
2002.148652254, 1.008550841,
2002.169084071, 1.011721786,
2002.189515888, 1.005211621,
2002.209947705, 1.010293601,
2002.230379621, 1.009170159,
2002.250811337, 1.009842900,
2002.271243152, 1.014658009,
2002.291675068, 1.009587415,
2002.312106883, 1.007357830,
2002.332538598, 1.010514574,
2002.352970513, 1.005975382,
2002.373402327, 1.010209823,
2002.393834042, 1.009547678,
2002.414265956, 1.010278522,
2002.434697769, 1.008791550,
2002.455129483, 1.010667770,
2002.475561396, 1.008170746,
2002.495993209, 1.011976645,
2002.516424922, 1.009845742,
2002.536856834, 1.009665698,
2002.557288646, 1.009962731,
2002.639015993, 1.010934971,
2002.659447704, 1.008162145,
2002.679879515, 1.007313221,
2002.700311425, 1.010362814,
2002.720743135, 1.007901030,
2002.741174945, 1.009916072,
2002.761606755, 1.006659958,
2002.782038565, 1.008610111,
2002.802470374, 1.009439411,
2002.822902283, 1.010653722,
2002.843333992, 1.008008719,
2002.863765800, 1.010354589,
2002.884197709, 1.010269585,
2002.904629416, 1.008066168,
2002.925061224, 1.012504976,
2002.945493132, 1.005963675,
2002.965924839, 1.007955574,
2002.986356746, 1.008837870,
2003.006788553, 1.007727417,
2003.027220259, 1.008747817,
2003.047652166, 1.008067566,
2003.108947583, 1.005257009,
2003.129379389, 1.008739734,
2003.149811194, 1.006277375,
2003.170242999, 1.009185312,
2003.190674803, 1.007740920,
2003.211106608, 1.009207972,
2003.231538412, 1.009086912,
2003.251970216, 1.007286868,
2003.272402019, 1.006087679,
2003.292833923, 1.007682508,
2003.313265626, 1.010331510,
2003.333697529, 1.007373089,
2003.354129331, 1.008336938,
2003.374561034, 1.007992230,
2003.394992936, 1.007069938,
2003.415424738, 1.008701777,
2003.435856440, 1.007248223,
2003.456288341, 1.011337933,
2003.476720042, 1.010406365,
2003.497151843, 1.009974053,
2003.517583744, 1.008408414,
2003.538015445, 1.007154039,
2003.599310845, 1.006747632,
2003.619742644, 1.008205029,
2003.640174544, 1.010791366,
2003.681038142, 1.011583760,
2003.701469940, 1.009014263,
2003.721901739, 1.008134696,
2003.742333537, 1.009515103,
2003.762765335, 1.007319883,
2003.783197132, 1.006302018,
2003.803629030, 1.009620043,
2003.824060727, 1.005757750,
2003.844492524, 1.009794266,
2003.864924421, 1.008900292,
2003.885356117, 1.004247469,
2003.905787913, 1.007827524,
2003.926219809, 1.005880280,
2003.946651505, 1.007898610,
2003.967083300, 1.009463500,
2003.987515196, 1.010000967,
2004.007946891, 1.006996862,
2004.028378786, 1.008887311,
2004.089674169, 1.009741110,
2004.110105963, 1.008310077,
2004.130537756, 1.006009458,
2004.150969550, 1.009544733,
2004.171401343, 1.009896473,
2004.191833136, 1.009337958,
2004.212264929, 1.011168963,
2004.232696721, 1.007105654,
2004.253128413, 1.006110275,
2004.273560306, 1.013164299,
2004.293992097, 1.010676531,
2004.314423789, 1.008827880,
2004.334855680, 1.007429379,
2004.355287471, 1.008879417,
2004.375719362, 1.006955056,
2004.396151053, 1.010634488,
2004.416582843, 1.007216213,
2004.437014733, 1.008663314,
2004.457446423, 1.006956707,
2004.477878213, 1.004165281,
2004.498310102, 1.036361119,
2004.518741792, 0.899416483,
2004.580037158, 1.009004990,
2004.600468946, 1.008310909,
2004.620900835, 1.009919228,
2004.641332622, 1.011172021,
2004.661764310, 1.008469260,
2004.682196198, 1.006989749,
2004.702627985, 1.006533787,
2004.723059772, 1.007389038,
2004.743491559, 1.006126473,
2004.763923345, 1.009154866,
2004.825218703, 1.006133432,
2004.845650489, 1.004994461,
2004.866082274, 1.007786638,
2004.886514059, 1.006595084,
2004.906945844, 1.007009719,
2004.927377629, 1.008991559,
2004.947809413, 1.005095339,
2004.968241198, 1.009691763,
2004.988672982, 1.007722271,
2005.009104766, 1.010502281,
2005.029536549, 1.006990475,
2005.049968333, 1.008911671,
2005.070400216, 1.008901059,
2005.090831899, 1.006235482,
2005.111263681, 1.006825864,
2005.131695564, 1.011414539,
2005.152127346, 1.008468005,
2005.172559028, 1.008004462,
2005.192990910, 1.006445938,
2005.213422691, 1.007119000,
2005.233854372, 1.008463680,
2005.254286254, 1.010055123,
2005.295149715, 1.009206057,
2005.315581596, 1.009233264,
2005.336013376, 1.006248782,
2005.356445056, 1.008192743,
2005.376876936, 1.006121693,
2005.397308715, 1.007946783,
2005.417740594, 1.007536332,
2005.438172274, 1.007257328,
2005.458604053, 1.010592552,
2005.479035931, 1.009011349,
2005.499467610, 1.007614442,
2005.519899388, 1.010028861,
2005.540331266, 1.008680711,
2005.560762944, 1.006330278,
2005.581194721, 1.009416497,
2005.601626599, 1.009367640,
2005.622058276, 1.005963080,
2005.642490053, 1.009360408,
2005.662921830, 1.007773774,
2005.683353606, 1.009462813,
2005.703785382, 1.010867346,
2005.724217258, 1.009063527,
2005.744648934, 1.010372242,
2005.805944260, 1.007622546,
2005.826376135, 1.008013822,
2005.846807910, 1.009431450,
2005.867239585, 1.005912381,
2005.887671459, 1.009487020,
2005.908103233, 1.007884109,
2005.928534907, 1.008232639,
2005.948966780, 1.006694266,
2005.969398554, 1.006422637,
2005.989830327, 1.007443233,
2006.010262100, 1.005530697,
2006.030693873, 1.007832746,
2006.051125646, 1.009626987,
2006.071557418, 1.006968852,
2006.091989190, 1.010263981,
2006.112421062, 1.006863370,
2006.132852734, 1.007005739,
2006.153284505, 1.007991628,
2006.173716377, 1.008675831,
2006.194148148, 1.010005851,
2006.214579819, 1.005801555,
2006.235011689, 1.006205224,
2006.255443460, 1.008419657,
2006.275875130, 1.008624991,
2006.296307000, 1.005077151,
2006.316738770, 1.007043022,
2006.337170439, 1.009884743,
2006.357602309, 1.004958220,
2006.378033978, 1.007349353,
2006.398465747, 1.005873825,
2006.418897616, 1.007117083,
2006.439329284, 1.004483899,
2006.459761152, 0.996825603,
2006.480192921, 0.938454444,
2006.541488224, 1.006081419,
2006.561919991, 1.009176254,
2006.582351758, 1.010012820,
2006.602783525, 1.008338890,
2006.623215292, 1.006507551,
2006.643647158, 1.009871563,
2006.664078824, 1.007798078,
2006.684510590, 1.006954602,
2006.704942456, 1.007500208,
2006.725374122, 1.006598477,
2006.745805887, 1.008728202,
2006.766237752, 1.008552257,
2006.786669417, 1.007029518,
2006.807101282, 1.006899495,
2006.827533047, 1.008620780,
2006.847964711, 1.008997068,
2006.868396575, 1.009972435,
2006.888828339, 1.006030210,
2006.909260003, 1.007334652,
2006.929691866, 1.010196287,
2006.950123630, 1.010272597,
2006.970555293, 1.009001201,
2007.031850681, 1.008864017,
2007.052282443, 1.008402071,
2007.072714205, 1.009713066,
2007.093145967, 1.008977497,
2007.113577729, 1.007416488,
2007.134009490, 1.007640014,
2007.154441252, 1.004065557,
2007.174873013, 1.007987945,
2007.195304773, 1.008094726,
2007.215736634, 1.008673709,
2007.236168295, 1.007580929,
2007.256600055, 1.009382550,
2007.277031915, 1.006596125,
2007.297463575, 1.006896770,
2007.317895335, 1.005588734,
2007.338327194, 1.007179887,
2007.358758853, 1.007408825,
2007.379190612, 1.005602584,
2007.399622471, 1.007420205,
2007.420054130, 1.008695082,
2007.440485988, 1.007814323,
2007.460917746, 1.007042473,
2007.522213020, 1.006776479,
2007.542644777, 1.007144158,
2007.563076534, 1.009411372,
2007.583508292, 1.006132537,
2007.603940049, 1.007168593,
2007.624371905, 1.005736795,
2007.644803562, 1.006795644,
2007.665235318, 1.008762000,
2007.685667174, 1.007331672,
2007.706098830, 1.007747864,
2007.726530585, 1.005115385,
2007.746962341, 1.006495799,
2007.767394096, 1.006109528,
2007.787825951, 1.005181672,
2007.808257706, 1.005240760,
2007.828689361, 1.007365928,
2007.849121215, 1.007766352,
2007.869552869, 1.006742788,
2007.889984623, 1.007618469,
2007.910416477, 1.007016107,
2007.930848131, 1.008701442,
2007.951279884, 1.005724198,
2007.971711738, 1.010394176,
2007.992143391, 1.005779102,
2008.012575144, 1.007506226,
2008.033006996, 1.010584381,
2008.053438749, 1.009608238,
2008.073870401, 1.008734507,
2008.094302253, 1.008018513,
2008.114734005, 1.003200599,
2008.135165757, 1.005543283,
2008.155597508, 1.011903041,
2008.176029260, 1.008618258,
2008.196461111, 1.007066357,
2008.257756363, 1.003797277,
2008.278188013, 1.008344875,
2008.298619764, 1.006496095,
2008.319051614, 1.006150312,
2008.339483264, 1.005375163,
2008.359915013, 1.006697382,
2008.380346862, 1.008061923,
2008.400778512, 1.007333356,
2008.421210261, 1.006932238,
2008.441642109, 1.004922891,
2008.523369103, 1.008410085,
2008.543800851, 1.007413798,
2008.564232598, 1.007083160,
2008.584664246, 1.006223194,
2008.605096093, 1.006912439,
2008.625527840, 1.008605303,
2008.645959487, 1.007665455,
2008.666391334, 1.007068684,
2008.686823081, 1.009073352,
2008.707254727, 1.007146083,
2008.727686573, 1.005681122,
2008.748118319, 1.006827503,
2008.768550165, 1.010331284,
2008.809413556, 1.008604344,
2008.829845401, 1.008899098,
2008.850277046, 1.004478916,
2008.870708791, 1.006609869,
2008.891140636, 1.008076330,
2008.911572280, 1.010252252,
2008.932004024, 1.007769177,
2008.952435868, 1.010943665,
2008.972867512, 1.006022152,
2008.993299256, 1.005329199,
2009.013731100, 1.005428526,
2009.034162843, 1.005164331,
2009.054594486, 1.006638175,
2009.075026329, 1.007675442,
2009.095458072, 1.005908912,
2009.115889815, 1.008186768,
2009.136321557, 1.004336406,
2009.156753299, 1.003976019,
2009.177185142, 1.007454911,
2009.238480267, 1.006854012,
2009.258912008, 1.005156366,
2009.279343649, 1.006569300,
2009.299775490, 1.004960687,
2009.320207231, 1.006320681,
2009.340638871, 1.007888219,
2009.361070712, 1.003126982,
2009.381502452, 1.009438737,
2009.401934292, 1.006280080,
2009.422365932, 1.004823147,
2009.442797672, 1.006166741,
2009.463229511, 1.008179735,
2009.483661150, 1.007924851,
2009.504092890, 1.006450780,
2009.524524729, 1.011736341,
2009.544956467, 1.008730442,
2009.565388106, 1.007501411,
2009.585819944, 1.008792425,
2009.606251683, 1.009331382,
2009.626683321, 1.005325862,
2009.647115159, 1.005891368,
2009.667546896, 1.005950788,
2009.687978534, 1.006378190,
2009.708410371, 1.007632328,
2009.728842109, 1.005977766,
2009.749273946, 1.007661133,
2009.769705582, 1.004888387,
2009.790137319, 1.008029357,
2009.810569155, 1.008763801,
2009.831000792, 1.007707378,
2009.851432528, 1.004780878,
2009.871864264, 1.006482069,
2009.892296000, 1.006904726,
2009.912727735, 1.010454945,
2009.974022941, 1.004630776,
2009.994454676, 1.006511762,
2010.014886410, 1.007550580,
2010.035318145, 1.005358755,
2010.055749879, 1.005777238,
2010.076181614, 1.006592625,
2010.096613447, 1.006704916,
2010.117045181, 1.007744296,
2010.137476815, 1.009059356,
2010.157908648, 1.007400154,
2010.178340382, 1.009238530,
2010.198772015, 1.005623909,
2010.219203848, 1.006866845,
2010.239635580, 1.005287617,
2010.260067213, 1.005057304,
2010.280499046, 1.007867701,
2010.300930778, 1.008745985,
2010.321362410, 1.008106827,
2010.341794242, 1.009879657,
2010.362225974, 1.004970403,
2010.382657805, 1.008864387,
2010.403089436, 1.004295370,
2010.464384630, 1.005387671,
2010.484816360, 1.010287514,
2010.505248191, 1.004864028,
2010.525679921, 1.007881966,
2010.546111551, 1.004955053,
2010.566543382, 1.004819863,
2010.586975111, 1.006853842,
2010.607406741, 1.006682634,
2010.627838571, 1.005365583,
2010.648270300, 1.007267100,
2010.668701929, 1.005176469,
2010.689133758, 1.007011019,
2010.709565387, 1.005851686,
2010.729997216, 1.006495502,
2010.750428944, 1.010136610,
2010.770860572, 1.008883859,
2010.791292400, 1.005326280,
2010.811724128, 1.006769378,
2010.832155756, 1.008977367,
2010.852587584, 1.005197405,
2010.873019311, 1.002791536,
2010.893450939, 1.005756693,
2010.913882766, 1.008638310,
2010.934314493, 1.006854670,
2010.954746220, 1.000892958,
2010.975177947, 1.009189252,
2010.995609673, 1.002360498,
2011.016041499, 1.007833143,
2011.036473226, 1.007000394,
2011.056904851, 1.004562494,
2011.077336677, 1.005321844,
2011.097768403, 1.006469354,
2011.118200028, 1.007434936,
2011.138631854, 1.004225462,
2011.179495204, 1.006074860,
2011.199927029, 1.007032676,
2011.220358753, 1.008869857,
2011.240790378, 1.005383214,
2011.261222202, 1.006353129,
2011.281653927, 1.005725568,
2011.302085551, 1.006812613,
2011.322517375, 1.007616029,
2011.342949098, 1.007656067,
2011.363380822, 1.006920736,
2011.383812545, 1.005574835,
2011.445107714, 1.007014336,
2011.465539437, 1.002018375,
2011.485971160, 1.006515073,
2011.506402882, 1.006025730,
2011.526834604, 1.008029288,
2011.547266426, 1.006066713,
2011.567698048, 1.004696086,
2011.588129770, 1.006155926,
2011.608561592, 1.004275697,
2011.628993213, 1.004456508,
2011.649425034, 1.003040628,
2011.669856756, 1.007662329,
2011.690288376, 1.005422681,
2011.710720197, 1.004574410,
2011.731151918, 1.003613736,
2011.751583538, 1.006719646,
2011.772015359, 1.004054945,
2011.792447079, 1.003345689,
2011.812878699, 1.007271943,
2011.833310519, 1.005943103,
2011.853742239, 1.003095842,
2011.874173958, 1.007433575,
2011.894605677, 1.008126931,
2011.915037397, 1.002474121,
2011.935469216, 1.004018557,
2011.955900835, 1.002899698,
2011.976332554, 1.007257735,
2011.996764372, 1.004705575,
2012.017196091, 1.006202504,
2012.037627709, 1.004745508,
2012.058059527, 1.003665347,
2012.078491145, 1.005514996,
2012.098922863, 1.003648518,
2012.119354680, 1.005710004,
2012.139786298, 1.003828353,
2012.160218015, 1.002427532,
2012.180649833, 1.019423487,
2012.201081450, 1.005379381,
2012.221513167, 1.005779200,
2012.241944983, 1.003594477,
2012.262376600, 1.005383919,
2012.282808416, 1.005979964,
2012.303240133, 1.003761242,
2012.323671749, 1.002620131,
2012.344103565, 1.002990333,
2012.364535280, 1.002119976,
2012.425830427, 1.006924308,
2012.446262142, 1.006459244,
2012.466693858, 1.004480441,
2012.487125572, 1.007888694,
2012.507557287, 1.005330401,
2012.527989002, 1.001796074,
2012.548420716, 1.005194971,
2012.568852531, 1.006641102,
2012.589284245, 1.003799728,
2012.609715859, 1.002841713,
2012.630147673, 1.004508485,
2012.650579386, 1.004719779,
2012.671011000, 1.005273350,
2012.691442813, 1.003506923,
2012.711874527, 1.006797257,
2012.732306140, 1.004835191,
2012.752737953, 1.003186455,
2012.773169666, 1.003186811,
2012.793601278, 1.005269952,
2012.814033091, 1.005999790,
2012.834464803, 1.005331468,
2012.854896515, 1.006585655,
2012.916191651, 1.006314291,
2012.936623363, 1.006946222,
2012.957055074, 1.005365910,
2012.977486786, 1.004000342,
2012.997918497, 1.004556217,
2013.018350208, 1.005222595,
2013.038781919, 1.006130974,
2013.059213630, 1.004796220,
2013.079645340, 1.005075475,
2013.100077151, 1.005226381,
2013.120508761, 1.003719611,
2013.140940571, 1.003814707,
2013.161372281, 1.008330854,
2013.181803891, 1.003934102,
2013.202235701, 1.002219055,
2013.222667411, 1.007363779,
2013.243099020, 1.004025473,
2013.263530830, 1.004221373,
2013.283962539, 1.003392489,
2013.304394148, 1.003544560,
2013.324825957, 1.003278690,
2013.345257665, 1.005109935,
2013.365689274, 1.005107869,
2013.386121082, 1.001089262,
2013.406552791, 1.006602861,
2013.426984499, 1.001855111,
2013.447416207, 1.005238952,
2013.467847915, 1.002759938,
2013.488279623, 1.002441380,
2013.508711330, 1.004930393,
2013.529143038, 1.002716596,
2013.549574745, 1.003827714,
2013.570006452, 1.007310480,
2013.590438159, 1.006132253,
2013.610869966, 1.005065592,
2013.631301573, 1.003535356,
2013.651733280, 1.004853506,
2013.672165086, 1.002855919,
2013.692596693, 1.001705876,
2013.713028399, 1.003391512,
2013.733460205, 1.003176857,
2013.753891811, 1.004349240,
2013.774323617, 1.002491576,
2013.794755322, 1.005945045,
2013.815186928, 1.001335475,
2013.835618733, 1.004191898,
2013.896913849, 1.003519969,
2013.917345554, 0.999786840,
2013.937777258, 1.003915017,
2013.958208963, 1.003565921,
2013.978640667, 1.002912134,
2013.999072371, 1.003150815,
2014.019504076, 1.003824106,
2014.039935780, 1.004081714,
2014.060367584, 1.003162680,
2014.080799287, 1.005228561,
2014.101230891, 1.004877743,
2014.121662694, 1.003153226,
2014.142094398, 1.003877265,
2014.162526001, 1.005193184,
2014.182957804, 1.002986810,
2014.203389507, 1.004589706,
2014.223821110, 1.004412578,
2014.244252913, 1.002438001,
2014.264684515, 1.002236761,
2014.285116218, 1.004833801,
2014.305548020, 1.001064150,
2014.325979622, 1.007444321,
2014.346411424, 1.000639588,
2014.366843126, 1.003859135,
2014.387274728, 1.003704429,
2014.407706529, 1.001652150,
2014.428138231, 1.003271655,
2014.448569932, 1.001772699,
2014.469001633, 1.001732295,
2014.489433334, 1.002845697,
2014.509865035, 1.000163514,
2014.530296736, 1.001746586,
2014.550728437, 1.003029988,
2014.571160138, 1.005000185,
2014.591591938, 1.000599100,
2014.612023538, 1.000149013,
2014.632455338, 0.999597044,
2014.652887039, 1.000872380,
2014.673318638, 1.003142926,
2014.693750438, 1.002882109,
2014.714182138, 1.002396373,
2014.734613737, 0.999469167,
2014.755045537, 1.004062529,
2014.775477236, 1.002336929,
2014.795908835, 0.999992393,
2014.816340634, 1.002617847,
2014.877635731, 1.005145367,
2014.898067429, 1.000937205,
2014.918499128, 1.002173270,
2014.938930826, 1.003204908,
2014.959362524, 1.004155169,
2014.979794222, 1.001844930,
2017.860663076, 0.990347532,
2017.881094858, 0.989235920,
2017.901526440, 0.990969219,
2017.921958123, 0.992601060,
2017.942389904, 0.988557793,
2017.962821486, 0.990504100,
2017.983253168, 0.991281713,
2018.003684949, 0.991312118,
2018.024116531, 0.992757524,
2018.044548212, 0.990911158,
2018.064979994, 0.989211841,
2018.085411575, 0.986962875,
2018.105843356, 0.988105200,
2018.126275037, 0.989116032,
2018.146706718, 0.991943739,
2018.167138399, 0.992178619,
2018.187570080, 0.989705955,
2018.208001760, 0.990591925,
2018.228433441, 0.989734457,
2018.248865121, 0.992020300,
2018.269296802, 0.989817074,
2018.289728582, 0.991294217,
2018.310160162, 0.991113633,
2018.330591842, 0.989595685,
2018.351023622, 0.992845690,
2018.371455202, 0.989469511,
2018.391886982, 0.990128305,
2018.412318662, 0.991073950,
2018.432750241, 0.989503833,
2018.453182021, 0.991253470,
2018.473613700, 0.993195927,
2018.494045280, 0.991855874,
2018.514477059, 0.989182662,
2018.534908638, 0.990477474,
2018.555340317, 0.989757792,
2018.575772096, 0.986063182,
2018.596203675, 0.988891239,
2018.616635454, 0.990412934,
2018.637067133, 0.988620258,
2018.657498811, 0.989455374,
2018.677930490, 0.990170936,
2018.698362168, 0.989721435,
2018.718793847, 0.985708257,
2018.739225525, 0.984094385,
2018.800520659, 0.989735147,
2018.820952237, 0.992440706,
2018.841384015, 0.989130253,
2018.861815693, 0.988495574,
2018.882247271, 0.988714392,
2018.902679048, 0.989816410,
2018.923110726, 0.996717744,
2018.943542303, 0.987793890,
2018.963974080, 0.988884674,
2018.984405758, 0.990950349,
2019.004837335, 0.989074424,
2019.025269112, 0.989909878,
2019.045700789, 0.988757519,
2019.066132366, 0.990092448,
2019.086564143, 0.989560982,
2019.106995819, 0.989549712,
2019.127427496, 0.990947066,
2019.147859173, 0.986552718,
2019.168290849, 0.989889954,
2019.188722525, 0.988588370,
2019.209154202, 0.992094000,
2019.229585878, 0.989295958,
2019.250017554, 0.991340624,
2019.270449230, 0.991323549,
2019.290880906, 0.989869307,
2019.311312582, 0.989418772,
2019.331744258, 0.990590850,
2019.352176034, 0.993313835,
2019.372607709, 0.989781908,
2019.393039285, 0.990786445,
2019.413471060, 0.993043904,
2019.433902736, 0.990683585,
2019.454334311, 0.988816443,
2019.474766086, 0.990507784,
2019.495197761, 0.990131044,
2019.515629337, 0.989559505,
2019.536061111, 0.989841583,
2019.556492786, 0.993938958,
2019.576924361, 0.991681514,
2019.597356136, 0.991768393,
2019.617787811, 0.990417983,
2019.638219585, 0.991895647,
2019.658651160, 0.989644629,
2019.679082834, 0.990488265,
2019.699514609, 0.990219642,
2019.719946183, 0.988703988,
2019.781241305, 0.989484765,
2019.801672879, 0.991446669,
2019.822104653, 0.990577118,
2019.842536327, 0.991103515,
2019.862968001, 0.992011972,
2019.883399674, 0.990723744,
2019.903831248, 0.989088293,
2019.924263022, 0.991143748,
2019.944694695, 0.991053634,
2019.965126268, 0.988380306,
2019.985558042, 0.987998967,
2020.005989715, 0.990880196,
2020.026421288, 0.992124143,
2020.046853061, 0.989560615,
2020.067284734, 0.988338380,
2020.087716307, 0.989594608,
2020.108148080, 0.988794792,
2020.128579753, 0.990133791,
2020.149011525, 0.989813694,
2020.169443098, 0.990477956,
2020.189874770, 0.988538639,
2020.210306543, 0.990888913,
2020.230738115, 0.989833328,
2020.251169788, 0.989200309,
2020.271601560, 0.988328897,
2020.292033232, 0.987968922,
2020.312464804, 0.987932236,
2020.332896576, 0.992780306,
2020.353328248, 0.991238300,
2020.373759920, 0.991567719,
2020.394191592, 0.992012028,
2020.414623264, 0.989763007,
2020.435055035, 0.989242956,
2020.455486607, 0.989479009,
2020.475918278, 0.988919557,
2020.496349950, 0.991240739,
2020.516781621, 0.990694910,
2020.537213293, 0.988615524,
2020.557644964, 0.988715775,
2020.578076635, 0.990594601,
2020.598508306, 0.991008656,
2020.618939977, 0.987510372,
2020.639371648, 0.992112104,
2020.659803419, 0.989925221,
2020.680234990, 0.990628344,
2020.700666661, 0.989820906,
2020.721098431, 0.989756866,
2020.741530002, 0.991280641,
2020.761961673, 0.988150136,
2020.782393443, 0.987743445,
2020.802825113, 0.988342582,
2020.823256684, 0.989261788,
2020.843688454, 0.988829316,
2020.864120124, 0.991815678,
2020.884551795, 0.989933707,
2020.904983465, 0.988587702,
2020.925415135, 0.989104645,
2020.945846805, 0.992177937,
2020.966278475, 0.989385598,
2020.986710144, 0.990258773,
2021.007141914, 0.991491966,
2021.027573484, 0.988938001,
2021.048005153, 0.986979015,
2021.068436923, 0.990808185,
2021.088868493, 0.992307126,
2021.109300162, 0.989695851,
2021.129731931, 0.990040666,
2021.150163501, 0.988341757,
2021.170595270, 0.990447573,
2021.191026939, 0.987108582,
2021.211458508, 0.991076511,
2021.231890277, 0.989081004,
2021.252321946, 0.988431669,
2021.272753515, 0.987228106,
2021.293185284, 0.988390125,
2021.313616853, 0.988160315,
2021.334048522, 0.991401046,
2021.354480290, 0.990566660,
2021.374911959, 0.990437694,
2021.395343628, 0.988498128,
2021.415775296, 0.989054704,
2021.436206964, 0.987781286,
2021.456638633, 0.987589382,
2021.477070301, 0.989700502,
2021.497501969, 0.985862872,
2021.517933738, 0.991016715,
2021.538365306, 0.989901584,
2021.558796974, 0.989546063,
2021.579228742, 0.990841179,
2021.599660310, 0.989383284,
2021.620092078, 0.989719191,
2021.640523746, 0.988750797,
2021.660955313, 0.987941710,
2021.681387081, 0.987976559,
2021.722250316, 0.990891417,
2021.742682084, 0.986810300,
2021.763113751, 0.993727308,
2021.783545319, 0.988692045,
2021.803977086, 0.989390991,
2021.824408754, 0.989180877,
2021.844840421, 0.990380677,
2021.865272088, 0.990782496,
2021.885703755, 0.989946315,
2021.906135422, 0.988489062,
2021.926567089, 0.989855513,
2021.946998756, 0.988008308,
2021.967430423, 0.991740527,
2021.987862090, 0.988507274,
2022.008293757, 0.992417964,
2022.028725524, 0.991807268,
2022.049157090, 0.987932362,
2022.069588757, 0.991846055,
2022.090020524, 0.987187399,
2022.110452090, 0.989132125,
2022.130883857, 0.993062660,
2022.151315523, 0.986451218,
2022.171747090, 0.989931429,
2022.192178856, 0.987895002,
2022.212610522, 0.992615093,
2022.233042088, 0.989189900,
2022.253473854, 1.002392785,
2022.273905521, 0.988725196,
2022.294337087, 0.989364642,
2022.314768853, 0.992232836,
2022.335200519, 0.989824578,
2022.355632285, 0.992224711,
2022.376063850, 0.989090759,
2022.396495516, 0.991886184,
2022.416927282, 0.992512784,
2022.478222279, 0.987976897,
2022.498653945, 0.989502598,
2022.519085510, 0.987609193,
2022.539517275, 0.989136839,
2022.559948941, 0.991817633,
2022.580380506, 0.990474587,
2022.600812272, 0.988660936,
2022.621243937, 0.989067657,
2022.641675602, 0.990847500,
2022.662107267, 0.989400018,
2022.702970597, 0.989246697,
2022.723402262, 0.990318165,
2022.743833827, 0.988980249,
2022.764265592, 0.988695676,
2022.784697257, 0.988368156,
2022.805128822, 0.987915757,
2022.825560587, 0.986334280,
2022.845992251, 0.989135503,
2022.866424016, 0.988598290,
2022.886855581, 0.989016078,
2022.907287245, 0.986913101,
2022.927719010, 0.989031922,
2022.948150574, 0.991887788,
2022.968582239, 0.988818255,
2022.989014003, 0.988551447,
2023.009445668, 0.986410664,
2023.029877232, 0.990180489,
2023.050308996, 0.990960321,
2023.070740660, 0.992083575,
2023.091172325, 0.991766264,
2023.111603989, 0.985585622,
2023.132035653, 0.988158417,
2023.152467417, 0.992301786,
2023.193330645, 0.989404016,
2023.213762409, 0.989661653,
2023.234193973, 0.989801467,
2023.254625637, 0.990695915,
2023.275057400, 0.991062071,
2023.295488964, 0.988635043,
2023.315920628, 0.991443746,
2023.336352391, 0.991723411,
2023.356783955, 0.987211940,
2023.377215719, 0.989314789,
2023.397647282, 0.988485307,
2023.438510709, 0.989902902,
2023.458942273, 0.988821885,
2023.479373936, 0.990230947,
2023.499805699, 0.989013384,
2023.520237363, 0.988776554,
2023.540668926, 0.994220544,
2023.561100689, 0.989329332,
2023.581532353, 0.988290541,
2023.601964016, 0.990935774,
2023.622395679, 0.991131646,
2023.642827342, 0.989315837,
2023.724554094, 0.992164383,
2023.744985657, 0.989023751,
2023.765417319, 0.988806673,
2023.785849082, 0.988973484,
2023.806280645, 0.988556508,
2023.826712408, 0.985595007,
2023.847144070, 0.986994617,
2023.867575633, 0.987904045,
2023.888007396, 0.988385623,
2023.908439058, 0.987450352,
2023.928870621, 0.987905616,
2023.949302383, 0.986256339,
2023.969734046, 0.988441519,
2023.990165708, 0.987771661,
2024.010597371, 0.985893677,
2024.031029033, 0.995063415,
2024.051460695, 0.987900668,
2024.071892358, 0.987765927,
2024.092324020, 0.991327013,
2024.112755682, 0.997572829,
2024.133187344, 0.988459261,
2024.174050669, 0.989530621,
2024.194482331, 0.986795329,
2024.214913993, 0.987073799,
2024.235345755, 0.990945963,
2024.255777317, 0.991234032,
2024.276209079, 0.985511684,
2024.296640741, 0.988262466,
2024.317072303, 0.989625458,
2024.337504065, 0.991255971,
2024.357935726, 0.986209293,
2024.378367288, 0.989747522,
2024.419230712, 0.988046000,
2024.439662273, 0.989922545,
2024.460094035, 0.985326706,
2024.480525697, 0.985461011,
2024.500957459, 0.991817469,
2024.521389020, 0.989756042,
2024.541820682, 0.989646179,
2024.562252443, 0.986762305,
2024.582684005, 0.987656681,
2024.603115666, 0.986426665,
2024.623547428, 0.989445122,
2024.664410651, 0.988864438,
2024.684842412, 0.989302699,
2024.705274073, 0.987534423,
2024.725705735, 0.990434556,
2024.746137396, 0.990678139,
2024.766568957, 0.988502769,
2024.787000718, 0.993465478,
2024.807432380, 0.985796129,
2024.827863941, 0.990024789,
2024.848295702, 0.989865750,
2024.868727363, 0.988502103,
2024.909590685, 0.988256579,
2024.930022346, 0.990342103,
2024.950454107, 0.986283476,
2024.970885668, 0.990561468,
2024.991317329, 0.990366606,
2025.011749090, 0.986727382,
2025.032180651, 0.987347684,
2025.052612312, 0.984006799,
2025.073044073, 0.990293841,
2025.093475634, 0.987353367,
2025.113907294, 0.988083637,
2025.154770716, 0.988289103,
2025.175202377, 0.987591318,
2025.195634038, 0.988353756,
2025.216065698, 0.988158028,
2025.236497359, 0.988704708,
2025.256929020, 0.989480115,
2025.277360680, 0.990237174,
2025.297792441, 0.988970561,
2025.318224002, 0.987366189,
2025.338655662, 0.988787213,
2025.359087423, 0.987621705,
2025.399950744, 0.990214435,
2025.420382304, 0.986608255,
2025.440813965, 0.988013043,
2025.461245725, 0.989011164,
2025.481677286, 0.988106006,
2025.502108946, 0.988423107,
2025.522540706, 0.991348285,
2025.542972267, 0.988010200,
2025.563403927, 0.985876145,
2025.583835687, 0.986826631,
2025.604267248, 0.989870675,
2025.685993989, 0.987930000,
2025.706425649, 0.987816761,
2025.726857309, 0.988078994,
2025.747288970, 0.987407415,
2025.767720630, 0.988201148,
2025.788152290, 0.987851854,
2025.808583950, 0.989908330,
2025.829015610, 0.986151950,
2025.849447370, 0.987280525,
2025.890310590, 0.988367990,
2025.910742350, 0.986840170,
2025.931174010, 0.985131243,
2025.951605571, 0.983797963,
2025.972037331, 0.986239506,
2025.992468991, 0.984878498,
2026.012900551, 0.986563876,
2026.033332311, 0.985570715,
2026.053763970, 0.986305557,
2026.074195630, 0.987623791,
2026.094627290, 0.988072354,
2026.155922270, 0.987306450,
2026.176353830, 0.986587236,
2026.196785590, 0.990352401,
2026.217217250, 0.987531047,
2026.237648910, 0.986030084,
2026.258080569, 0.989066505,
2026.278512229, 0.988072615,
2026.298943989, 0.986428901,
2026.319375549, 0.987719357,
2026.339807209, 0.989322101,
2026.401102188, 0.987511290,
2026.421533948, 0.987180498,
2026.441965607, 0.987197517,
2026.462397167, 0.984820517,
2026.482828927, 0.985008431,
2026.503260586, 0.988423221,
2026.523692346, 0.983862738,
2026.544123906, 0.990491987,
2026.564555565, 0.986931524,
2026.584987325, 0.988386435,
2026.605418885, 0.989943427,
2026.625850544, 0.989133497,
2026.646282304, 0.985126361,
2026.666713864, 0.987228891,
2026.687145523, 0.984606273,
2026.707577283, 0.987419702,
2026.728008843, 0.988635704,
2026.748440602, 0.984896305,
2026.768872262, 0.986835703,
2026.789303821, 0.985570554,
2026.809735581, 0.986321259,
2026.830167140, 0.988100637,
2026.871030560, 0.984697275,
2026.891462119, 0.986967707,
2026.911893779, 0.987711593,
2026.932325538, 0.989017792,
2026.952757198, 0.984500549,
2026.973188857, 0.988037993,
2026.993620517, 0.987787928,
2027.014052176, 0.987216586,
2027.034483936, 0.981400342,
2027.054915495, 0.989093482,
2027.075347155, 0.987459760,
2027.116210474, 0.986512880,
2027.136642133, 0.988089994,
2027.157073893, 0.982645027,
2027.177505452, 0.988465739,
2027.197937212, 0.986164606,
2027.218368871, 0.983854894,
2027.238800431, 0.986037367,
2027.259232190, 0.984748973,
2027.279663850, 0.986733252,
2027.300095409, 0.988969276,
2027.320527169, 0.987445493,
2027.381822147, 0.986343502,
2027.402253807, 0.988205310,
2027.422685566, 0.984603889,
2027.443117126, 0.984548820,
2027.463548785, 0.987691204,
2027.483980445, 0.986860600,
2027.504412204, 0.986448064,
2027.524843764, 0.986065307,
2027.545275523, 0.989694655,
2027.565707083, 0.986130755,
2027.627002061, 0.986828351,
2027.647433821, 0.988703174,
2027.667865480, 0.986962264,
2027.688297040, 0.988835917,
2027.708728799, 0.987548813,
2027.729160459, 0.983019687,
2027.749592018, 0.987188467,
2027.770023778, 0.982638332,
2027.790455437, 0.994550414,
2027.810887197, 0.986247614,
2027.872182175, 0.984571155,
2027.892613735, 0.985861119,
2027.913045394, 0.987172636,
2027.933477154, 0.984718114,
2027.953908713, 0.983081948,
2027.974340373, 0.987511357,
2027.994772132, 0.984576532,
2028.015203792, 0.987023534,
2028.035635452, 0.994234647,
2028.056067111, 0.984407207,
2028.076498771, 0.985980861,
2028.096930430, 0.984352424,
2028.178657069, 0.985247461,
2028.199088728, 0.983758735,
2028.219520388, 0.983480880,
2028.239952048, 0.983122769,
2028.260383807, 0.985728946,
2028.280815367, 0.987283837,
2028.301247027, 0.985111072,
2028.342110346, 0.987791318,
2028.362542006, 0.986447692,
2028.382973765, 0.986344665,
2028.403405325, 0.985877505,
2028.423837085, 0.983841784,
2028.444268744, 0.984982731,
2028.464700304, 0.987733198,
2028.485132064, 0.983564448,
2028.505563724, 0.981680658,
2028.525995283, 0.985267430,
2028.546427043, 0.984005341,
2028.607722023, 0.987810279,
2028.628153683, 0.985337970,
2028.648585442, 0.987071010,
2028.669017002, 0.982171432,
2028.689448662, 0.981044777,
2028.709880422, 0.985125005,
2028.750743642, 0.987161895,
2028.771175402, 0.983257693,
2028.791607062, 0.985493065,
2028.852902041, 0.980598635,
2028.873333701, 0.984292688,
2028.893765361, 0.983765018,
2028.914196921, 0.984908860,
2028.934628682, 0.985547925,
2028.955060342, 0.985711043,
2028.975491902, 0.984304249,
2028.995923662, 0.985604713,
2029.016355322, 0.984784992,
2029.036786882, 0.983757069,
2029.057218642, 0.982416379,
2029.077650302, 0.983511205,
2029.098082062, 0.984484737,
2029.118513622, 0.986171219,
2029.138945283, 0.980788328,
2029.159377043, 0.984518507,
2029.179808603, 0.981823377,
2029.200240263, 0.984658137,
2029.220672024, 0.983059524,
2029.241103684, 0.984191354,
2029.261535344, 0.979575653,
2029.281967005, 0.983877621,
2029.343261986, 0.984775178,
2029.363693646, 0.982424738,
2029.384125406, 0.981092133,
2029.404556967, 0.984935574,
2029.424988627, 0.982326864,
2029.445420388, 0.983803582,
2029.465851948, 0.984765121,
2029.486283709, 0.981838794,
2029.506715369, 0.982651782,
2029.527146930, 0.984461450,
2029.588441912, 0.983206238,
2029.608873672, 0.982832104,
2029.629305233, 0.984306426,
2029.649736894, 0.983339347,
2029.670168654, 0.984047611,
2029.690600215, 0.981974795,
2029.711031976, 0.983671266,
2029.731463637, 0.984812579,
2029.751895297, 0.986873727,
2029.772326958, 0.982196590,
2029.833621941, 0.981026608,
2029.854053602, 0.982025927,
2029.874485363, 0.983191013,
2029.894917024, 0.981790930,
2029.915348585, 0.982573676,
2029.935780346, 0.982229296,
2029.956212007, 0.980903649,
2029.976643568, 0.984300793,
2029.997075329, 0.984509239,
2030.017506990, 0.981756198,
2030.058370312, 0.986317555,
2030.078801974, 0.984929198,
2030.099233735, 0.982785933,
2030.119665296, 0.983036358,
2030.140096957, 0.981997256,
2030.160528719, 0.980473656,
2030.180960280, 0.984930864,
2030.201391941, 0.982252301,
2030.221823603, 0.984333763,
2030.242255264, 0.980898917,
2030.262686926, 0.984272150,
2030.283118587, 0.982014672,
2030.303550249, 0.989093414,
2030.323982010, 0.981845503,
2030.344413572, 0.983709045,
2030.364845233, 0.988355714,
2030.385276995, 0.982509845,
2030.405708657, 0.985061076,
2030.426140218, 0.982357395,
2030.446571980, 0.982074079,
2030.467003642, 0.979959900,
2030.487435304, 0.983197533,
2030.507866965, 0.982256224,
2030.548730289, 0.984563918,
2030.569161951, 0.984317025,
2030.589593613, 0.982450852,
2030.610025375, 0.980984294,
2030.630456937, 0.984596385,
2030.650888599, 0.982918153,
2030.671320361, 0.979981353,
2030.691751923, 0.981508023,
2030.712183685, 0.981512775,
2030.732615347, 0.983142656,
2030.753046910, 0.984537190,
2030.793910334, 0.983683211,
2030.814341896, 0.982532821,
2030.834773659, 0.986579038,
2030.855205321, 0.982698755,
2030.875636984, 0.983004143,
2030.896068646, 0.981745728,
2030.916500308, 0.982099875,
2030.936931971, 0.982013436,
2030.957363634, 0.979464059,
2030.977795296, 0.983590537,
2030.998226959, 0.984069215,
2031.059522047, 0.980992968,
2031.079953610, 0.983302889,
2031.100385372, 0.983934945,
2031.120817035, 0.981688324,
2031.141248598, 0.980956861,
2031.161680361, 0.980233998,
2031.182112024, 0.982962824,
2031.202543587, 0.984651728,
2031.222975350, 0.981679079,
2031.243407013, 0.982027484,
2031.284270339, 0.985048199,
2031.304702002, 0.982809570,
2031.325133766, 0.981933061,
2031.345565329, 0.983135517,
2031.365996992, 0.983398708,
2031.386428755, 0.983611189,
2031.406860319, 0.981115361,
2031.427291982, 0.983099079,
2031.447723746, 0.984663869,
2031.468155309, 0.983175609,
2031.488587073, 0.982247531,
2031.549882064, 0.980907387,
2031.570313727, 0.983084231,
2031.590745291, 0.981915512,
2031.611177055, 0.983678945,
2031.631608719, 0.983632378,
2031.652040283, 0.979891131,
2031.672472047, 0.978913355,
2031.692903711, 0.977975112,
2031.713335374, 0.981752609,
2031.733767039, 0.980894416,
2031.795062031, 0.982435972,
2031.815493695, 0.980260507,
2031.835925459, 0.981991549,
2031.856357024, 0.983854838,
2031.876788788, 0.983583502,
2031.897220453, 0.984105923,
2031.917652017, 0.982079153,
2031.938083781, 0.983301721,
2031.958515446, 0.983927522,
2031.978947011, 0.981699620,
2032.019810440, 0.979735401,
2032.040242105, 0.982874016,
2032.060673769, 0.978872848,
2032.081105434, 0.983870563,
2032.101537199, 0.983653389,
2032.121968764, 0.980729763,
2032.142400429, 0.986040490,
2032.162832194, 0.982370369,
2032.183263759, 0.980961491,
2032.203695424, 0.983903802,
2032.224127189, 0.982332241,
2032.285422185, 0.978645971,
2032.305853750, 0.984427102,
2032.326285516, 0.979704768,
2032.346717181, 0.983576565,
2032.367148747, 0.981959685,
2032.387580512, 0.979431687,
2032.408012178, 0.981033491,
2032.428443743, 0.980123601,
2032.448875509, 0.981578187,
2032.469307175, 0.979988545,
2032.489738941, 0.979599988,
2032.510170506, 0.987182442,
2032.530602172, 0.980941239,
2032.551033938, 0.982149526,
2032.571465504, 0.983089942,
2032.591897170, 0.979572752,
2032.612328936, 0.984224609,
2032.632760503, 0.983506248,
2032.653192269, 0.983293536,
2032.673623935, 0.985080828,
2032.694055501, 0.980939895,
2032.714487268, 0.981308566,
2032.755350601, 0.983824061,
2032.775782267, 0.982308195,
2032.796213934, 0.984370417,
2032.816645600, 0.980608852,
2032.837077267, 0.982080973,
2032.857508934, 0.984643460,
2032.877940601, 0.980926226,
2032.898372368, 0.983481149,
2032.918803935, 0.984364151,
2032.939235701, 0.983536070,
2032.959667269, 0.987182421,
2033.000530703, 0.983975367,
2033.020962270, 0.982445759,
2033.041394037, 0.985825386,
2033.061825704, 0.983901074,
2033.082257272, 0.985146392,
2033.102689039, 0.982803510,
2033.123120707, 0.983461517,
2033.143552274, 0.983936991,
2033.163984042, 0.982306294,
2033.184415710, 0.982377574,
2033.204847277, 0.986204606,
2033.245710713, 0.982885366,
2033.266142481, 0.983186188,
2033.286574049, 0.979779204,
2033.307005717, 0.985507949,
2033.327437485, 0.981678226,
2033.347869053, 0.981759281,
2033.368300721, 0.982941856,
2033.388732489, 0.985031074,
2033.409164158, 0.979444432,
2033.429595826, 0.985196032,
2033.450027494, 0.986042347,
2033.511322500, 0.983567525,
2033.531754169, 0.983900162,
2033.552185937, 0.983455379,
2033.572617506, 0.984315382,
2033.593049275, 0.982625408,
2033.613480844, 0.986228126,
2033.633912513, 0.979446488,
2033.654344282, 0.980888215,
2033.674775851, 0.981899943,
2033.695207520, 0.980743319,
2033.736070859, 0.980852815,
2033.756502528, 0.983878433,
2033.776934298, 0.983173471,
2033.797365867, 0.981834769,
2033.817797637, 0.980667489,
2033.838229306, 0.982371782,
2033.858660876, 0.981947268,
2033.879092646, 0.981072033,
2033.899524316, 0.982505957,
2033.919955985, 0.982538906,
2033.940387655, 0.981094593,
2033.981251095, 0.984316905,
2034.022114336, 0.981549048,
2034.042546106, 0.985066683,
2034.062977776, 0.982882836,
2034.083409347, 0.984344125,
2034.103841117, 0.982923725,
2034.124272788, 0.982457274,
2034.144704359, 0.983519916,
2034.165136129, 0.983232720,
2034.185567800, 0.983329653,
2034.246862813, 0.981741004,
2034.267294484, 0.984364568,
2034.287726155, 0.983554102,
2034.308157826, 0.980028353,
2034.328589497, 0.985364094,
2034.349021168, 0.984112481,
2034.369452940, 0.987582048,
2034.389884511, 0.985868064,
2034.410316183, 0.983581180,
2034.430747954, 0.984776832,
2034.471611198, 0.984675041,
2034.492042970, 0.982747678,
2034.512474541, 0.979984528,
2034.532906213, 0.982735331,
2034.553337985, 0.982919978,
2034.573769557, 0.987296389,
2034.594201330, 0.984399645,
2034.614633002, 0.984959848,
2034.635064674, 0.983319395,
2034.655496346, 0.986011667,
2034.675928019, 0.987399012,
2034.737223037, 0.983559586,
2034.757654809, 0.982640473,
2034.778086482, 0.985259238,
2034.798518055, 0.983005996,
2034.818949828, 0.986318338,
2034.839381501, 0.981421762,
2034.859813074, 0.984528181,
2034.880244847, 0.982892982,
2034.900676521, 0.986644519,
2034.921108094, 0.983320120,
2034.982403215, 0.986150845,
2035.002834888, 0.984299759,
2035.023266462, 0.982979933,
2035.043698236, 0.983807652,
2035.064129910, 0.985405751,
2035.084561484, 0.983228410,
2035.104993258, 0.984338884,
2035.125424932, 0.984568140,
2035.145856706, 0.985063501,
2035.166288280, 0.988688953,
2035.207151729, 0.982764554,
2035.227583303, 0.983408097,
2035.248014978, 0.981754793,
2035.268446753, 0.983576078,
2035.288878427, 0.981608255,
2035.309310102, 0.984856019,
2035.329741777, 0.983070918,
2035.350173452, 0.985263106,
2035.370605127, 0.985294659,
2035.391036802, 0.982931101,
2035.411468477, 0.987006668,
2035.472763504, 0.981566026,
2035.493195279, 0.981892782,
2035.513626855, 0.985330815,
2035.534058630, 0.984979895,
2035.554490306, 0.984469014,
2035.574921882, 0.983902805,
2035.595353658, 0.984285013,
2035.615785334, 0.980766611,
2035.636216910, 0.982672553,
2035.656648686, 0.983999377,
2035.717943715, 0.982850260,
2035.738375292, 0.984312899,
2035.758807069, 0.984298404,
2035.779238745, 0.982937409,
2035.799670422, 0.984611000,
2035.820102099, 0.982844638,
2035.840533776, 0.982344739,
2035.860965553, 0.980985974,
2035.881397130, 0.986349661,
2035.901828807, 0.983251342,
2035.963123839, 0.982872818,
2035.983555617, 0.986119130,
2036.003987295, 0.981867967,
2036.024418872, 0.982425337,
2036.044850650, 0.985496612,
2036.065282328, 0.982466796,
2036.085714106, 0.982625340,
2036.106145684, 0.983604119,
2036.126577362, 0.983374726,
2036.147009141, 0.983741715,
2036.187872397, 0.985116980,
2036.208304176, 0.982047515,
2036.228735754, 0.983638573,
2036.249167533, 0.982118912,
2036.269599112, 0.985762094,
2036.290030791, 0.984221148,
2036.310462570, 0.984466755,
2036.330894249, 0.987809232,
2036.351325828, 0.985117909,
2036.371757607, 0.986395547,
2036.392189187, 0.986973316,
2036.453484225, 0.986242986,
2036.473916005, 0.983871784,
2036.494347684, 0.984199075,
2036.514779364, 0.985703956,
2036.535211044, 0.983614192,
2036.555642724, 0.984890722,
2036.576074404, 0.984043663,
2036.596506185, 0.981912426,
2036.616937765, 0.984900195,
2036.637369545, 0.986447707,
2036.698664587, 0.984271004,
2036.719096268, 0.982685030,
2036.739527849, 0.984049979,
2036.759959630, 0.984190223,
2036.780391311, 0.990396658,
2036.800823092, 0.987294217,
2036.821254673, 0.986684091,
2036.841686355, 0.985683828,
2036.862118136, 0.985398366,
2036.882549718, 0.983969053,
2036.943844763, 0.985492879,
2036.964276445, 0.987365106,
2036.984708227, 0.981945897,
2037.005139809, 0.986974758,
2037.025571591, 0.986132585,
2037.046003174, 0.990170420,
2037.066434856, 0.987957913,
2037.086866639, 0.984274922,
2037.107298321, 0.988495552,
2037.127729904, 0.984056009,
2037.189025053, 0.985973721,
2037.209456736, 0.983898089,
2037.229888419, 0.986702778,
2037.250320102, 0.987417717,
2037.270751786, 0.983182492,
2037.291183469, 0.984995547,
2037.311615253, 0.985518071,
2037.332046837, 0.986082831,
2037.352478620, 0.987469791,
2037.372910304, 0.984098018,
2037.434205357, 0.985602029,
2037.454636941, 0.984008176,
2037.475068725, 0.986692975,
2037.495500410, 0.984824574,
2037.515931994, 0.983717825,
2037.536363779, 0.985340379,
2037.556795464, 0.985082220,
2037.577227249, 0.988226974,
2037.597658834, 0.987020435,
2037.618090519, 0.985185059,
2037.679385575, 0.984079603,
2037.699817260, 0.985197581,
2037.720248946, 0.984654158,
2037.740680732, 0.981719149,
2037.761112318, 0.983293232,
2037.781544004, 0.983751652,
2037.801975790, 0.986940129,
2037.822407476, 0.985918189,
2037.842839062, 0.982839143,
2037.863270848, 0.985004064,
2037.904134221, 0.984418545,
2037.924565908, 0.983672878,
2037.944997595, 0.985724929,
2037.965429382, 0.986505548,
2038.006292656, 0.986970448,
2038.026724443, 0.982441920,
2038.047156030, 0.987524656,
2038.067587718, 0.983385132,
2038.088019505, 0.985824252,
2038.108451093, 0.984027562,
2038.169746157, 0.985565448,
2038.190177945, 0.985254313,
2038.210609633, 0.988459696,
2038.231041221, 0.985509209,
2038.251473010, 0.985980432,
2038.271904698, 0.982556349,
2038.292336387, 0.986923820,
2038.312768075, 0.985905010,
2038.333199764, 0.984221649,
2038.353631453, 0.984822148,
2038.374063142, 0.982945957,
2038.394494831, 0.984813445,
2038.414926521, 0.984790101,
2038.435358210, 0.987201233,
2038.455790000, 0.984717491,
2038.476221689, 0.983921770,
2038.496653279, 0.987835813,
2038.517085069, 0.985711732,
2038.537516759, 0.983444596,
2038.557948349, 0.987254666,
2038.578380139, 0.985350171,
2038.598811829, 0.982263005,
2038.660106901, 0.985510690,
2038.680538692, 0.985973923,
2038.700970282, 0.987543950,
2038.721401973, 0.984697876,
2038.741833765, 0.987888292,
2038.762265356, 0.983471693,
2038.782697047, 0.987062199,
2038.803128838, 0.981977656,
2038.823560430, 0.988203262,
2038.843992222, 0.985938159,
2038.884855505, 0.984889229,
2038.905287297, 0.986566863,
2038.925718989, 0.984181199,
2038.946150682, 0.982895820,
2038.966582374, 0.985995115,
2038.987014066, 0.985360151,
2039.007445759, 0.985030828,
2039.027877452, 0.984996977,
2039.048309145, 0.983946124,
2039.068740837, 0.984799441,
2039.089172531, 0.985835183,
2039.130036017, 0.985459306,
2039.150467610, 0.987013266,
2039.170899304, 0.986775190,
2039.191331098, 0.985481694,
2039.211762691, 0.981725029,
2039.232194485, 0.987642927,
2039.252626179, 0.983696509,
2039.273057773, 0.983891550,
2039.293489567, 0.984156023,
2039.313921262, 0.985972562,
2039.334352856, 0.990542366,
2039.416079735, 0.984466093,
2039.436511430, 0.987975934,
2039.456943226, 0.987215749,
2039.477374821, 0.983243020,
2039.497806516, 0.984816378,
2039.518238312, 0.983451415,
2039.559101604, 0.984825572,
2039.579533399, 0.984438762,
2039.599965095, 0.984157975,
2039.620396792, 0.984006836,
2039.640828488, 0.985165731,
2039.661260084, 0.986327033,
2039.681691881, 0.986727445,
2039.702123578, 0.986462972,
2039.722555174, 0.984784771,
2039.742986971, 0.985152990,
2039.763418668, 0.985026406,
2039.783850465, 0.983955943,
2039.804282063, 0.983244792,
2039.824713760, 0.986716441,
2039.886008853, 0.988254049,
2039.906440651, 0.987550702,
2039.926872249, 0.984897916,
2039.947303947, 0.984955046,
2039.967735746, 0.984876966,
2039.988167344, 0.984577101,
2040.008599143, 0.984148201,
2040.029030841, 0.984490604,
2040.049462440, 0.984952046,
2040.069894239, 0.985172701,
2040.110757537, 0.985482822,
2040.151621036, 0.986668332,
2040.172052835, 0.983053052,
2040.192484435, 0.984918867,
2040.212916135, 0.987856553,
2040.233347935, 0.983562491,
2040.253779635, 0.987376641,
2040.274211235, 0.983289076,
2040.294643035, 0.984468830,
2040.315074736, 0.985367006,
2040.376369838, 0.987627366,
2040.396801539, 0.985800288,
2040.417233240, 0.986523085,
2040.437664842, 0.986215032,
2040.458096643, 0.986122041,
2040.478528344, 0.987258000,
2040.498959946, 0.984640148,
2040.519391748, 0.985532739,
2040.539823450, 0.984560391,
2040.560255252, 0.986215004,
2040.601118556, 0.989013424,
2040.621550359, 0.985811314,
2040.641981961, 0.988154019,
2040.662413664, 0.984125592,
2040.682845467, 0.984481299,
2040.703277070, 0.986099461,
2040.723708873, 0.986526106,
2040.744140576, 0.984491711,
2040.764572279, 0.983122098,
2040.785003983, 0.981679497,
2040.846299094, 0.984846083,
2040.866730798, 0.984795885,
2040.887162602, 0.984934989,
2040.907594207, 0.986631843,
2040.928025911, 0.985097631,
2040.948457716, 0.986202098,
2040.968889421, 0.984880566,
2040.989321025, 0.986726561,
2041.009752830, 0.982422985,
2041.030184435, 0.984471635,
2041.050616141, 0.984638424,
2041.091479552, 0.985127943,
2041.111911357, 0.984517721,
2041.132343063, 0.986370121,
2041.152774669, 0.985964192,
2041.173206475, 0.984435427,
2041.193638181, 0.986090605,
2041.214069788, 0.983373618,
2041.234501594, 0.986453540,
2041.254933301, 0.984504219,
2041.275365108, 0.979091232,
2041.295796715, 0.985308216,
2041.377523544, 0.985095139,
2041.397955351, 0.986500554,
2041.418386959, 0.987046211,
2041.438818667, 0.981537166,
2041.459250475, 0.984197733,
2041.479682183, 0.983982667,
2041.500113892, 0.986573613,
2041.520545600, 0.989148453,
2041.540977309, 0.985316669,
2041.561409018, 0.983085001,
2041.581840726, 0.986710368,
2041.602272435, 0.983783048,
2041.622704245, 0.983770920,
2041.643135854, 0.985722503,
2041.663567663, 0.988408358,
2041.683999273, 0.984527493,
2041.704430983, 0.987139374,
2041.745294403, 0.986693259,
2041.765726113, 0.984192879,
2041.786157923, 0.984025847,
2041.827021344, 0.985676531,
2041.847453055, 0.986146056,
2041.867884666, 0.982115429,
2041.888316477, 0.985919426,
2041.908748188, 0.983500277,
2041.929179800, 0.982997107,
2041.949611611, 0.983735487,
2041.970043323, 0.986050670,
2041.990475035, 0.985422807,
2042.010906747, 0.984691529,
2042.031338459, 0.985400538,
2042.092633596, 0.982456949,
2042.113065408, 0.983125859,
2042.133497121, 0.988100294,
2042.153928734, 0.984245654,
2042.174360547, 0.987811277,
2042.194792261, 0.985622751,
2042.215223974, 0.986256862,
2042.235655688, 0.985625337,
2042.256087401, 0.987284111,
2042.276519215, 0.982763414,
2042.337814258, 0.983163724,
2042.358245972, 0.983386276,
2042.378677787, 0.983335859,
2042.399109401, 0.985521353,
2042.419541116, 0.983963933,
2042.439972931, 0.986062431,
2042.460404547, 0.984463833,
2042.480836262, 0.984088985,
2042.501268077, 0.984406399,
2042.521699693, 0.984306131,
2042.542131409, 0.985272732,
2042.562563225, 0.984950746,
2042.582994841, 0.982644591,
2042.603426657, 0.982936420,
2042.623858374, 0.983279401,
2042.644290090, 0.983035109,
2042.664721807, 0.986104628,
2042.685153524, 0.981797352,
2042.705585241, 0.981324131,
2042.726016958, 0.984415778,
2042.746448675, 0.984891225,
2042.766880493, 0.983622491,
2042.828175646, 0.986066605,
2042.848607364, 0.981942732,
2042.869038983, 0.983091805,
2042.889470801, 0.986861115,
2042.909902520, 0.984794767,
2042.930334238, 0.988816484,
2042.950765957, 0.985290591,
2042.971197676, 0.987591835,
2042.991629396, 0.983379245,
2043.012061115, 0.981065799,
2043.073356274, 0.986188318,
2043.093787894, 0.985368513,
2043.114219714, 0.984960927,
2043.134651434, 0.986458362,
2043.155083255, 0.985659318,
2043.175514875, 0.985611312,
2043.195946596, 0.983941421,
2043.216378417, 0.983421550,
2043.236810038, 0.981707584,
2043.257241760, 0.986655403,
2043.318537024, 0.985837772,
2043.338968746, 0.984933377,
2043.359400468, 0.985228501,
2043.379832190, 0.983863164,
2043.400263913, 0.984844003,
2043.420695635, 0.980657148,
2043.441127458, 0.984098157,
2043.461559081, 0.984138922,
2043.481990904, 0.982163589,
2043.502422627, 0.983044580,
2043.543286074, 0.982297608,
2043.563717798, 0.983537586,
2043.584149421, 0.983792648,
2043.604581245, 0.984704346,
2043.625012969, 0.985084159,
2043.645444794, 0.981410970,
2043.665876418, 0.984499612,
2043.686308143, 0.982708803,
2043.706739868, 0.984444239,
2043.727171593, 0.981622260,
2043.747603218, 0.987233908,
2043.788466768, 0.981970443,
2043.808898394, 0.983363547,
2043.829330220, 0.982330532,
2043.849761946, 0.982346325,
2043.870193772, 0.984692038,
2043.890625398, 0.982734834,
2043.911057125, 0.982580283,
2043.931488951, 0.984448859,
2043.951920578, 0.983307726,
2043.972352305, 0.983969806,
2043.992784132, 0.982974247,
2044.033647587, 0.982112094,
2044.054079314, 0.981198086,
2044.074511042, 0.984892785,
2044.094942770, 0.985456496,
2044.115374498, 0.984505786,
2044.135806226, 0.983130405,
2044.156238055, 0.981760995,
2044.176669684, 0.981321282,
2044.197101512, 0.982387117,
2044.217533241, 0.983048896,
2044.237964870, 0.983348109,
2044.299260059, 0.983746418,
2044.319691888, 0.986569651,
2044.340123618, 0.981982868,
2044.360555249, 0.984141702,
2044.380987079, 0.980462073,
2044.401418709, 0.981237129,
2044.421850540, 0.982280803,
2044.442282271, 0.985311566,
2044.462713902, 0.983365613,
2044.483145733, 0.984630727,
2044.544440927, 0.986281013,
2044.585304491, 0.985283054,
2044.605736123, 0.983128493,
2044.626167856, 0.985379390,
2044.646599688, 0.986232431,
2044.667031421, 0.986366694,
2044.687463054, 0.986916272,
2044.707894887, 0.982270843,
2044.728326620, 0.982622720,
2044.748758353, 0.983993402,
2044.769190087, 0.984273180,
2044.789621821, 0.981185347,
2044.810053655, 0.983150957,
2044.830485289, 0.983129259,
2044.850917023, 0.982855119,
2044.871348857, 0.984308447,
2044.891780492, 0.986898129,
2044.932644062, 0.983504870,
2044.953075697, 0.982909601,
2044.973507532, 0.979591605,
2045.034802739, 0.988332790,
2045.055234475, 0.986907211,
2045.075666112, 0.983863810,
2045.096097948, 0.983651610,
2045.116529584, 0.986433725,
2045.136961421, 0.983487085,
2045.157393158, 0.984791516,
2045.177824795, 0.980601818,
2045.198256632, 0.984087173,
2045.218688370, 0.983021365,
2045.279983583, 0.986081856,
2045.300415421, 0.977810092,
2045.320847160, 0.982117169,
2045.341278798, 0.984963160,
2045.361710637, 0.986078858,
2045.382142376, 0.986507593,
2045.402574015, 0.982027621,
2045.423005854, 0.985681856,
2045.443437593, 0.982564280,
2045.463869233, 0.983154883,
2045.525164653, 0.982737206,
2045.545596293, 0.984980574,
2045.566028034, 0.988019324,
2045.586459874, 0.986500755,
2045.606891515, 0.980419018,
2045.627323256, 0.985918620,
2045.647755098, 0.982409618,
2045.668186739, 0.982809044,
2045.688618580, 0.987163948,
2045.709050322, 0.984121936,
2045.729481964, 0.982482865,
2045.749913806, 0.985133332,
2045.770345449, 0.985680856,
2045.790777191, 0.985403353,
2045.811209034, 0.985118205,
2045.831640777, 0.986196748,
2045.852072520, 0.983546767,
2045.872504263, 0.986724535,
2045.892936006, 0.985623542,
2045.913367750, 0.983658903,
2045.933799494, 0.982592043,
2045.954231238, 0.984190135,
2046.015526571, 0.987494386,
2046.035958316, 0.984371077,
2046.056389961, 0.983868876,
2046.076821806, 0.984232924,
2046.097253551, 0.988813331,
2046.117685196, 0.986196167,
2046.138117042, 0.988419737,
2046.158548788, 0.981466234,
2046.178980434, 0.984962142,
2046.199412280, 0.983171381,
2046.260707520, 0.985698607,
2046.281139267, 0.986446143,
2046.301571114, 0.986464313,
2046.322002761, 0.982452017,
2046.342434509, 0.982290610,
2046.362866257, 0.984042999,
2046.383298005, 0.993496745,
2046.403729853, 0.983187996,
2046.424161501, 0.985804197,
2046.444593250, 0.985625194,
2046.485456747, 0.983597078,
2046.505888496, 0.983707946,
2046.526320346, 0.982981557,
2046.546752095, 0.984144552,
2046.567183845, 0.986753207,
2046.587615594, 0.983482128,
2046.608047344, 0.984705429,
2046.628479095, 0.982809807,
2046.648910845, 0.985953660,
2046.669342596, 0.989548945,
2046.689774446, 0.981741550,
2046.730637849, 0.982807939,
2046.751069700, 0.985155541,
2046.771501352, 0.987677590,
2046.791933203, 0.985209841,
2046.812364955, 0.986272501,
2046.832796607, 0.984251188,
2046.853228460, 0.981789552,
2046.873660212, 0.983991829,
2046.894091865, 0.983135498,
2046.914523718, 0.982465621,
2046.934955471, 0.983371124,
2046.996250732, 0.986511349,
2047.016682485, 0.985929835,
2047.037114239, 0.983615190,
2047.057545994, 0.984369287,
2047.077977748, 0.984010331,
2047.098409503, 0.981715992,
2047.118841358, 0.982599514,
2047.139273013, 0.984167878,
2047.159704768, 0.983009781,
2047.180136624, 0.984666599,
2047.241431891, 0.983047667,
2047.261863648, 0.987182910,
2047.302727161, 0.985351869,
2047.323158917, 0.983813294,
2047.343590775, 0.986814446,
2047.364022432, 0.984224562,
2047.384454189, 0.984545865,
2047.404886047, 0.985297616,
2047.425317705, 0.981961110,
2047.486612980, 0.986002213,
2047.507044838, 0.984024114,
2047.527476597, 0.986058357,
2047.547908256, 0.984920515,
2047.568340115, 0.981140087,
2047.588771875, 0.983714240,
2047.609203535, 0.987596280,
2047.629635394, 0.986081599,
2047.650067154, 0.985591019,
2047.670498915, 0.985612613,
2047.690930675, 0.985659457,
2047.711362436, 0.983856190,
2047.731794297, 0.983419563,
2047.752225958, 0.988866738,
2047.772657719, 0.984343745,
2047.793089480, 0.985159798,
2047.813521242, 0.986676607,
2047.833953004, 0.981490895,
2047.854384866, 0.985118477,
2047.874816529, 0.983818026,
2047.895248391, 0.991358222,
2047.915680154, 0.989809576,
2047.976975443, 0.984526042,
2047.997407107, 0.985299469,
2048.017838970, 0.987770515,
2048.038270734, 0.983488767,
2048.058702598, 0.986648044,
2048.079134263, 1.007670521,
2048.099566027, 0.985718589,
2048.119997892, 0.985338015,
2048.140429557, 0.983991567,
2048.160861322, 0.987296154,
2048.181293188, 0.984553110,
2048.201724853, 0.982198657,
2048.222156719, 0.982207832,
2048.242588485, 0.986422455,
2048.263020151, 0.982675904,
2048.283452018, 0.982440198,
2048.303883784, 0.982682031,
2048.324315551, 0.985020938,
2048.344747318, 0.980666062,
2048.365179085, 0.986609960,
2048.385610753, 0.986650118,
2048.406042621, 0.981809494,
2048.467337925, 0.986397990,
2048.487769693, 0.985387686,
2048.508201562, 0.984511287,
2048.528633231, 0.987465234,
2048.549065000, 0.985270283,
2048.569496869, 0.987053916,
2048.589928539, 0.984739802,
2048.610360409, 0.985354696,
2048.630792179, 0.986347386,
2048.651223849, 0.990907415,
2048.712519161, 0.987859207,
2048.732951032, 0.984417538,
2048.753382803, 0.983250833,
2048.773814675, 0.986965862,
2048.814678118, 0.985927431,
2048.835109990, 0.986281587,
2048.855541663, 0.985329605,
2048.875973435, 0.985781773,
2048.896405308, 0.983553780,
2048.916836981, 0.984991708,
2048.937268754, 0.984234238,
2048.957700628, 0.985404051,
2048.978132401, 0.985796915,
2048.998564175, 0.987677271,
2049.018995949, 0.983532425,
2049.039427723, 0.984469285,
2049.059859498, 0.986279116,
2049.080291273, 0.987003545,
2049.100723047, 0.985700805,
2049.121154823, 0.985629863,
2049.141586598, 0.987912275,
2049.202881925, 0.985845394,
2049.223313801, 0.985627706,
2049.243745478, 0.986874140,
2049.264177254, 0.983807016,
2049.284609131, 0.989185517,
2049.305040808, 0.986119671,
2049.325472586, 0.984309385,
2049.345904463, 0.988313589,
2049.366336141, 0.986620924,
2049.386768019, 0.987322235,
2049.407199797, 0.985653424,
2049.427631475, 0.982563667,
2049.448063354, 0.985631087,
2049.468495133, 0.985681999,
2049.488926912, 0.983912103,
2049.509358691, 0.986467442,
2049.529790471, 0.984337852,
2049.550222350, 0.983632125,
2049.570654030, 0.983312009,
2049.591085810, 0.982666589,
2049.611517691, 0.988660713,
2049.631949371, 0.985059896,
2049.672813033, 0.986820792,
2049.693244814, 0.986412847,
2049.713676596, 0.984825274,
2049.734108378, 0.984216192,
2049.754540060, 0.986960356,
2049.774971942, 0.985786971,
2049.795403724, 0.988322075,
2049.815835407, 0.988635432,
2049.836267289, 0.985342211,
2049.856699073, 0.983639663,
2049.877130756, 0.986962964,
2049.917994423, 0.986411288,
2049.938426307, 0.984540671,
2049.958857991, 0.985148550,
2049.979289776, 0.984648699,
2049.999721660, 0.993072577,
2050.020153345, 0.984169933,
2050.040585130, 0.986202296,
2050.061017015, 0.987741156,
2050.081448701, 0.988129316,
2050.101880586, 0.987685282,
2050.122312372, 0.985767898,
2050.163175945, 0.986355642,
2050.183607732, 0.985684891,
2050.204039519, 0.985664366,
2050.224471306, 0.989303072,
2050.244903093, 0.985602876,
2050.265334980, 0.990219772,
2050.285766668, 0.988450915,
2050.306198456, 0.985755155,
2050.326630344, 0.987803186,
2050.347062133, 0.988053254,
2050.367493822, 0.986371453,
2050.408357400, 0.992248306,
2050.428789189, 0.986756637,
2050.449221079, 0.987929009,
2050.469652768, 0.988452362,
2050.490084659, 0.987641231,
2050.510516449, 0.988364789,
2050.530948139, 0.989793541,
2050.551380030, 0.987616480,
2050.571811821, 0.989274133,
2050.592243512, 0.985528806,
2050.612675404, 0.987181018,
2050.653539087, 0.990087459,
2050.673970779, 0.986384225,
2050.694402572, 0.989452444,
2050.714834464, 0.988523020,
2050.735266157, 0.988406704,
2050.755697950, 0.987495207,
2050.776129843, 0.988735112,
2050.796561537, 0.984841951,
2050.816993431, 0.990272652,
2050.837425225, 0.987517958,
2050.857857019, 0.987171523,
2050.919152403, 0.992244250,
2050.939584198, 0.987656309,
2050.960015993, 0.989421833,
2050.980447789, 0.985408583,
2051.000879685, 0.985222720,
2051.021311381, 0.987343982,
2051.041743277, 0.984285437,
2051.062174974, 0.987360305,
2051.082606771, 0.988786489,
2051.103038668, 0.988817697,
2051.143902163, 0.987608181,
2051.164334060, 0.986477702,
2051.184765758, 0.989074927,
2051.205197656, 0.984456854,
2051.225629455, 0.989199818,
2051.246061154, 0.989215150,
2051.266493053, 0.988555910,
2051.286924852, 0.987391616,
2051.307356551, 0.985214916,
2051.327788451, 0.988876226,
2051.348220250, 0.986599889,
2051.368652151, 0.989855290,
2051.389083851, 0.989012743,
2051.409515652, 0.988230981,
2051.429947552, 0.984307976,
2051.450379253, 0.989879285,
2051.470811055, 0.984658301,
2051.491242956, 0.990087333,
2051.511674758, 0.988990497,
2051.532106460, 0.988103826,
2051.552538362, 0.988020187,
2051.572970165, 0.986920766,
2051.593401968, 0.990941833,
2051.634265574, 0.989476052,
2051.654697377, 0.987629508,
2051.675129181, 0.986978322,
2051.695560985, 0.988077203,
2051.715992789, 0.990826221,
2051.736424593, 0.987305976,
2051.756856498, 0.988130473,
2051.777288203, 0.991004754,
2051.797720008, 0.989004528,
2051.818151914, 0.992912176,
2051.838583619, 0.990284732,
2051.879447331, 0.989331879,
2051.899879037, 0.985433126,
2051.920310944, 0.988890363,
2051.940742751, 0.989103526,
2051.961174458, 0.985087455,
2051.981606365, 0.987177002,
2052.002038173, 0.986228950,
2052.022469881, 0.988768711,
2052.042901789, 0.987136915,
2052.063333597, 0.989003661,
2052.083765506, 0.989324697,
2052.124629023, 0.989351008,
2052.145060933, 0.990309362,
2052.165492742, 0.989197415,
2052.185924452, 0.987347069,
2052.206356362, 0.989243997,
2052.226788172, 0.988972609,
2052.247219883, 0.987254160,
2052.267651794, 0.991389124,
2052.288083605, 0.984296192,
2052.308515516, 0.989982875,
2052.328947227, 0.989350618,
2052.369810951, 0.988194321,
2052.390242663, 0.987996519,
2052.410674476, 0.988254624,
2052.431106289, 0.987816217,
2052.451538102, 0.992773291,
2052.471970015, 0.988629627,
2052.492401728, 0.987602910,
2052.512833542, 0.986240358,
2052.533265456, 0.991791731,
2052.553697170, 0.989609443,
2052.574128985, 0.989834234,
2052.614992614, 0.988534498,
2052.655856345, 0.989598025,
2052.676288061, 0.991097356,
2052.696719977, 0.988381283,
2052.717151793, 0.989878466,
2052.737583610, 0.989648393,
2052.758015426, 0.991408069,
2052.778447243, 0.987471194,
2052.798879060, 0.986639883,
2052.819310878, 0.990471446,
2052.860174614, 0.985641042,
2052.880606432, 0.988846458,
2052.901038151, 0.990870212,
2052.921470069, 0.986769881,
2052.941901888, 0.991017980,
2052.962333608, 0.988870459,
2052.982765527, 0.988041735,
2053.003197347, 0.989543659,
2053.023629267, 0.986734921,
2053.044060987, 0.990686348,
2053.064492808, 0.990273530,
2053.146220092, 0.988608977,
2053.166651914, 0.989075177,
2053.187083836, 0.989469608,
2053.207515558, 0.993402874,
2053.227947381, 0.990317955,
2053.248379304, 0.987799935,
2053.268811027, 0.992441805,
2053.289242850, 0.988360478,
2053.309674774, 0.988426778,
2053.350538422, 0.987254014,
2053.370970246, 0.988185420,
2053.391402071, 0.991420545,
2053.411833895, 0.987949881,
2053.432265721, 0.990113690,
2053.452697546, 0.987424844,
2053.473129372, 0.990269106,
2053.493561197, 0.990642282,
2053.513993024, 0.985361183,
2053.534424950, 0.988169795,
2053.554856677, 0.992264379,
2053.595720431, 0.990682923,
2053.616152158, 0.989274725,
2053.636584086, 0.989270054,
2053.657015914, 0.988979409,
2053.677447642, 0.988412903,
2053.697879571, 0.990766693,
2053.718311399, 0.986987198,
2053.738743229, 0.991139347,
2053.759175058, 0.988582004,
2053.779606887, 0.990669911,
2053.800038717, 0.988035640,
2053.840902277, 0.990539305,
2053.861334208, 0.990018170,
2053.881766039, 0.990869166,
2053.902197970, 0.992631220,
2053.922629701, 0.991392034,
2053.943061533, 0.987537687,
2053.963493465, 0.988717735,
2053.983925197, 0.991040871,
2054.024788962, 0.990459011,
2054.045220795, 0.991161323,
2054.086084462, 0.987327247,
2054.106516295, 0.986511614,
2054.126948129, 0.988960981,
2054.147379964, 0.988647011,
2054.167811798, 0.989333847,
2054.188243733, 0.990680799,
2054.208675468, 0.990572409,
2054.229107303, 0.987952609,
2054.249539239, 0.990159500,
2054.269970975, 0.986125550,
2054.290402911, 0.989163002,
2054.331266484, 0.989128196,
2054.351698421, 0.990170199,
2054.372130258, 0.987346999,
2054.392561996, 0.989837824,
2054.412993933, 0.988238418,
2054.433425771, 0.989718485,
2054.453857609, 0.989504046,
2054.474289448, 0.987635697,
2054.494721187, 0.986516510,
2054.515153126, 0.987020608,
2054.535584965, 0.987067504,
2054.576448645, 0.988315600,
2054.596880485, 0.990667838,
2054.617312425, 0.991224800,
2054.637744166, 0.991154740,
2054.658176007, 0.989026618,
2054.678607948, 0.987659884,
2054.699039689, 0.988992307,
2054.719471531, 0.986927536,
2054.739903473, 0.990604674,
2054.760335315, 0.988165901,
2054.780767158, 0.989577298,
2054.821630844, 0.984683692,
2054.842062687, 0.990686865,
2054.862494531, 0.988874458,
2054.882926375, 0.990017912,
2054.903358319, 0.989271383,
2054.923790063, 0.986572760,
2054.944221908, 0.988621420,
2054.964653853, 0.989512832,
2054.985085598, 0.988885151,
2055.005517544, 0.989972917,
2055.025949390, 0.990159102,
2055.087244829, 0.991187306,
2055.107676675, 0.985477981,
2055.128108623, 0.989458040,
2055.148540370, 0.991369627,
2055.168972318, 0.988682633,
2055.189404166, 0.987582032,
2055.209835914, 0.986021722,
2055.230267863, 0.990415106,
2055.250699711, 0.986792555,
2055.271131560, 0.990663607,
2055.291563410, 0.989982905,
2055.311995260, 0.986236638,
2055.332427209, 0.989273834,
2055.352858960, 0.989125689,
2055.373290810, 0.989652445,
2055.393722761, 0.991773247,
2055.414154612, 0.987063007,
2055.434586363, 0.989662889,
2055.455018315, 0.988921459,
2055.475450167, 0.989292974,
2055.495882019, 0.987669379,
2055.516313871, 0.991321439,
2055.557177677, 0.990931720,
2055.577609430, 0.987742409,
2055.598041283, 0.988319686,
2055.618473237, 0.988173272,
2055.638904991, 0.984777155,
2055.659336846, 0.988603084,
2055.679768800, 0.990657624,
2055.700200555, 0.989774054,
2055.720632510, 0.988956213,
2055.741064266, 0.984763936,
2055.761496122, 0.991250835,
2055.802359834, 0.991506556,
2055.822791690, 0.987086175,
2055.843223647, 0.987553271,
2055.863655404, 0.988559478,
2055.884087362, 0.989352262,
2055.904519220, 0.991148024,
2055.924951078, 0.987963362,
2055.945382936, 0.987966090,
2055.965814794, 0.987775097,
2055.986246653, 0.991220334,
2056.006678512, 0.990564038,
2056.067974191, 0.988519592,
2056.088405951, 0.988310086,
2056.108837912, 0.987224589,
2056.129269773, 0.989234229,
2056.149701534, 0.986415279,
2056.170133495, 0.987629331,
2056.190565357, 0.991093465,
2056.210997319, 0.990784298,
2056.231429081, 0.987179328,
2056.251860944, 0.986003579,
2056.272292906, 0.986078722,
2056.292724669, 0.986778106,
2056.313156533, 0.994728760,
2056.333588496, 0.991617618,
2056.354020260, 0.992736101,
2056.374452125, 0.989768893,
2056.394883989, 0.988109858,
2056.415315854, 0.988552032,
2056.435747819, 0.989824119,
2056.456179684, 0.990350335,
2056.476611450, 0.987405675,
2056.497043416, 0.987958462,
2056.537907049, 0.988988748,
2056.558339015, 0.992570121,
2056.578770882, 0.991393953,
2056.599202750, 0.990186552,
2056.619634617, 0.990360505,
2056.640066485, 0.987771015,
2056.660498354, 0.988469619,
2056.680930222, 0.984963974,
2056.701362091, 0.986372196,
2056.721793960, 0.990687361,
2056.742225829, 0.989453206,
2056.783089669, 0.989490962,
2056.803521439, 0.986971458,
2056.823953410, 0.988692021,
2056.844385281, 0.989506830,
2056.864817052, 0.990972124,
2056.885249023, 0.990058292,
2056.905680895, 0.988442874,
2056.926112867, 0.987640637,
2056.946544639, 0.989228969,
2056.966976512, 0.988266868,
2056.987408484, 0.985829125,
2057.028272131, 0.989095486,
2057.048704105, 0.991332633,
2057.069135879, 0.988013293,
2057.089567753, 0.987628075,
2057.109999628, 0.992144918,
2057.130431503, 0.989139048,
2057.150863478, 0.988948987,
2057.171295253, 0.991188743,
2057.191727129, 0.985242724,
2057.212159105, 0.992819645,
2057.232590981, 0.988267783,
2057.293886612, 0.992020860,
2057.314318490, 0.987420899,
2057.334750368, 0.991117774,
