BJD - 2454833, Corrected Flux
1977.262460840, 1.002302080,
1977.282893108, 1.002757063,
1977.303325275, 1.002858345,
1977.364622175, 1.002178007,
1977.385054441, 1.002185098,
1977.405486706, 1.002283558,
1977.425918970, 1.002367130,
1977.446351334, 1.002155512,
1977.466783498, 1.002007037,
1977.487215861, 1.002452598,
1977.507648124, 1.002277870,
1977.528080286, 1.002383638,
1977.548512648, 1.002111384,
1977.568944909, 1.002297544,
1977.589377070, 1.002133132,
1977.609809430, 1.002053521,
1977.630241690, 1.002286407,
1977.650673850, 1.002091724,
1977.671106209, 1.002123940,
1977.691538467, 1.001978834,
1977.711970625, 1.002076743,
1977.732402982, 1.002158365,
1977.752835239, 1.002032621,
1977.773267397, 1.002183850,
1977.793699752, 1.002028121,
1977.814132008, 1.002142090,
1977.834564263, 1.002207058,
1977.854996518, 1.002192058,
1977.875428772, 1.002196998,
1977.895861026, 1.002126789,
1977.916293279, 1.002070385,
1977.957157884, 1.002024147,
1977.977590036, 1.002093760,
1977.998022288, 1.002152992,
1978.018454639, 1.001887835,
1978.038886789, 1.001989668,
1978.059319039, 1.002161304,
1978.079751389, 1.002229589,
1978.100183538, 1.002122329,
1978.120615786, 1.002058177,
1978.141048134, 1.002121768,
1978.161480282, 1.002003633,
1978.181912529, 1.002047994,
1978.202344876, 1.001833653,
1978.222777022, 1.001989636,
1978.243209368, 1.001925192,
1978.284073858, 1.001776385,
1978.304506102, 1.001867778,
1978.324938346, 1.002051945,
1978.345370590, 1.002104003,
1978.365802833, 1.002061712,
1978.386235076, 1.001967396,
1978.406667317, 1.002121425,
1978.427099559, 1.001977069,
1978.447531800, 1.001997902,
1978.467964041, 1.001873621,
1978.488396281, 1.002001877,
1978.508828521, 1.001845540,
1978.529260660, 1.001961851,
1978.590557375, 1.002107103,
1978.610989713, 1.001865228,
1978.631421950, 1.002020281,
1978.651854286, 1.002096872,
1978.672286422, 1.002130310,
1978.692718657, 1.001984001,
1978.713150992, 1.001893339,
1978.733583127, 1.001960796,
1978.774447695, 1.002081018,
1978.794879928, 1.002115238,
1978.815312061, 1.002097515,
1978.835744393, 1.001938390,
1978.856176625, 1.001855580,
1978.876608756, 1.001979743,
1978.917473318, 1.002172487,
1978.937905448, 1.002198279,
1978.958337777, 1.001928475,
1978.978770006, 1.002008836,
1978.999202135, 1.001957355,
1979.019634463, 1.001887017,
1979.060498818, 1.001921080,
1979.080931145, 1.001980376,
1979.101363371, 1.001943425,
1979.121795697, 1.001971874,
1979.142227822, 1.001902213,
1979.162660047, 1.001950057,
1979.183092272, 1.001985274,
1979.203524496, 1.001922898,
1979.223956719, 1.002082132,
1979.244388942, 1.001943395,
1979.264821165, 1.001989104,
1979.285253387, 1.001888830,
1979.305685609, 1.001839857,
1979.326117830, 1.001966337,
1979.346550051, 1.001856757,
1979.366982371, 1.001945273,
1979.387414491, 1.002046194,
1979.407846710, 1.001956506,
1979.428279030, 1.001931942,
1979.448711148, 1.001903146,
1979.469143366, 1.001920540,
1979.489575683, 1.001935092,
1979.510007801, 1.001936758,
1979.530440017, 1.001923297,
1979.550872333, 1.002222518,
1979.571304449, 1.002020191,
1979.591736765, 1.002019775,
1979.612168979, 1.001978802,
1979.632601194, 1.002033991,
1979.653033408, 1.001891379,
1979.673465621, 1.001939741,
1979.693897834, 1.001928441,
1979.714330047, 1.001988093,
1979.734762259, 1.001902746,
1979.775626682, 1.001958437,
1979.796058893, 1.001988802,
1979.816491103, 1.002016245,
1979.836923413, 1.002041473,
1979.857355522, 1.001882998,
1979.877787731, 1.002012040,
1979.918652147, 1.002085479,
1979.939084355, 1.002024482,
1979.959516562, 1.001828026,
1979.979948769, 1.002020272,
1980.000380975, 1.001944376,
1980.020813181, 1.001939331,
1980.041245386, 1.001959509,
1980.061677691, 1.002246994,
1980.082109795, 1.001911753,
1980.102541999, 1.002061459,
1980.143406406, 1.001890809,
1980.163838608, 1.001960876,
1980.184270910, 1.001911744,
1980.204703112, 1.001927216,
1980.225135214, 1.001824578,
1980.245567514, 1.001863682,
1980.265999715, 1.002075324,
1980.286431814, 1.002088388,
1980.306864114, 1.002065340,
1980.327296313, 1.001800463,
1980.347728411, 1.002000642,
1980.368160710, 1.003382212,
1980.388592907, 1.002047975,
1980.409025004, 1.001936760,
1980.429457301, 1.001878959,
1980.449889497, 1.001859533,
1980.470321693, 1.002014024,
1980.490753889, 1.002049138,
1980.511186083, 1.001940459,
1980.531618378, 1.002065787,
1980.552050472, 1.001900225,
1980.572482665, 1.002041867,
1980.592914959, 1.002123830,
1980.613347051, 1.002031885,
1980.633779244, 1.002014819,
1980.654211535, 1.001858716,
1980.674643627, 1.001869572,
1980.695075818, 1.001969898,
1980.715508108, 1.001940314,
1980.735940198, 1.002115701,
1980.756372388, 1.001979234,
1980.776804677, 1.002059914,
1980.797236765, 1.002088498,
1980.817668953, 1.001843648,
1980.838101241, 1.001978448,
1980.858533329, 1.001852337,
1980.878965515, 1.002155893,
1980.899397802, 1.001988701,
1980.919829888, 1.002064451,
1980.940262073, 1.002005275,
1980.960694359, 1.002104541,
1980.981126443, 1.001979429,
1981.042423094, 1.001815286,
1981.062855277, 1.001981720,
1981.083287460, 1.001974191,
1981.103719642, 1.002034334,
1981.124151823, 1.002043329,
1981.144584004, 1.001927111,
1981.165016185, 1.001822172,
1981.185448465, 1.002130809,
1981.205880545, 1.001796931,
1981.226312724, 1.001828273,
1981.246745003, 1.001775889,
1981.267177082, 1.001921786,
1981.287609259, 1.001957604,
1981.308041537, 1.001813909,
1981.328473614, 1.001876907,
1981.348905791, 1.001975381,
1981.369338067, 1.001813237,
1981.389770143, 1.001988272,
1981.410202318, 1.001986656,
1981.430634493, 1.002008837,
1981.451066667, 1.002060312,
1981.471498942, 1.002005504,
1981.594091977, 1.001937739,
1981.614524148, 1.001893272,
1981.634956218, 1.001877657,
1981.655388488, 1.001817896,
1981.675820657, 1.001718670,
1981.696252727, 1.001698817,
1981.716684996, 1.001881631,
1981.737117164, 1.001771164,
1981.757549232, 1.001819825,
1981.777981499, 1.001922493,
1981.798413666, 1.001884063,
1981.818845733, 1.001852250,
1981.839277998, 1.001768755,
1981.859710164, 1.001886538,
1981.880142330, 1.001997543,
1981.900574494, 1.001900279,
1981.921006659, 1.002223002,
1981.941438923, 1.001949129,
1981.961870986, 1.001936737,
1981.982303149, 1.001869193,
1982.002735412, 1.001912385,
1982.023167574, 1.001816847,
1982.043599636, 1.001726678,
1982.064031897, 1.002030522,
1982.084464058, 1.002001617,
1982.104896118, 1.001841770,
1982.125328378, 1.002160968,
1982.145760438, 1.002037592,
1982.166192597, 1.001996420,
1982.186624855, 1.001865819,
1982.207056914, 1.001896234,
1982.227489072, 1.001850550,
1982.247921329, 1.001861801,
1982.268353386, 1.001908609,
1982.288785542, 1.002062764,
1982.309217798, 1.001947587,
1982.329649854, 1.001986379,
1982.350082009, 1.001957794,
1982.370514264, 1.001954131,
1982.390946419, 1.001860413,
1982.411378572, 1.001907055,
1982.431810726, 1.001909870,
1982.452242879, 1.001870582,
1982.472675031, 1.001859227,
1982.513539335, 1.001996948,
1982.533971587, 1.002108524,
1982.554403638, 1.001954470,
1982.574835788, 1.002119220,
1982.595268038, 1.002069330,
1982.615700088, 1.002012931,
1982.636132237, 1.001948836,
1982.656564485, 1.001948121,
1982.676996534, 1.002140511,
1982.697428681, 1.002089683,
1982.717860929, 1.002032411,
1982.738292976, 1.002001791,
1982.758725122, 1.002099724,
1982.779157369, 1.002172525,
1982.799589414, 1.002038100,
1982.820021560, 1.002479783,
1982.840453804, 1.001952758,
1982.860885949, 1.002133652,
1982.881318093, 1.002140070,
1982.901750237, 1.001992007,
1982.922182280, 1.002160486,
1982.942614522, 1.002103261,
1982.983478706, 1.002061194,
1983.003910948, 1.002066850,
1983.024343089, 1.002116922,
1983.044775129, 1.002058635,
1983.065207369, 1.002200495,
1983.085639509, 1.001915829,
1983.106071548, 1.002066555,
1983.126503787, 1.001999707,
1983.146935926, 1.001723367,
1983.167367964, 1.002101152,
1983.187800201, 1.002082142,
1983.208232338, 1.002048017,
1983.228664475, 1.002084935,
1983.249096611, 1.002068841,
1983.269528747, 1.001891854,
1983.289960883, 1.002131540,
1983.310393018, 1.001867586,
1983.330825152, 1.002055886,
1983.351257386, 1.001972854,
1983.371689520, 1.001771645,
1983.392121554, 1.001980066,
1983.412553786, 1.001955238,
1983.432985919, 1.002070988,
1983.473850183, 1.002049899,
1983.494282313, 1.002055087,
1983.514714344, 1.001971103,
1983.535146575, 1.001999364,
1983.555578705, 1.001975377,
1983.576010734, 1.001808840,
1983.596442963, 1.002038755,
1983.616875092, 1.001973826,
1983.637307120, 1.001891937,
1983.657739348, 1.001850224,
1983.678171375, 1.002113126,
1983.698603602, 1.001904549,
1983.719035729, 1.001969572,
1983.739467755, 1.002004462,
1983.759899880, 1.001931000,
1983.780332106, 1.001790118,
1983.800764230, 1.002006294,
1983.821196355, 1.001911988,
1983.841628479, 1.001906618,
1983.862060602, 1.001788442,
1983.882492826, 1.001963009,
1983.902924848, 1.001819480,
1983.923356971, 1.001818950,
1983.964221214, 1.001854532,
1983.984653335, 1.001939002,
1984.005085556, 1.001953110,
1984.025517576, 1.001963740,
1984.045949696, 1.001942547,
1984.066381915, 1.001969700,
1984.086813934, 1.002019201,
1984.107246053, 1.002041063,
1984.127678271, 1.001952771,
1984.148110288, 1.001901733,
1984.168542406, 1.002059341,
1984.188974623, 1.001854961,
1984.209406739, 1.001741411,
1984.229838755, 1.002045644,
1984.250270971, 1.002054009,
1984.270703086, 1.001994140,
1984.291135201, 1.002198749,
1984.311567315, 1.002012379,
1984.331999429, 1.002157654,
1984.352431643, 1.001911811,
1984.372863656, 1.002014826,
1984.393295668, 1.002035421,
1984.413727881, 1.002023816,
1984.475024215, 1.001999714,
1984.495456325, 1.002077112,
1984.515888336, 1.002020811,
1984.536320546, 1.001985124,
1984.556752655, 1.001922535,
1984.577184664, 1.001896129,
1984.597616872, 1.002362889,
1984.618048980, 1.001983089,
1984.638481088, 1.001987334,
1984.658913196, 1.001808669,
1984.679345302, 1.001905593,
1984.699777409, 1.001960678,
1984.720209615, 1.001857516,
1984.740641620, 1.001839507,
1984.781505931, 1.002101912,
1984.801937935, 1.001973992,
1984.822370139, 1.001872355,
1984.842802242, 1.002019762,
1984.863234245, 1.002093363,
1984.883666448, 1.001885927,
1984.904098550, 1.001980844,
1984.985826856, 1.001969543,
1985.006259056, 1.001770832,
1985.026691156, 1.001838335,
1985.047123255, 1.001670486,
1985.067555354, 1.001893100,
1985.087987453, 1.001906659,
1985.108419551, 1.001920121,
1985.128851649, 1.001837884,
1985.149283746, 1.002040200,
1985.169715743, 1.002115404,
1985.190147940, 1.001969625,
1985.210580036, 1.001917470,
1985.231012232, 1.002014863,
1985.251444227, 1.002034018,
1985.271876322, 1.002008325,
1985.292308517, 1.001904918,
1985.312740511, 1.001984797,
1985.333172605, 1.001838182,
1985.353604798, 1.001939681,
1985.374036791, 1.001798673,
1985.394468883, 1.001920432,
1985.455765158, 1.001883786,
1985.476197349, 1.001935811,
1985.517061430, 1.001888535,
1985.537493620, 1.001882947,
1985.557925708, 1.001917014,
1985.578357697, 1.002016302,
1985.598789886, 1.001860948,
1985.619221974, 1.002047146,
1985.639653961, 1.001964641,
1985.660086148, 1.002078973,
1985.680518235, 1.001900023,
1985.700950422, 1.001938280,
1985.721382408, 1.002058084,
1985.741814493, 1.001796123,
1985.762246679, 1.002211973,
1985.782678663, 1.001798546,
1985.803110748, 1.001935089,
1985.823542931, 1.001913003,
1985.843974915, 1.001856069,
1985.864406998, 1.002102886,
1985.884839081, 1.001919348,
1985.946135327, 1.002117359,
1985.966567408, 1.002093164,
1985.986999489, 1.001965548,
1986.007431569, 1.002075576,
1986.027863649, 1.001890218,
1986.048295729, 1.001813738,
1986.068727908, 1.002108254,
1986.089159886, 1.002056505,
1986.109591965, 1.001739830,
1986.130024142, 1.001878872,
1986.150456120, 1.002041448,
1986.170888297, 1.001990621,
1986.191320374, 1.001731067,
1986.211752350, 1.001904602,
1986.232184526, 1.001922587,
1986.252616602, 1.001880892,
1986.273048577, 1.002068713,
1986.293480751, 1.002032837,
1986.313912826, 1.001826555,
1986.354776974, 1.002027434,
1986.375209047, 1.001857212,
1986.395641119, 1.001961130,
1986.416073191, 1.001849488,
1986.436505264, 1.001914701,
1986.456937335, 1.002000382,
1986.477369406, 1.001868684,
1986.497801477, 1.002189113,
1986.518233547, 1.001921857,
1986.538665717, 1.001842586,
1986.559097686, 1.001876969,
1986.579529756, 1.001848477,
1986.599961824, 1.001907809,
1986.681690095, 1.001788798,
1986.702122262, 1.001776727,
1986.722554228, 1.001958907,
1986.742986294, 1.001943488,
1986.763418460, 1.001860718,
1986.783850425, 1.001988435,
1986.804282490, 1.001915454,
1986.824714654, 1.001972001,
1986.845146618, 1.001782615,
1986.865578682, 1.001797205,
1986.926874870, 1.001814277,
1986.947307032, 1.001847279,
1986.967739094, 1.001818331,
1986.988171055, 1.001805393,
1987.008603216, 1.001863269,
1987.029035276, 1.001752573,
1987.049467236, 1.001811132,
1987.069899396, 1.001907897,
1987.090331455, 1.001822310,
1987.110763614, 1.001724262,
1987.172059788, 1.002012893,
1987.192491745, 1.001939357,
1987.212923802, 1.001868542,
1987.233355959, 1.001757737,
1987.253787915, 1.001816488,
1987.274219970, 1.001731617,
1987.294652126, 1.001803356,
1987.315084081, 1.001812373,
1987.335516135, 1.001787113,
1987.355948290, 1.001774779,
1987.376380243, 1.001688174,
1987.396812297, 1.001947093,
1987.417244349, 1.001970453,
1987.437676402, 1.001721820,
1987.458108454, 1.001703969,
1987.478540606, 1.001930066,
1987.498972557, 1.001868389,
1987.519404709, 1.001937976,
1987.539836759, 1.001735088,
1987.560268710, 1.001699467,
1987.580700859, 1.001751335,
1987.601132909, 1.001739618,
1987.662429055, 1.001749349,
1987.682861003, 1.001783556,
1987.703293150, 1.001882788,
1987.723725197, 1.001760929,
1987.744157244, 1.001779485,
1987.785021337, 1.001729494,
1987.805453382, 1.001845397,
1987.825885427, 1.001822488,
1987.846317472, 1.001795975,
1987.907613604, 1.002076575,
1987.928045648, 1.001918905,
1987.948477790, 1.001771156,
1987.968909733, 1.001774793,
1987.989341875, 1.001569302,
1988.009773917, 1.001902392,
1988.030205858, 1.002168111,
1988.050637999, 1.001938519,
1988.071070039, 1.001776093,
1988.091501980, 1.001841719,
1988.111934120, 1.001714019,
1988.132366059, 1.001726017,
1988.152798098, 1.001880208,
1988.173230237, 1.001745405,
1988.193662175, 1.001718240,
1988.214094213, 1.001683045,
1988.234526350, 1.001714065,
1988.254958287, 1.001746486,
1988.275390324, 1.001814699,
1988.295822460, 1.002334100,
1988.316254497, 1.001853798,
1988.336686432, 1.001789966,
1988.397982537, 1.001570332,
1988.418414671, 1.001867796,
1988.438846704, 1.001855111,
1988.459278838, 1.001868164,
1988.479710770, 1.001666428,
1988.500142803, 1.001689211,
1988.520574935, 1.001742474,
1988.541006867, 1.001821581,
1988.561438898, 1.001843331,
1988.581871029, 1.001593113,
1988.643167120, 1.001676271,
1988.663599050, 1.001957361,
1988.684031078, 1.001656820,
1988.704463207, 1.001592952,
1988.724895136, 1.001811379,
1988.745327164, 1.001709173,
1988.765759291, 1.001632900,
1988.786191319, 1.001740738,
1988.806623245, 1.001494980,
1988.827055372, 1.001682176,
1988.908783374, 1.001827219,
1988.929215498, 1.001709141,
1988.949647522, 1.001700883,
1988.970079447, 1.001727345,
1988.990511570, 1.002076841,
1989.010943593, 1.001668373,
1989.031375516, 1.001735594,
1989.051807638, 1.001753083,
1989.072239660, 1.001850159,
1989.092671582, 1.001696973,
1989.113103703, 1.001719152,
1989.133535723, 1.001706672,
1989.153967744, 1.001973113,
1989.174399764, 1.001886069,
1989.194831784, 1.001523679,
1989.215263803, 1.001784104,
1989.235695822, 1.001686840,
1989.256127840, 1.001860605,
1989.276559859, 1.001718490,
1989.296991977, 1.001790217,
1989.317423894, 1.001829538,
1989.378719944, 1.001929511,
1989.399152060, 1.001890283,
1989.419584076, 1.001909474,
1989.440015991, 1.001926666,
1989.460448105, 1.001723585,
1989.480880120, 1.001709365,
1989.501312034, 1.001847398,
1989.521744148, 1.001705293,
1989.542176161, 1.001587573,
1989.562608074, 1.001688824,
1989.583040187, 1.001504291,
1989.603472199, 1.001554446,
1989.623904111, 1.001718341,
1989.644336223, 1.001765133,
1989.664768233, 1.001693125,
1989.685200145, 1.001700798,
1989.705632255, 1.001813498,
1989.726064265, 1.001673137,
1989.746496174, 1.001764110,
1989.766928284, 1.001515981,
1989.787360292, 1.001678858,
1989.807792201, 1.001682659,
1989.869088425, 1.001821218,
1989.889520332, 1.001826864,
1989.909952338, 1.001732549,
1989.930384445, 1.001683416,
1989.950816351, 1.001633468,
1989.971248356, 1.001666261,
1989.991680461, 1.001573668,
1990.012112366, 1.001787101,
1990.032544371, 1.001673307,
1990.052976475, 1.001592953,
1990.073408378, 1.001634605,
1990.093840382, 1.001757704,
1990.114272485, 1.001762721,
1990.134704488, 1.001736128,
1990.155136390, 1.001623709,
1990.175568492, 1.001811648,
1990.196000493, 1.001698571,
1990.216432395, 1.001547287,
1990.236864496, 1.001707181,
1990.257296496, 1.001899393,
1990.277728496, 1.001958873,
1990.298160496, 1.002291690,
1990.359456493, 1.001688077,
1990.379888391, 1.001784711,
1990.400320489, 1.001853868,
1990.441184383, 1.001644165,
1990.461616481, 1.001869568,
1990.482048477, 1.001768382,
1990.502480473, 1.001751395,
1990.522912468, 1.001847945,
1990.604640448, 1.001797924,
1990.625072442, 1.001855751,
1990.645504535, 1.001700822,
1990.665936429, 1.001676568,
1990.686368421, 1.001712156,
1990.706800514, 1.002115532,
1990.727232406, 1.002015689,
1990.747664497, 1.001735715,
1990.788528380, 1.001642706,
1990.849824351, 1.001647954,
1990.870256441, 1.001642984,
1990.890688430, 1.001618119,
1990.911120319, 1.001822003,
1990.931552407, 1.001718454,
1990.951984395, 1.001667995,
1990.972416383, 1.001741555,
1990.992848371, 1.001724839,
1991.013280358, 1.001741970,
1991.033712344, 1.001516899,
1991.054144331, 1.001659422,
1991.074576317, 1.001502188,
1991.095008202, 1.001606388,
1991.115440288, 1.001622997,
1991.135872272, 1.001752617,
1991.156304357, 1.001651391,
1991.176736241, 1.001695597,
1991.197168225, 1.001600325,
1991.217600309, 1.001772237,
1991.238032192, 1.001768438,
1991.258464174, 1.001771937,
1991.278896257, 1.001875419,
1991.340192202, 1.001594860,
1991.360624083, 1.001644621,
1991.381056064, 1.001810219,
1991.401488144, 1.001663895,
1991.421920024, 1.001696332,
1991.442352003, 1.001766609,
1991.462784083, 1.001845825,
1991.483216062, 1.001784822,
1991.503647940, 1.001701730,
1991.544511996, 1.001626108,
1991.564943874, 1.001557597,
1991.585375951, 1.001560687,
1991.605807928, 1.001578617,
1991.626240004, 1.001587589,
1991.646671880, 1.001683689,
1991.667103856, 1.001652681,
1991.687535931, 1.001812324,
1991.707967806, 1.001797262,
1991.728399781, 1.001792302,
1991.748831755, 1.001828391,
1991.769263729, 1.001856992,
1991.789695702, 1.001698025,
1991.810127676, 1.001467964,
1991.830559649, 1.001504522,
1991.850991621, 1.001795101,
1991.871423593, 1.001639060,
1991.891855565, 1.001563329,
1991.932719508, 1.001604692,
1991.953151479, 1.001844125,
1991.973583449, 1.001560087,
1991.994015519, 1.001644974,
1992.075743296, 1.001721166,
1992.096175364, 1.001533690,
1992.116607332, 1.001715509,
1992.137039200, 1.001616820,
1992.157471267, 1.001567946,
1992.177903234, 1.001558182,
1992.198335101, 1.001287278,
1992.218767167, 1.001666620,
1992.239199133, 1.001638807,
1992.259630998, 1.001649715,
1992.300495029, 1.001741840,
1992.320926993, 1.001353409,
1992.341358957, 1.001658641,
1992.361790921, 1.001463204,
1992.382222885, 1.001366307,
1992.402654848, 1.001669321,
1992.423086810, 1.001384148,
1992.443518873, 1.001647563,
1992.463950835, 1.001447942,
1992.484382697, 1.001603640,
1992.504814758, 1.001621696,
1992.525246619, 1.001714243,
1992.545678580, 1.001622563,
1992.566110640, 1.001496164,
1992.586542500, 1.001588453,
1992.606974460, 1.001507590,
1992.647838378, 1.001750437,
1992.668270337, 1.001770238,
1992.688702395, 1.001718131,
1992.709134253, 1.001573762,
1992.729566211, 1.001601556,
1992.749998268, 1.001690339,
1992.811294138, 1.001486401,
1992.831726094, 1.001457421,
1992.852158049, 1.001604621,
1992.872590005, 1.001465605,
1992.893021959, 1.001678025,
1992.913453914, 1.001688956,
1992.933885868, 1.001439423,
1992.954317822, 1.001558053,
1992.974749876, 1.001670847,
1992.995181729, 1.001830452,
1993.015613682, 1.001605248,
1993.036045734, 1.001421569,
1993.056477586, 1.001769869,
1993.076909538, 1.001625262,
1993.097341590, 1.001592036,
1993.117773441, 1.001482696,
1993.138205392, 1.001495082,
1993.158637442, 1.001564810,
1993.179069292, 1.001412960,
1993.199501242, 1.001594536,
1993.219933291, 1.001545627,
1993.240365141, 1.001565473,
1993.301660986, 1.001806724,
1993.322093034, 1.001770425,
1993.342524981, 1.001621198,
1993.362956828, 1.001526325,
1993.383388875, 1.001701079,
1993.403820821, 1.001726867,
1993.424252667, 1.001555844,
1993.444684713, 1.001599901,
1993.465116658, 1.001615274,
1993.485548503, 1.001664078,
1993.546844337, 1.001627805,
1993.567276380, 1.001698218,
1993.587708324, 1.001672066,
1993.608140167, 1.001630177,
1993.628572210, 1.001753087,
1993.649004152, 1.001534344,
1993.669436194, 1.001572480,
1993.689868036, 1.001641162,
1993.710299977, 1.001552886,
1993.730732018, 1.001569435,
1993.751163859, 1.001613595,
1993.771595799, 1.001710543,
1993.792027839, 1.001704296,
1993.812459779, 1.001466423,
1993.832891618, 1.001519239,
1993.853323657, 1.001625628,
1993.873755596, 1.001752128,
1993.894187435, 1.001736216,
1993.914619473, 1.001748400,
1993.935051410, 1.001631467,
1993.955483248, 1.001855866,
1993.975915285, 1.001593809,
1994.037211094, 1.001559723,
1994.057642930, 1.001663682,
1994.078074965, 1.001649190,
1994.098506900, 1.001706104,
1994.118938735, 1.001750776,
1994.139370769, 1.001730459,
1994.159802703, 1.001682790,
1994.180234637, 1.001620733,
1994.200666570, 1.001728353,
1994.221098504, 1.001582669,
1994.282394301, 1.001770174,
1994.323258164, 1.001696337,
1994.343690095, 1.001634491,
1994.364122026, 1.001478436,
1994.384554057, 1.001487679,
1994.404985887, 1.001691611,
1994.425417816, 1.001488185,
1994.445849846, 1.001566667,
1994.466281675, 1.001564581,
1994.486713704, 1.001545755,
1994.507145633, 1.001701855,
1994.527577461, 1.001609168,
1994.548009488, 1.001601405,
1994.568441416, 1.001709235,
1994.588873243, 1.001761830,
1994.609305270, 1.001769441,
1994.629737197, 1.001634074,
1994.650169123, 1.001657964,
1994.670601049, 1.001743133,
1994.691032974, 1.001679732,
1994.711464800, 1.001780246,
1994.772760573, 1.001521341,
1994.793192597, 1.001575856,
1994.813624521, 1.001619328,
1994.834056344, 1.001381291,
1994.854488367, 1.001456463,
1994.874920290, 1.001455801,
1994.895352312, 1.001485900,
1994.915784134, 1.001542941,
1994.936216056, 1.001445050,
1994.956648077, 1.001449293,
1995.017943840, 1.001694121,
1995.038375660, 1.001592012,
1995.058807579, 1.001729526,
1995.079239599, 1.001677878,
1995.099671418, 1.001707703,
1995.120103337, 1.001622797,
1995.140535355, 1.001656245,
1995.160967173, 1.001570882,
1995.181399091, 1.001474271,
1995.201831109, 1.001428270,
1995.263126859, 1.001623856,
1995.283558776, 1.001239748,
1995.303990692, 1.001585099,
1995.324422607, 1.001714592,
1995.344854522, 1.001797303,
1995.365286437, 1.001724542,
1995.385718352, 1.001592450,
1995.406150266, 1.001501756,
1995.426582180, 1.001621337,
1995.447014094, 1.001693086,
1995.467446007, 1.001450795,
1995.487877920, 1.001387963,
1995.508309833, 1.001640114,
1995.528741646, 1.001545443,
1995.549173658, 1.001576630,
1995.569605570, 1.001361891,
1995.590037481, 1.001583774,
1995.610469392, 1.001675949,
1995.630901303, 1.001509014,
1995.651333214, 1.001612402,
1995.671765124, 1.001587758,
1995.692197034, 1.001596630,
1995.753492761, 1.001495086,
1995.773924770, 1.001611000,
1995.794356678, 1.001630954,
1995.814788486, 1.001548995,
1995.835220494, 1.001544028,
1995.855652401, 1.001840984,
1995.876084208, 1.001670468,
1995.896516215, 1.001662069,
1995.916948122, 1.001673038,
1995.937379928, 1.001733409,
1995.998675644, 1.001455258,
1996.019107649, 1.001445206,
1996.039539554, 1.001615895,
1996.059971458, 1.001500506,
1996.080403362, 1.001524987,
1996.100835265, 1.001583798,
1996.121267169, 1.001547928,
1996.141699072, 1.001614185,
1996.162130974, 1.001647532,
1996.182562877, 1.001619823,
1996.202994779, 1.001878366,
1996.223426681, 1.001757024,
1996.243858682, 1.001750226,
1996.264290483, 1.001647376,
1996.284722384, 1.001635830,
1996.305154384, 1.001779433,
1996.325586185, 1.001837814,
1996.346018084, 1.001731958,
1996.366450084, 1.001603207,
1996.386881883, 1.001447665,
1996.407313782, 1.001552868,
1996.489041475, 1.001821249,
1996.509473273, 1.001761260,
1996.529905270, 1.001810785,
1996.550337166, 1.001661891,
1996.570769063, 1.001867105,
1996.591200959, 1.002045124,
1996.632064751, 1.002078877,
1996.652496646, 1.001664340,
1996.672928541, 1.001658538,
1996.734224224, 1.001547791,
1996.754656117, 1.001704043,
1996.775088111, 1.001610461,
1996.795519904, 1.001548828,
1996.815951797, 1.001397398,
1996.836383789, 1.001593251,
1996.856815582, 1.001395552,
1996.877247474, 1.001702014,
1996.897679365, 1.001612938,
1996.918111257, 1.001562800,
1996.979406928, 1.001667170,
1996.999838919, 1.001802798,
1997.020270708, 1.001772400,
1997.040702598, 1.001658744,
1997.061134587, 1.001439530,
1997.101998265, 1.001467979,
1997.122430253, 1.001573574,
1997.142862141, 1.001703994,
1997.163293928, 1.001524993,
1997.224589590, 1.001815842,
1997.245021576, 1.001561505,
1997.265453462, 1.001690796,
1997.285885248, 1.001510547,
1997.306317234, 1.001710088,
1997.326749119, 1.001578014,
1997.347181104, 1.001565710,
1997.367612889, 1.001507391,
1997.388044773, 1.001536200,
1997.408476757, 1.001633591,
1997.428908541, 1.001434543,
1997.449340424, 1.001600798,
1997.469772407, 1.001678281,
1997.490204190, 1.001617456,
1997.510636073, 1.001559030,
1997.531068055, 1.001653995,
1997.551499937, 1.001459860,
1997.571931719, 1.001688563,
1997.592363700, 1.001586850,
1997.612795481, 1.001637009,
1997.633227362, 1.001476653,
1997.714954982, 1.001630655,
1997.735386761, 1.001530497,
1997.755818740, 1.001506348,
1997.776250619, 1.001611761,
1997.796682397, 1.001729538,
1997.817114375, 1.001845864,
1997.837546253, 1.001600836,
1997.857978031, 1.001511061,
1997.878410008, 1.001715235,
1997.898841885, 1.001704311,
1997.960137514, 1.001526879,
1997.980569390, 1.001584506,
1998.001001265, 1.001634923,
1998.021433140, 1.001516264,
1998.041865015, 1.001484468,
1998.082728764, 1.001559425,
1998.103160738, 1.001577141,
1998.123592612, 1.001627243,
1998.144024385, 1.001737117,
1998.164456358, 1.001634865,
1998.184888231, 1.001628244,
1998.205320004, 1.001545832,
1998.225751976, 1.001636278,
1998.246183848, 1.001705666,
1998.266615619, 1.001482162,
1998.287047591, 1.001691879,
1998.307479462, 1.001559175,
1998.348343203, 1.001733915,
1998.368774973, 1.001598743,
1998.389206943, 1.001629160,
1998.450502451, 1.001542878,
1998.470934420, 1.001603301,
1998.491366288, 1.001591675,
1998.511798156, 1.001553691,
1998.532230024, 1.001600499,
1998.552661892, 1.001614741,
1998.573093859, 1.001602684,
1998.593525626, 1.001691293,
1998.613957493, 1.001510149,
1998.634389459, 1.001789946,
1998.695685057, 1.001463198,
1998.716116822, 1.001865006,
1998.736548687, 1.001556093,
1998.756980652, 1.001510800,
1998.777412417, 1.001458621,
1998.797844281, 1.001612004,
1998.818276245, 1.001505770,
1998.838708008, 1.001432808,
1998.859139871, 1.001731816,
1998.879571834, 1.001597318,
1998.900003697, 1.001552142,
1998.920435560, 1.001625586,
1998.940867422, 1.001686920,
1998.961299283, 1.001581391,
1998.981731145, 1.001390952,
1999.002163006, 1.001584190,
1999.022594867, 1.001679704,
1999.043026828, 1.001695516,
1999.063458589, 1.001667646,
1999.083890449, 1.001542311,
1999.104322308, 1.001585628,
1999.124754168, 1.001563915,
1999.186049745, 1.001596630,
1999.206481504, 1.001476551,
1999.226913462, 1.001652676,
1999.247345320, 1.001504284,
1999.267777277, 1.001595387,
1999.288209035, 1.001631018,
1999.329072848, 1.001650984,
1999.349504605, 1.001645623,
1999.369936461, 1.001480792,
1999.390368417, 1.001586090,
1999.410800273, 1.001595414,
1999.431232028, 1.001652728,
1999.451663983, 1.001361984,
1999.472095838, 1.001710436,
1999.492527592, 1.001509432,
1999.512959547, 1.001558181,
1999.533391400, 1.001538417,
1999.553823154, 1.001470180,
1999.574255108, 1.001475269,
1999.594686961, 1.001429162,
1999.615118714, 1.001421455,
1999.676414471, 1.001607121,
1999.696846222, 1.001637936,
1999.717278074, 1.001485905,
1999.737710025, 1.001592258,
1999.758141776, 1.001454825,
1999.778573626, 1.001538115,
1999.799005577, 1.001627403,
1999.819437327, 1.001586520,
1999.839869177, 1.001464519,
1999.860301026, 1.001578252,
1999.921596573, 1.001570453,
1999.942028421, 1.001494862,
1999.962460270, 1.001597813,
1999.982892217, 1.001635186,
2000.003323965, 1.001664291,
2000.023755912, 1.001644685,
2000.044187759, 1.001446875,
2000.064619506, 1.001267409,
2000.085051453, 1.001516567,
2000.105483299, 1.001537882,
2000.125915045, 1.001603977,
2000.146346990, 1.001508158,
2000.166778836, 1.001485421,
2000.187210581, 1.001566611,
2000.207642526, 1.001606222,
2000.228074370, 1.001434566,
2000.248506215, 1.001502816,
2000.268938059, 1.001651460,
2000.289369902, 1.001570056,
2000.309801746, 1.001648369,
2000.330233589, 1.001516889,
2000.350665432, 1.001503247,
2000.411960959, 1.001822526,
2000.432392901, 1.001383462,
2000.452824743, 1.001625345,
2000.473256484, 1.001536845,
2000.493688425, 1.001417067,
2000.514120266, 1.001610406,
2000.534552006, 1.001740544,
2000.554983947, 1.001575396,
2000.575415787, 1.001378004,
2000.595847526, 1.001510063,
2000.636711205, 1.001537034,
2000.657143044, 1.001560210,
2000.677574982, 1.001526833,
2000.698006721, 1.001768025,
2000.718438559, 1.001517876,
2000.738870497, 1.001543016,
2000.759302234, 1.001427290,
2000.779734171, 1.001603166,
2000.800166008, 1.001553395,
2000.820597845, 1.001376000,
2000.841029682, 1.001365334,
2000.861461518, 1.001525959,
2000.881893354, 1.001480428,
2000.902325189, 1.001447270,
2000.922757025, 1.001479313,
2000.963620795, 1.001632663,
2000.984052529, 1.001637787,
2001.004484364, 1.001437532,
2001.024916298, 1.001374714,
2001.045348032, 1.001450332,
2001.065779865, 1.001417621,
2001.086211799, 1.001525134,
2001.147507297, 1.001529750,
2001.167939029, 1.001556252,
2001.188370961, 1.001495398,
2001.208802793, 1.001499298,
2001.229234624, 1.001525668,
2001.249666455, 1.001265245,
2001.270098186, 1.001583585,
2001.290530117, 1.001442285,
2001.310961947, 1.001430897,
2001.331393778, 1.001639434,
2001.351825507, 1.001510006,
2001.372257437, 1.001576208,
2001.392689266, 1.001378628,
2001.413120995, 1.001413060,
2001.433552924, 1.001458042,
2001.474416481, 1.001339133,
2001.494848409, 1.001578916,
2001.515280237, 1.001471778,
2001.535712164, 1.001406663,
2001.556143892, 1.001394660,
2001.576575719, 1.001336693,
2001.637871198, 1.001451883,
2001.658303124, 1.001496598,
2001.678734850, 1.001445710,
2001.699166675, 1.001365772,
2001.719598600, 1.001551384,
2001.740030325, 1.001341339,
2001.760462150, 1.001439887,
2001.780894074, 1.001544349,
2001.801325899, 1.001614158,
2001.821757622, 1.001458419,
2001.842189546, 1.001545547,
2001.862621369, 1.001350445,
2001.883053293, 1.001343954,
2001.903485015, 1.001441854,
2001.923916838, 1.001486811,
2001.944348760, 1.001426210,
2001.964780482, 1.001334382,
2001.985212304, 1.001377408,
2002.005644126, 1.001296138,
2002.026075947, 1.001501445,
2002.046507768, 1.001434189,
2002.066939589, 1.001480353,
2002.128235050, 1.001597855,
2002.148666870, 1.003431571,
2002.169098689, 1.001494660,
2002.189530509, 1.001272472,
2002.209962328, 1.001431838,
2002.230394247, 1.001424203,
2002.250825965, 1.001495743,
2002.271257783, 1.001453971,
2002.291689701, 1.001399202,
2002.312121519, 1.001577639,
2002.332553237, 1.001289948,
2002.373416971, 1.001447727,
2002.393848688, 1.001346403,
2002.414280604, 1.001525860,
2002.434712421, 1.001479304,
2002.455144136, 1.001424339,
2002.475576052, 1.001579802,
2002.496007868, 1.001443302,
2002.516439583, 1.001734534,
2002.536871498, 1.001501012,
2002.557303313, 1.001663561,
2002.639030669, 1.001473430,
2002.659462383, 1.001448805,
2002.679894196, 1.001419862,
2002.700326109, 1.001554686,
2002.720757822, 1.001558228,
2002.741189634, 1.001326199,
2002.761621447, 1.001323495,
2002.782053259, 1.001389444,
2002.802485070, 1.001301863,
2002.822916982, 1.001418641,
2002.843348693, 1.001316246,
2002.863780504, 1.001263963,
2002.884212415, 1.001377137,
2002.904644126, 1.001513017,
2002.925075936, 1.001481341,
2002.945507846, 1.001388808,
2002.965939556, 1.001300205,
2002.986371465, 1.001380191,
2003.006803274, 1.001455310,
2003.027234983, 1.001286595,
2003.047666892, 1.002266980,
2003.108962317, 1.002541576,
2003.129394125, 1.001480244,
2003.149825933, 1.001283822,
2003.170257740, 1.001347267,
2003.190689547, 1.001390785,
2003.211121354, 1.001360373,
2003.231553161, 1.001301532,
2003.251984967, 1.001382787,
2003.272416773, 1.001230213,
2003.292848679, 1.001309247,
2003.313280385, 1.001536980,
2003.333712290, 1.001364103,
2003.354144095, 1.001304191,
2003.374575800, 1.001472636,
2003.395007704, 1.001397409,
2003.415439509, 1.001532827,
2003.435871213, 1.001524324,
2003.456303117, 1.001513517,
2003.476734821, 1.001386044,
2003.497166624, 1.001489927,
2003.517598527, 1.001243151,
2003.538030230, 1.001432980,
2003.599325638, 1.001319954,
2003.640189342, 1.001403024,
2003.660621143, 1.001293185,
2003.681052944, 1.001559002,
2003.701484745, 1.001351520,
2003.721916546, 1.001363361,
2003.742348347, 1.001383996,
2003.762780147, 1.001540851,
2003.783211947, 1.001418168,
2003.803643847, 1.001371763,
2003.824075547, 1.001476993,
2003.844507346, 1.001383041,
2003.864939245, 1.001371415,
2003.885370944, 1.001471561,
2003.905802743, 1.001261386,
2003.926234641, 1.001576613,
2003.946666339, 1.001466347,
2003.967098137, 1.001423308,
2003.987530035, 1.001398340,
2004.007961732, 1.001458511,
2004.089689020, 1.001365151,
2004.110120816, 1.001444499,
2004.130552612, 1.001214377,
2004.150984408, 1.001545997,
2004.171416204, 1.001322280,
2004.191847999, 1.001287778,
2004.212279794, 1.001308695,
2004.232711589, 1.001446576,
2004.253143284, 1.001395546,
2004.273575178, 1.001397685,
2004.294006972, 1.001502643,
2004.314438666, 1.001430766,
2004.334870560, 1.001435097,
2004.355302354, 1.001297172,
2004.375734247, 1.001587686,
2004.396165940, 1.001442660,
2004.416597733, 1.001459989,
2004.437029625, 1.001372424,
2004.457461317, 1.001362808,
2004.477893110, 1.001241076,
2004.498325002, 1.001442533,
2004.518756693, 1.001530933,
2004.580052067, 1.001321959,
2004.600483857, 1.001454008,
2004.620915748, 1.001291721,
2004.641347538, 1.001379884,
2004.661779228, 1.001263736,
2004.682211118, 1.001588595,
2004.702642907, 1.001395682,
2004.723074697, 1.001482948,
2004.743506486, 1.001434765,
2004.763938275, 1.001483122,
2004.825233640, 1.001182757,
2004.845665428, 1.001237083,
2004.866097215, 1.001430349,
2004.886529003, 1.001378689,
2004.906960790, 1.001337084,
2004.927392577, 1.001407264,
2004.947824364, 1.001325128,
2004.968256151, 1.001429371,
2004.988687937, 1.001387460,
2005.009119723, 1.001383234,
2005.029551509, 1.001238560,
2005.049983295, 1.001294879,
2005.070415180, 1.001557151,
2005.090846865, 1.001497323,
2005.111278650, 1.001324157,
2005.131710535, 1.001244575,
2005.152142320, 1.001395948,
2005.172574004, 1.001361761,
2005.193005888, 1.001341541,
2005.213437672, 1.001558741,
2005.233869356, 1.001356240,
2005.254301239, 1.001449177,
2005.295164705, 1.001356120,
2005.315596588, 1.001338899,
2005.336028371, 1.001174419,
2005.356460053, 1.001225439,
2005.376891935, 1.001179166,
2005.397323717, 1.001290306,
2005.417755599, 1.001245754,
2005.438187280, 1.001635754,
2005.458619061, 1.001558644,
2005.479050942, 1.001311133,
2005.499482623, 1.001283692,
2005.519914403, 1.001400356,
2005.540346284, 1.001434089,
2005.560777964, 1.001387393,
2005.581209744, 1.001208256,
2005.601641623, 1.001396379,
2005.622073303, 1.001310096,
2005.642505082, 1.001482323,
2005.662936861, 1.001250379,
2005.683368640, 1.001356805,
2005.703800418, 1.001318106,
2005.724232297, 1.001221402,
2005.805959308, 1.001480066,
2005.826391185, 1.001363471,
2005.867254639, 1.001292655,
2005.887686515, 1.001372676,
2005.908118292, 1.001476090,
2005.928549968, 1.001289495,
2005.948981844, 1.001367826,
2005.969413619, 1.001371102,
2005.989845395, 1.001220430,
2006.010277170, 1.001486418,
2006.030708945, 1.001486208,
2006.051140720, 1.001398962,
2006.071572495, 1.001616219,
2006.092004269, 1.001262830,
2006.112436143, 1.001391075,
2006.132867817, 1.001469133,
2006.153299591, 1.001525718,
2006.173731465, 1.001485357,
2006.194163238, 1.001479328,
2006.235026784, 1.001357766,
2006.255458556, 1.001552247,
2006.275890229, 1.001165704,
2006.296322101, 1.001334469,
2006.316753873, 1.001315876,
2006.337185545, 1.001430213,
2006.357617417, 1.001565328,
2006.378049088, 1.001396621,
2006.398480859, 1.001325929,
2006.439344401, 1.001341926,
2006.459776272, 1.001548089,
2006.480208042, 1.001222381,
2006.541503352, 1.001272829,
2006.561935121, 1.001579751,
2006.582366890, 1.001410828,
2006.602798659, 1.001316870,
2006.623230428, 1.001461636,
2006.643662297, 1.001389279,
2006.664093965, 1.001357891,
2006.684525734, 1.001369141,
2006.704957602, 1.001372981,
2006.725389269, 1.001238381,
2006.745821037, 1.001255577,
2006.766252904, 1.001255180,
2006.786684571, 1.001302144,
2006.807116438, 1.001352049,
2006.827548205, 1.001528572,
2006.847979872, 1.001331663,
2006.868411738, 1.001237576,
2006.888843504, 1.001181037,
2006.909275170, 1.001102590,
2006.929707036, 1.001234418,
2006.950138801, 1.001230586,
2006.970570467, 1.001364402,
2007.031865861, 1.001371143,
2007.052297626, 1.001110865,
2007.072729390, 1.001315041,
2007.093161154, 1.001347534,
2007.113592918, 1.001546752,
2007.134024682, 1.001508593,
2007.154456445, 1.001414127,
2007.174888208, 1.001249901,
2007.195319971, 1.001256875,
2007.215751834, 1.001170801,
2007.236183497, 1.001263532,
2007.256615259, 1.001631019,
2007.277047121, 1.001310062,
2007.297478783, 1.001285764,
2007.317910545, 1.001404154,
2007.338342407, 1.001238910,
2007.358774068, 1.001205922,
2007.379205829, 1.001426232,
2007.399637690, 1.001418867,
2007.420069351, 1.001316821,
2007.440501212, 1.001285506,
2007.460932972, 1.001231010,
2007.522228252, 1.001324153,
2007.542660012, 1.001368449,
2007.563091771, 1.001254670,
2007.583523530, 1.001306061,
2007.603955289, 1.001479359,
2007.624387148, 1.001364904,
2007.644818806, 1.001356123,
2007.665250565, 1.001268554,
2007.685682423, 1.001215205,
2007.706114081, 1.001475276,
2007.726545839, 1.001253794,
2007.746977596, 1.001323421,
2007.767409354, 1.001407920,
2007.787841211, 1.001264702,
2007.808272968, 1.001251619,
2007.828704625, 1.001446583,
2007.849136481, 1.001460679,
2007.869568137, 1.001331164,
2007.889999894, 1.001489784,
2007.910431750, 1.001232903,
2007.930863405, 1.001188312,
2007.951295161, 1.001271634,
2007.971727016, 1.001327298,
2007.992158671, 1.001216279,
2008.012590426, 1.001340204,
2008.033022281, 1.001192347,
2008.053454036, 1.001246764,
2008.073885690, 1.001322045,
2008.094317544, 1.001354276,
2008.114749298, 1.001205195,
2008.135181052, 1.001393922,
2008.155612806, 1.001216578,
2008.176044559, 1.001086967,
2008.257771671, 1.001472418,
2008.278203323, 1.001239860,
2008.298635076, 1.001174449,
2008.319066928, 1.001412058,
2008.339498579, 1.001228198,
2008.359930331, 1.001394848,
2008.380362182, 1.001175992,
2008.400793834, 1.001010082,
2008.421225585, 1.001303030,
2008.441657436, 1.001170496,
2008.523384437, 1.001293755,
2008.543816187, 1.001154926,
2008.564247937, 1.001199862,
2008.584679587, 1.001304804,
2008.605111436, 1.001231934,
2008.625543185, 1.001419507,
2008.645974834, 1.001308628,
2008.666406683, 1.001127855,
2008.686838431, 1.001217994,
2008.707270080, 1.001337155,
2008.727701928, 1.001456397,
2008.748133676, 1.001402650,
2008.768565524, 1.001118734,
2008.788997171, 1.001237463,
2008.809428919, 1.001228306,
2008.829860766, 1.001219240,
2008.850292413, 1.001204523,
2008.870724160, 1.001126186,
2008.891156007, 1.001230353,
2008.911587653, 1.001155917,
2008.932019400, 1.001438198,
2008.952451246, 1.001165366,
2008.972882892, 1.001126017,
2008.993314637, 1.001521896,
2009.013746483, 1.001191402,
2009.034178228, 1.001261956,
2009.054609873, 1.001125398,
2009.075041719, 1.001257642,
2009.095473463, 1.001072976,
2009.115905208, 1.001349609,
2009.136336952, 1.001291855,
2009.156768697, 1.001077587,
2009.177200541, 1.001234684,
2009.238495672, 1.001236352,
2009.258927415, 1.001299924,
2009.279359058, 1.001492675,
2009.299790901, 1.001148644,
2009.320222644, 1.001279594,
2009.340654287, 1.001284553,
2009.361086129, 1.001198524,
2009.381517871, 1.001361692,
2009.401949713, 1.001119535,
2009.422381355, 1.001344862,
2009.442813097, 1.001238704,
2009.463244938, 1.001288633,
2009.483676580, 1.001336607,
2009.504108321, 1.001397386,
2009.524540162, 1.001304009,
2009.544971902, 1.001084497,
2009.565403543, 1.001114161,
2009.585835383, 1.001378840,
2009.606267124, 1.001271681,
2009.626698764, 1.001135080,
2009.647130604, 1.001106243,
2009.667562343, 1.001238147,
2009.708425822, 1.001291112,
2009.749289400, 1.001180715,
2009.769721039, 1.001326260,
2009.790152778, 1.001212722,
2009.810584616, 1.001195039,
2009.831016254, 1.001323112,
2009.851447992, 1.001153781,
2009.871879730, 1.001090812,
2009.892311468, 1.000975359,
2009.912743205, 1.001284843,
2009.974038417, 1.001319162,
2009.994470154, 1.001163087,
2010.014901890, 1.001069538,
2010.035333627, 1.001206126,
2010.055765363, 1.001145880,
2010.076197099, 1.001173320,
2010.096628935, 1.001078259,
2010.117060671, 1.001242406,
2010.137492306, 1.001108824,
2010.157924142, 1.001274637,
2010.178355877, 1.001089029,
2010.198787512, 1.001267666,
2010.219219347, 1.001027825,
2010.260082716, 1.001170988,
2010.280514550, 1.001169166,
2010.300946285, 1.000974431,
2010.321377918, 1.001171474,
2010.341809752, 1.001119689,
2010.362241486, 1.001144647,
2010.382673319, 1.001185451,
2010.403104953, 1.000962300,
2010.464400152, 1.001171530,
2010.484831884, 1.001018051,
2010.505263716, 1.001019927,
2010.525695449, 1.001082996,
2010.546127081, 1.001021988,
2010.566558913, 1.001216434,
2010.586990644, 1.001250408,
2010.607422276, 1.001149050,
2010.627854108, 1.001148126,
2010.648285839, 1.001021675,
2010.668717470, 1.001113559,
2010.689149301, 1.001002830,
2010.709580931, 1.001195376,
2010.730012762, 1.001291963,
2010.750444492, 1.001035584,
2010.770876122, 1.000979566,
2010.791307953, 1.001217889,
2010.811739683, 1.001094854,
2010.832171312, 1.001001856,
2010.852603142, 1.001026055,
2010.873034871, 1.001151392,
2010.893466500, 1.001233156,
2010.913898329, 1.001290650,
2010.934330058, 1.001056824,
2010.954761787, 1.001008570,
2010.975193515, 1.001097267,
2010.995625244, 1.000929770,
2011.016057072, 1.001023495,
2011.036488800, 1.000975689,
2011.056920428, 1.000903806,
2011.077352255, 1.000958708,
2011.097783983, 1.001045555,
2011.118215610, 1.001042250,
2011.138647437, 1.001190942,
2011.179510791, 1.001027199,
2011.199942618, 1.000900315,
2011.220374345, 1.000984493,
2011.240805971, 1.001052077,
2011.261237797, 1.001013895,
2011.281669523, 1.000987015,
2011.302101149, 1.000887097,
2011.322532974, 1.000763790,
2011.342964700, 1.001145541,
2011.363396425, 1.000915525,
2011.383828151, 1.000987292,
2011.445123325, 1.001034330,
2011.465555050, 1.001027875,
2011.485986774, 1.000998590,
2011.506418498, 1.000949226,
2011.526850223, 1.001115299,
2011.547282046, 1.001164394,
2011.567713670, 1.000970393,
2011.588145394, 1.000991187,
2011.608577217, 1.001077980,
2011.629008840, 1.000913312,
2011.649440663, 1.001132527,
2011.669872386, 1.001000543,
2011.690304009, 1.000885632,
2011.710735832, 1.001027194,
2011.731167554, 1.001084516,
2011.751599176, 1.000948144,
2011.772030998, 1.001041136,
2011.792462720, 1.000899979,
2011.812894342, 1.001041059,
2011.833326164, 1.000881130,
2011.853757885, 1.000900101,
2011.874189607, 1.001095917,
2011.894621328, 1.001011998,
2011.915053049, 1.000997100,
2011.935484870, 1.000991154,
2011.955916491, 1.000984217,
2011.976348211, 1.001110103,
2011.996780031, 1.000817212,
2012.017211752, 1.000947286,
2012.037643372, 1.000894235,
2012.058075191, 1.000963298,
2012.078506811, 1.000883879,
2012.098938531, 1.000957795,
2012.119370350, 1.000993738,
2012.139801970, 1.001056077,
2012.160233689, 1.001020196,
2012.180665508, 1.000891133,
2012.201097126, 1.000915321,
2012.221528845, 1.000918890,
2012.241960664, 1.001061225,
2012.262392282, 1.000997915,
2012.282824100, 1.000690604,
2012.303255818, 1.001134478,
2012.323687436, 1.001037675,
2012.344119254, 1.000999681,
2012.364550971, 1.000886663,
2012.425846123, 1.001060953,
2012.446277840, 1.001039307,
2012.466709557, 1.000807977,
2012.487141274, 1.000938735,
2012.507572990, 1.000763657,
2012.528004706, 1.000713015,
2012.548436423, 1.000838574,
2012.568868239, 1.000597250,
2012.589299955, 1.000867918,
2012.609731570, 1.000803489,
2012.650595101, 1.001195275,
2012.671026717, 1.000892236,
2012.691458532, 1.000821689,
2012.711890247, 1.000653627,
2012.732321861, 1.000828507,
2012.752753676, 1.000702581,
2012.773185391, 1.000662335,
2012.793617005, 1.000811044,
2012.814048819, 1.000578053,
2012.834480533, 1.000683256,
2012.854912247, 1.000658473,
2012.916207388, 1.000756673,
2012.936639102, 1.001083077,
2012.957070815, 1.000732421,
2012.977502528, 1.000765746,
2012.997934241, 1.000917436,
2013.018365954, 1.000942332,
2013.038797666, 1.000828042,
2013.059229378, 1.000769430,
2013.079661091, 1.000950502,
2013.100092903, 1.000931491,
2013.120524515, 1.000856511,
2013.140956327, 1.000835986,
2013.161388039, 1.000819064,
2013.181819650, 1.000865517,
2013.202251462, 1.000757504,
2013.222683173, 1.000781785,
2013.243114784, 1.000950698,
2013.263546595, 1.000711415,
2013.283978306, 1.000791481,
2013.304409917, 1.000779897,
2013.324841727, 1.000870673,
2013.345273438, 1.000916968,
2013.365705048, 1.000896829,
2013.386136858, 1.000791894,
2013.406568568, 1.000742517,
2013.427000278, 1.000901514,
2013.447431987, 1.000705543,
2013.467863697, 1.000883349,
2013.488295406, 1.000720647,
2013.508727116, 1.000748470,
2013.529158825, 1.000757660,
2013.549590534, 1.000835453,
2013.570022243, 1.000718947,
2013.590453951, 1.000626173,
2013.610885760, 1.000670973,
2013.631317368, 1.000738153,
2013.651749077, 1.000574725,
2013.672180885, 1.000595539,
2013.692612493, 1.000789509,
2013.713044201, 1.000877850,
2013.733476008, 1.000662958,
2013.753907616, 1.000836674,
2013.774339423, 1.000671338,
2013.794771131, 1.000725439,
2013.815202738, 1.000443779,
2013.835634545, 1.000705488,
2013.896929665, 1.000771150,
2013.917361371, 1.000706999,
2013.937793078, 1.000650329,
2013.958224784, 1.000725443,
2013.978656490, 1.000507541,
2013.999088196, 1.000696104,
2014.019519902, 1.000574594,
2014.039951607, 1.000597636,
2014.060383413, 1.000634349,
2014.080815118, 1.000440852,
2014.101246724, 1.000746920,
2014.121678528, 1.000566318,
2014.142110233, 1.000713566,
2014.162541838, 1.000670700,
2014.182973643, 1.000549789,
2014.203405348, 1.000600013,
2014.223836952, 1.000598939,
2014.244268756, 1.000653618,
2014.264700360, 1.000607087,
2014.285132064, 1.000533945,
2014.305563868, 1.000487810,
2014.325995472, 1.000506080,
2014.346427275, 1.000647843,
2014.366858979, 1.000792287,
2014.387290582, 1.000647404,
2014.407722385, 1.000585047,
2014.428154088, 1.000634420,
2014.448585791, 1.000589625,
2014.469017494, 1.000709681,
2014.489449197, 1.000640942,
2014.509880899, 1.000686992,
2014.530312602, 1.000569282,
2014.550744304, 1.000523219,
2014.571176006, 1.000840370,
2014.591607808, 1.000898853,
2014.612039410, 1.000935184,
2014.632471212, 1.000768421,
2014.652902913, 1.000826323,
2014.673334515, 1.000805401,
2014.693766316, 1.000836784,
2014.734629619, 1.000832596,
2014.755061419, 1.000866733,
2014.775493120, 1.000868434,
2014.795924721, 1.000853463,
2014.816356521, 1.000831776,
2014.877651622, 1.000708118,
2014.898083322, 1.000657926,
2014.918515022, 1.000399290,
2014.938946722, 1.000565661,
2014.959378422, 1.000479159,
2014.979810121, 1.000627366,
2017.860679173, 0.997516013,
2017.881110957, 0.997525213,
2017.901542540, 0.997589867,
2017.921974223, 0.997553082,
2017.942406006, 0.997629902,
2017.962837589, 0.997587737,
2017.983269272, 0.997648501,
2018.003701055, 0.997591460,
2018.024132638, 0.997375080,
2018.044564321, 0.997556111,
2018.064996103, 0.997632506,
2018.085427686, 0.997508180,
2018.105859468, 0.997583404,
2018.126291150, 0.997743128,
2018.146722833, 0.997637753,
2018.167154515, 0.997895342,
2018.187586197, 0.997765754,
2018.208017879, 0.997704196,
2018.228449560, 0.997826049,
2018.248881242, 0.997694665,
2018.269312924, 0.997705215,
2018.289744705, 0.997740619,
2018.310176287, 0.997780805,
2018.330607968, 0.997650880,
2018.351039749, 0.997583048,
2018.371471330, 0.997665472,
2018.391903111, 0.997836198,
2018.412334792, 0.997713787,
2018.432766373, 0.997862377,
2018.453198154, 0.997669388,
2018.473629835, 0.997829444,
2018.494061415, 0.997843553,
2018.514493196, 0.997714320,
2018.534924776, 0.997990851,
2018.555356456, 0.997896385,
2018.575788237, 0.997804963,
2018.596219817, 0.997855060,
2018.616651597, 0.997858370,
2018.637083277, 0.997832466,
2018.657514957, 0.997835763,
2018.677946636, 0.997819442,
2018.698378316, 0.997752496,
2018.718809996, 0.997819385,
2018.739241675, 0.998032931,
2018.800536813, 0.997694420,
2018.820968392, 0.997672908,
2018.841400171, 0.997725193,
2018.861831850, 0.997669512,
2018.882263429, 0.997586041,
2018.902695208, 0.997684935,
2018.923126887, 0.997762973,
2018.943558465, 0.997742506,
2018.963990244, 0.997695795,
2018.984421922, 0.997791477,
2019.004853500, 0.997764843,
2019.025285279, 0.997785776,
2019.045716957, 0.998317487,
2019.066148535, 0.997760597,
2019.086580313, 0.997946710,
2019.107011991, 0.997869226,
2019.127443669, 0.997864120,
2019.147875346, 0.997677973,
2019.168307024, 0.997930939,
2019.188738702, 0.997730519,
2019.209170379, 0.997932737,
2019.229602057, 0.997865717,
2019.250033734, 0.997596938,
2019.270465411, 0.997820294,
2019.290897088, 0.997763851,
2019.311328765, 0.997883198,
2019.331760442, 0.997640013,
2019.352192219, 0.997732464,
2019.372623896, 0.997826600,
2019.393055473, 0.997722149,
2019.413487249, 0.997899847,
2019.433918926, 0.997985532,
2019.454350502, 0.997811708,
2019.474782279, 0.997786966,
2019.495213955, 0.997642362,
2019.515645531, 0.997879467,
2019.536077307, 0.997880607,
2019.556508983, 0.997707446,
2019.576940559, 0.997678633,
2019.597372335, 0.997840982,
2019.617804011, 0.997826514,
2019.638235787, 0.997884210,
2019.658667363, 0.997840246,
2019.679099038, 0.997752074,
2019.699530814, 0.997850718,
2019.719962389, 0.997871910,
2019.781257515, 0.997809342,
2019.801689090, 0.997719620,
2019.822120865, 0.997601408,
2019.842552540, 0.997506802,
2019.862984215, 0.997569490,
2019.883415889, 0.997715546,
2019.903847464, 0.997741452,
2019.924279239, 0.997670092,
2019.944710913, 0.997587676,
2019.965142488, 0.997464908,
2019.985574262, 0.997642130,
2020.006005937, 0.997551567,
2020.026437511, 0.997660392,
2020.046869285, 0.997824402,
2020.067300959, 0.997576903,
2020.087732533, 0.997836599,
2020.108164307, 0.997637431,
2020.128595981, 0.997715939,
2020.149027755, 0.997637530,
2020.169459328, 0.997601409,
2020.189891002, 0.997582852,
2020.210322775, 0.997549882,
2020.230754349, 0.997881781,
2020.251186022, 0.997675928,
2020.271617796, 0.997744228,
2020.292049469, 0.997447473,
2020.312481042, 0.997637005,
2020.332912815, 0.997773706,
2020.353344488, 0.997815144,
2020.394207834, 0.997751334,
2020.414639507, 0.997778320,
2020.435071280, 0.997585145,
2020.455502852, 0.997764021,
2020.475934525, 0.997784610,
2020.496366197, 0.997737521,
2020.516797870, 0.997565891,
2020.537229542, 0.997776513,
2020.557661215, 0.997729924,
2020.578092887, 0.997703360,
2020.598524559, 0.997638073,
2020.618956231, 0.997828807,
2020.639387903, 0.997670928,
2020.659819675, 0.997653198,
2020.680251247, 0.997808585,
2020.700682919, 0.997792549,
2020.721114690, 0.997650744,
2020.741546262, 0.997598327,
2020.761977934, 0.997767335,
2020.782409705, 0.997759165,
2020.802841377, 0.997857140,
2020.823272948, 0.997661845,
2020.843704719, 0.997804891,
2020.864136391, 0.997686820,
2020.884568062, 0.997732389,
2020.904999733, 0.997851398,
2020.925431404, 0.997777397,
2020.945863075, 0.997771648,
2020.966294746, 0.997606871,
2020.986726417, 0.997788662,
2021.007158188, 0.997858187,
2021.027589758, 0.997785109,
2021.048021429, 0.997700748,
2021.068453199, 0.997761305,
2021.088884770, 0.997773809,
2021.109316440, 0.997855115,
2021.129748211, 0.997821864,
2021.150179781, 0.997709671,
2021.170611551, 0.997766866,
2021.191043222, 0.997722064,
2021.211474792, 0.997691954,
2021.231906562, 0.997925139,
2021.252338232, 0.997754772,
2021.272769802, 0.997782061,
2021.293201572, 0.997685366,
2021.313633141, 0.997616843,
2021.334064811, 0.997637187,
2021.354496581, 0.997730902,
2021.374928250, 0.997790062,
2021.395359920, 0.997691657,
2021.415791589, 0.997696877,
2021.436223259, 0.997724318,
2021.456654928, 0.997752239,
2021.477086597, 0.998328703,
2021.497518267, 0.997738732,
2021.517950036, 0.997769016,
2021.538381605, 0.997719531,
2021.558813274, 0.997827353,
2021.579245043, 0.997858525,
2021.599676612, 0.997842032,
2021.620108381, 0.997841193,
2021.640540050, 0.997717994,
2021.660971618, 0.997707711,
2021.681403387, 0.997868844,
2021.722266624, 0.997843392,
2021.742698393, 0.997568680,
2021.763130061, 0.997799359,
2021.783561630, 0.997788516,
2021.824425066, 0.997903396,
2021.844856734, 0.997903353,
2021.865288402, 0.997846030,
2021.885720071, 0.997641077,
2021.906151739, 0.997713590,
2021.947015074, 0.997343041,
2021.967446742, 0.997623206,
2021.987878410, 0.997656718,
2022.008310078, 0.997786579,
2022.028741846, 0.997617587,
2022.049173413, 0.997752339,
2022.069605081, 0.997517925,
2022.090036848, 0.997700490,
2022.110468416, 0.997704545,
2022.130900183, 0.997574370,
2022.151331850, 0.997269119,
2022.171763418, 0.997661141,
2022.192195185, 0.997609866,
2022.212626852, 0.997357586,
2022.233058419, 0.997554812,
2022.253490186, 0.997628762,
2022.273921853, 0.997727466,
2022.294353420, 0.997576364,
2022.314785187, 0.997588084,
2022.335216854, 0.997610959,
2022.355648621, 0.997373767,
2022.376080188, 0.997530318,
2022.416943621, 0.997547914,
2022.478238621, 0.997679075,
2022.498670287, 0.997666308,
2022.519101854, 0.997634648,
2022.539533620, 0.997621551,
2022.559965286, 0.997553731,
2022.580396852, 0.997783541,
2022.600828619, 0.997803679,
2022.621260285, 0.997584608,
2022.641691951, 0.997500005,
2022.662123617, 0.997677214,
2022.682555183, 0.997523339,
2022.702986949, 0.997602611,
2022.723418615, 0.997696961,
2022.743850180, 0.997703318,
2022.764281946, 0.997660633,
2022.784713612, 0.997414558,
2022.805145178, 0.997543211,
2022.825576943, 0.997756933,
2022.846008609, 0.997688849,
2022.866440374, 0.997536911,
2022.886871940, 0.997573904,
2022.907303605, 0.997277070,
2022.927735371, 0.997540414,
2022.948166936, 0.997630882,
2022.968598601, 0.997409289,
2022.989030367, 0.997695346,
2023.009462032, 0.997237805,
2023.029893597, 0.997496917,
2023.050325362, 0.997442738,
2023.070757027, 0.997262382,
2023.091188692, 0.997549328,
2023.111620357, 0.997175156,
2023.132052022, 0.997209679,
2023.152483787, 0.997254183,
2023.193347017, 0.997381014,
2023.213778781, 0.997419523,
2023.234210346, 0.997434532,
2023.254642011, 0.997370212,
2023.275073775, 0.997446334,
2023.295505340, 0.997535352,
2023.315937004, 0.997185972,
2023.336368769, 0.997217249,
2023.356800333, 0.998156014,
2023.377232098, 0.997439657,
2023.397663662, 0.997654279,
2023.438527091, 0.997341661,
2023.458958655, 0.997503192,
2023.479390319, 0.997394623,
2023.499822083, 0.997551161,
2023.520253748, 0.997373565,
2023.561117076, 0.997738138,
2023.581548740, 0.997137275,
2023.601980404, 0.997470369,
2023.622412068, 0.997021242,
2023.724570486, 0.997508793,
2023.745002050, 0.997403238,
2023.765433714, 0.997578631,
2023.785865477, 0.997576293,
2023.806297041, 0.997595436,
2023.826728804, 0.997691573,
2023.847160468, 0.997599443,
2023.867592031, 0.997409161,
2023.888023795, 0.997575585,
2023.908455458, 0.997452399,
2023.928887021, 0.997139242,
2023.949318785, 0.997396012,
2023.969750448, 0.997407055,
2023.990182111, 0.997401986,
2024.010613774, 0.997426539,
2024.031045437, 0.997467919,
2024.051477100, 0.997589246,
2024.071908763, 0.997682718,
2024.092340426, 0.997430614,
2024.112772089, 0.997330977,
2024.133203752, 0.997372647,
2024.174067078, 0.997320449,
2024.194498741, 0.997650217,
2024.214930404, 0.997296273,
2024.235362167, 0.997381214,
2024.255793729, 0.997364239,
2024.276225492, 0.997276822,
2024.296657155, 0.997478890,
2024.317088717, 0.997443389,
2024.337520480, 0.997262270,
2024.357952142, 0.997255007,
2024.378383705, 0.997265412,
2024.419247130, 0.997369210,
2024.439678692, 0.997596914,
2024.460110455, 0.997352354,
2024.480542117, 0.997335702,
2024.500973880, 0.997527985,
2024.521405442, 0.997367942,
2024.541837104, 0.997323459,
2024.562268866, 0.997158448,
2024.582700429, 0.997427775,
2024.623563853, 0.997322279,
2024.664427077, 0.997231877,
2024.684858839, 0.997377563,
2024.705290501, 0.997540304,
2024.725722163, 0.997455241,
2024.746153825, 0.997298570,
2024.766585387, 0.997301619,
2024.787017149, 0.997187151,
2024.807448811, 0.997327728,
2024.827880373, 0.997543673,
2024.848312135, 0.997708874,
2024.868743797, 0.997184199,
2024.909607120, 0.997239661,
2024.930038782, 0.997533087,
2024.950470544, 0.997134076,
2024.970902105, 0.997399328,
2024.991333767, 0.997411063,
2025.011765529, 0.997418572,
2025.032197090, 0.997212608,
2025.052628752, 0.997391759,
2025.073060513, 0.997350055,
2025.093492075, 0.997442723,
2025.113923736, 0.997463796,
2025.154787159, 0.997214763,
2025.175218821, 0.997157090,
2025.195650482, 0.997270736,
2025.216082143, 0.997424963,
2025.236513805, 0.997309232,
2025.256945466, 0.997243021,
2025.277377127, 0.997449228,
2025.297808889, 0.997195205,
2025.318240450, 0.997357511,
2025.338672111, 0.997200679,
2025.359103872, 0.997306692,
2025.399967195, 0.997287304,
2025.420398756, 0.997172273,
2025.440830417, 0.997409874,
2025.461262178, 0.997236596,
2025.481693739, 0.997229095,
2025.502125400, 0.997043119,
2025.522557161, 0.997106571,
2025.542988722, 0.997226668,
2025.563420383, 0.997024892,
2025.583852144, 0.997188844,
2025.604283705, 0.997372747,
2025.686010448, 0.997257949,
2025.706442109, 0.997427744,
2025.726873770, 0.997292484,
2025.747305431, 0.997281207,
2025.767737092, 0.997116548,
2025.788168752, 0.997057365,
2025.808600413, 0.997425157,
2025.829032074, 0.997395665,
2025.849463835, 0.997160158,
2025.890327056, 0.997345653,
2025.910758817, 0.997098417,
2025.931190477, 0.997183072,
2025.951622038, 0.997424097,
2025.972053799, 0.997102728,
2025.992485459, 0.996995479,
2026.012917020, 0.997378263,
2026.033348780, 0.997195295,
2026.053780441, 0.997159861,
2026.074212101, 0.997281295,
2026.094643762, 0.996991907,
2026.155938743, 0.997376659,
2026.176370304, 0.997381694,
2026.196802064, 0.997225327,
2026.217233725, 0.997150998,
2026.237665385, 0.997562306,
2026.258097045, 0.997297003,
2026.278528706, 0.997349122,
2026.298960466, 0.997265419,
2026.319392026, 0.997216723,
2026.339823687, 0.997230206,
2026.401118668, 0.997312054,
2026.421550428, 0.997160438,
2026.441982088, 0.997195070,
2026.462413649, 0.997088604,
2026.482845409, 0.997234272,
2026.503277069, 0.997389852,
2026.523708829, 0.997188756,
2026.544140390, 0.997211435,
2026.564572050, 0.996943138,
2026.585003810, 0.997364325,
2026.605435370, 0.997207455,
2026.625867030, 0.997065170,
2026.646298790, 0.997265957,
2026.666730351, 0.997305570,
2026.687162011, 0.997325979,
2026.707593771, 0.997248960,
2026.728025331, 0.997192756,
2026.748457091, 0.997140916,
2026.768888751, 0.997055554,
2026.789320311, 0.997122273,
2026.809752072, 0.997352843,
2026.830183632, 0.997292770,
2026.871047052, 0.997271759,
2026.891478612, 0.997005395,
2026.911910272, 0.997306978,
2026.932342032, 0.997126815,
2026.952773692, 0.997124359,
2026.973205352, 0.997355323,
2026.993637012, 0.997161533,
2027.014068672, 0.997261538,
2027.034500432, 0.997387691,
2027.054931992, 0.997621331,
2027.116226972, 0.997209750,
2027.136658632, 0.997389413,
2027.157090392, 0.997172886,
2027.177521952, 0.997018258,
2027.197953712, 0.997417339,
2027.218385372, 0.997207874,
2027.238816932, 0.997413270,
2027.259248692, 0.997262676,
2027.279680352, 0.997224155,
2027.300111912, 0.997273329,
2027.320543672, 0.997302426,
2027.381838652, 0.997169612,
2027.402270312, 0.997290526,
2027.422702072, 0.997301367,
2027.443133632, 0.997179279,
2027.463565291, 0.997009090,
2027.483996951, 0.997147868,
2027.504428711, 0.997082113,
2027.524860271, 0.997089438,
2027.545292031, 0.997259678,
2027.565723591, 0.997165417,
2027.627018571, 0.997192715,
2027.647450331, 0.997145082,
2027.667881991, 0.997021621,
2027.688313551, 0.997038214,
2027.708745311, 0.997008401,
2027.729176971, 0.997042211,
2027.749608531, 0.997105370,
2027.770040291, 0.997429199,
2027.790471950, 0.997268792,
2027.810903710, 0.997223035,
2027.872198690, 0.996913153,
2027.892630250, 0.997017340,
2027.913061910, 0.997233670,
2027.933493670, 0.997320431,
2027.953925230, 0.996988308,
2027.974356890, 0.997090569,
2027.994788650, 0.996926214,
2028.015220310, 0.997143159,
2028.035651970, 0.996956838,
2028.056083630, 0.997144931,
2028.076515290, 0.997276110,
2028.096946950, 0.997112798,
2028.178673590, 0.997214224,
2028.199105250, 0.997010759,
2028.219536910, 0.997055006,
2028.239968570, 0.996967677,
2028.260400330, 0.997098211,
2028.280831890, 0.997321185,
2028.301263550, 0.997024704,
2028.342126870, 0.997078691,
2028.362558530, 0.996954419,
2028.382990290, 0.997019958,
2028.403421850, 0.996994853,
2028.423853611, 0.996988602,
2028.444285271, 0.997204746,
2028.464716831, 0.997028472,
2028.485148591, 0.997052110,
2028.505580251, 0.997062091,
2028.526011811, 0.997035854,
2028.546443571, 0.997264773,
2028.607738552, 0.996981747,
2028.628170212, 0.996876247,
2028.648601972, 0.997018302,
2028.669033532, 0.997006873,
2028.689465193, 0.996889082,
2028.709896953, 0.996929172,
2028.750760173, 0.997089993,
2028.771191934, 0.996994833,
2028.791623594, 0.996976345,
2028.852918575, 0.996933746,
2028.873350235, 0.997222945,
2028.893781896, 0.996813345,
2028.914213456, 0.996905416,
2028.934645216, 0.996788983,
2028.975508437, 0.997046687,
2028.995940197, 0.996761753,
2029.016371858, 0.997093595,
2029.036803418, 0.997235048,
2029.057235179, 0.997286631,
2029.077666839, 0.997120511,
2029.098098600, 0.997130979,
2029.118530160, 0.996861307,
2029.138961821, 0.997030762,
2029.159393581, 0.997036332,
2029.179825142, 0.997059993,
2029.200256802, 0.996883843,
2029.220688563, 0.997022017,
2029.241120223, 0.997023202,
2029.261551884, 0.996761700,
2029.281983545, 0.997134338,
2029.343278527, 0.997172187,
2029.363710187, 0.997049086,
2029.384141948, 0.996927170,
2029.404573509, 0.997000442,
2029.425005170, 0.996708217,
2029.445436930, 0.996902262,
2029.465868491, 0.996991018,
2029.486300252, 0.996980472,
2029.506731913, 0.996881794,
2029.527163474, 0.996806436,
2029.588458456, 0.997063221,
2029.608890217, 0.996969585,
2029.629321778, 0.996918197,
2029.649753439, 0.996903169,
2029.670185200, 0.997018576,
2029.690616761, 0.997068830,
2029.711048522, 0.997004844,
2029.731480183, 0.996888908,
2029.751911844, 0.996780281,
2029.772343505, 0.997210477,
2029.833638489, 0.996908791,
2029.854070150, 0.997051371,
2029.874501911, 0.996877814,
2029.894933572, 0.996818193,
2029.915365133, 0.996924516,
2029.935796895, 0.996933296,
2029.956228556, 0.996904528,
2029.976660117, 0.997130766,
2029.997091879, 0.996983497,
2030.017523540, 0.996785455,
2030.058386863, 0.996652865,
2030.078818524, 0.996776043,
2030.099250286, 0.996651126,
2030.119681847, 0.996957706,
2030.140113509, 0.996555724,
2030.160545270, 0.996930725,
2030.180976832, 0.996984787,
2030.201408493, 0.997003646,
2030.221840155, 0.996802280,
2030.242271817, 0.996852207,
2030.262703478, 0.996841317,
2030.283135140, 0.996889091,
2030.303566802, 0.996786535,
2030.323998564, 0.996966562,
2030.344430125, 0.996988242,
2030.364861787, 0.996764097,
2030.385293549, 0.996749343,
2030.405725211, 0.997114085,
2030.426156773, 0.997007471,
2030.446588535, 0.996849670,
2030.467020197, 0.996860803,
2030.487451859, 0.996881261,
2030.507883521, 0.996900703,
2030.548746845, 0.996815268,
2030.589610169, 0.996906158,
2030.610041931, 0.996874099,
2030.630473493, 0.996882379,
2030.650905155, 0.996888417,
2030.671336918, 0.996956786,
2030.691768480, 0.997003720,
2030.712200242, 0.996915661,
2030.732631905, 0.997173980,
2030.753063467, 0.996986117,
2030.793926892, 0.996719769,
2030.814358454, 0.996913594,
2030.834790217, 0.997055702,
2030.855221879, 0.997050036,
2030.875653542, 0.996967541,
2030.896085205, 0.996898255,
2030.916516867, 0.996886013,
2030.936948530, 0.997015402,
2030.957380193, 0.996885754,
2030.977811855, 0.997021338,
2030.998243518, 0.997045124,
2031.059538607, 0.996757133,
2031.079970169, 0.996864517,
2031.100401932, 0.996790743,
2031.120833595, 0.996739412,
2031.141265158, 0.996632690,
2031.161696921, 0.996554008,
2031.182128585, 0.996678699,
2031.202560148, 0.996645655,
2031.222991911, 0.996547283,
2031.243423574, 0.996420060,
2031.284286901, 0.997067484,
2031.304718564, 0.996777914,
2031.325150327, 0.996868580,
2031.345581891, 0.996821096,
2031.366013554, 0.996728988,
2031.406876881, 0.996767392,
2031.427308545, 0.996604985,
2031.447740308, 0.996695754,
2031.468171872, 0.996680502,
2031.488603635, 0.996568542,
2031.549898627, 0.996730079,
2031.570330290, 0.996488359,
2031.590761854, 0.996886726,
2031.611193618, 0.996869166,
2031.631625282, 0.996788303,
2031.652056846, 0.996849718,
2031.672488610, 0.996984272,
2031.692920274, 0.996935675,
2031.713351938, 0.996973762,
2031.733783602, 0.996519185,
2031.795078595, 0.996732579,
2031.815510259, 0.996748374,
2031.835942024, 0.996871372,
2031.856373588, 0.996818841,
2031.876805352, 0.996607867,
2031.897237017, 0.996775572,
2031.917668581, 0.996996634,
2031.938100346, 0.996775971,
2031.958532011, 0.996789991,
2031.978963575, 0.996869547,
2032.019827005, 0.996744154,
2032.040258669, 0.996718291,
2032.060690334, 0.997036754,
2032.081121999, 0.996556562,
2032.101553764, 0.996767538,
2032.121985329, 0.996709795,
2032.142416994, 0.996872726,
2032.162848759, 0.996667576,
2032.183280324, 0.996761692,
2032.203711989, 0.996845242,
2032.224143755, 0.996808768,
2032.285438750, 0.996997792,
2032.305870316, 0.996861106,
2032.326302081, 0.996998424,
2032.346733747, 0.996724435,
2032.367165312, 0.996807897,
2032.387597078, 0.996997275,
2032.408028744, 0.996669146,
2032.448892075, 0.996816372,
2032.469323741, 0.996683430,
2032.489755507, 0.996875652,
2032.510187072, 0.996644083,
2032.530618738, 0.996734721,
2032.551050504, 0.996685041,
2032.571482070, 0.996480622,
2032.591913736, 0.996654439,
2032.612345503, 0.996861338,
2032.632777069, 0.996710147,
2032.653208835, 0.996525173,
2032.673640501, 0.996736329,
2032.694072068, 0.996729283,
2032.714503834, 0.996687371,
2032.755367167, 0.996731349,
2032.796230500, 0.996786177,
2032.816662167, 0.996720614,
2032.857525500, 0.996778596,
2032.877957167, 0.996728762,
2032.898388934, 0.996596742,
2032.918820501, 0.996666495,
2032.939252268, 0.996754394,
2032.959683835, 0.996744631,
2033.000547269, 0.996696821,
2033.020978836, 0.996958316,
2033.061842270, 0.996573217,
2033.082273838, 0.996637453,
2033.102705605, 0.996664628,
2033.123137273, 0.996702713,
2033.143568840, 0.996912810,
2033.164000608, 0.996519391,
2033.184432275, 0.996754562,
2033.245727278, 0.996912050,
2033.266159046, 0.996811915,
2033.286590614, 0.996584605,
2033.307022282, 0.996771999,
2033.327454050, 0.996708942,
2033.347885618, 0.996888611,
2033.368317286, 0.996711150,
2033.388749055, 0.996531759,
2033.409180723, 0.996599800,
2033.429612391, 0.996527139,
2033.511339065, 0.996765350,
2033.531770734, 0.996947444,
2033.552202502, 0.996781563,
2033.572634071, 0.996836506,
2033.593065840, 0.996694654,
2033.613497409, 0.996512293,
2033.633929078, 0.996748409,
2033.654360847, 0.996694558,
2033.674792416, 0.996633719,
2033.695224085, 0.996907626,
2033.736087423, 0.996953764,
2033.756519092, 0.996904965,
2033.776950862, 0.996708211,
2033.797382431, 0.996856288,
2033.817814201, 0.997011831,
2033.838245870, 0.996887646,
2033.879109209, 0.996745709,
2033.899540879, 0.996622456,
2033.919972549, 0.996924105,
2033.940404219, 0.996697978,
2033.981267659, 0.996590000,
2034.001699229, 0.996754932,
2034.022130899, 0.996715373,
2034.042562669, 0.996830875,
2034.062994339, 0.996797439,
2034.083425909, 0.996756192,
2034.103857680, 0.996779104,
2034.124289350, 0.996673007,
2034.144720921, 0.996709811,
2034.165152691, 0.996685457,
2034.246879374, 0.996736972,
2034.267311045, 0.996856113,
2034.287742716, 0.996751505,
2034.308174387, 0.996921334,
2034.328606058, 0.996787717,
2034.349037729, 0.996817128,
2034.369469501, 0.996976650,
2034.389901072, 0.996796302,
2034.410332743, 0.996670794,
2034.430764515, 0.996870816,
2034.471627758, 0.996898351,
2034.492059529, 0.996853091,
2034.512491101, 0.996760433,
2034.532922773, 0.996692558,
2034.553354545, 0.996908092,
2034.573786117, 0.996815784,
2034.594217889, 0.996888024,
2034.614649561, 0.996796681,
2034.635081233, 0.996834867,
2034.655512905, 0.996882222,
2034.675944577, 0.996898750,
2034.737239595, 0.997032480,
2034.757671367, 0.996988198,
2034.778103040, 0.997295520,
2034.798534613, 0.996916268,
2034.818966385, 0.996899978,
2034.839398058, 0.996649441,
2034.859829631, 0.996678478,
2034.880261404, 0.996872899,
2034.900693077, 0.996835533,
2034.921124651, 0.996818176,
2034.982419770, 0.996874313,
2035.002851444, 0.997005130,
2035.023283017, 0.996874183,
2035.043714791, 0.996807227,
2035.064146465, 0.996937841,
2035.084578038, 0.996854130,
2035.105009812, 0.996703021,
2035.125441486, 0.996886658,
2035.145873260, 0.997135104,
2035.166304834, 0.996888630,
2035.207168283, 0.997071432,
2035.227599857, 0.996776269,
2035.248031531, 0.997036263,
2035.268463306, 0.996875611,
2035.288894980, 0.996969579,
2035.309326655, 0.997008077,
2035.329758329, 0.997013271,
2035.350190004, 0.996863154,
2035.370621679, 0.996891293,
2035.391053354, 0.997014737,
2035.411485029, 0.996834619,
2035.472780054, 0.996747575,
2035.493211830, 0.996707497,
2035.513643405, 0.996872597,
2035.534075181, 0.996862515,
2035.554506856, 0.996781902,
2035.574938432, 0.997028074,
2035.595370207, 0.996847290,
2035.615801883, 0.996767350,
2035.636233459, 0.996759055,
2035.656665235, 0.996918733,
2035.717960263, 0.996854342,
2035.738391840, 0.996695281,
2035.779255292, 0.997058724,
2035.799686969, 0.996883220,
2035.820118646, 0.996839878,
2035.840550322, 0.996895766,
2035.860982099, 0.996789116,
2035.881413676, 0.996893929,
2035.901845353, 0.996772615,
2035.963140384, 0.996889818,
2035.983572161, 0.996800880,
2036.004003839, 0.996819936,
2036.024435416, 0.996936318,
2036.044867194, 0.996967777,
2036.065298871, 0.997065764,
2036.085730649, 0.996718334,
2036.106162227, 0.996980718,
2036.126593905, 0.996894984,
2036.147025683, 0.996720142,
2036.187888939, 0.996856866,
2036.208320717, 0.996858485,
2036.228752295, 0.996856558,
2036.249184074, 0.996659409,
2036.269615652, 0.996737039,
2036.290047331, 0.996844405,
2036.310479110, 0.996868167,
2036.330910788, 0.996865752,
2036.351342367, 0.996819644,
2036.371774146, 0.996880525,
2036.453500763, 0.997090950,
2036.473932542, 0.996848701,
2036.494364221, 0.996709432,
2036.514795901, 0.996943589,
2036.535227581, 0.996985433,
2036.555659260, 0.996912091,
2036.576090940, 0.996958013,
2036.596522720, 0.996868468,
2036.616954300, 0.997070094,
2036.637386080, 0.996836074,
2036.698681121, 0.996970313,
2036.719112801, 0.996956277,
2036.739544382, 0.996898674,
2036.759976163, 0.996695374,
2036.780407843, 0.996833202,
2036.800839624, 0.996893378,
2036.821271205, 0.996952796,
2036.841702886, 0.996914382,
2036.862134667, 0.996766054,
2036.882566248, 0.996837827,
2036.943861293, 0.996862847,
2036.964292974, 0.996906889,
2036.984724756, 0.997008931,
2037.005156338, 0.996835958,
2037.025588119, 0.996746782,
2037.046019701, 0.996885353,
2037.066451383, 0.996898892,
2037.086883166, 0.996691840,
2037.107314848, 0.996825002,
2037.127746430, 0.996937821,
2037.189041578, 0.996781282,
2037.209473260, 0.996724128,
2037.229904943, 0.996836911,
2037.270768309, 0.997098401,
2037.291199992, 0.997022789,
2037.311631776, 0.997041596,
2037.332063359, 0.996726117,
2037.352495142, 0.996959989,
2037.372926826, 0.996848820,
2037.434221877, 0.996591673,
2037.454653461, 0.996819623,
2037.475085245, 0.996984998,
2037.495516929, 0.996840435,
2037.515948513, 0.996678957,
2037.536380297, 0.996818331,
2037.556811982, 0.996943881,
2037.577243766, 0.996987239,
2037.597675351, 0.997046386,
2037.618107036, 0.996948078,
2037.679402090, 0.996595706,
2037.699833775, 0.996946796,
2037.720265461, 0.996938589,
2037.740697246, 0.996920749,
2037.761128831, 0.996998554,
2037.781560517, 0.996816310,
2037.801992302, 0.996963821,
2037.822423988, 0.996732972,
2037.842855574, 0.997031381,
2037.863287360, 0.997064666,
2037.904150732, 0.996802765,
2037.924582418, 0.996784503,
2037.945014105, 0.996841070,
2037.965445891, 0.996558799,
2037.985877478, 0.996898154,
2038.006309164, 0.996941403,
2038.026740951, 0.996772365,
2038.047172538, 0.996700412,
2038.067604225, 0.996859988,
2038.088036012, 0.996689325,
2038.108467599, 0.996921785,
2038.169762661, 0.996942922,
2038.190194449, 0.996819240,
2038.210626137, 0.996765544,
2038.231057725, 0.996767658,
2038.251489512, 0.996879087,
2038.271921201, 0.996690817,
2038.292352889, 0.996945795,
2038.312784577, 0.996960864,
2038.333216265, 0.996825909,
2038.353647954, 0.996768486,
2038.374079642, 0.996921038,
2038.394511331, 0.996778572,
2038.414943020, 0.996929681,
2038.435374709, 0.996895462,
2038.455806498, 0.996751072,
2038.476238187, 0.996865231,
2038.496669776, 0.996805190,
2038.517101565, 0.996742970,
2038.537533255, 0.996682402,
2038.557964844, 0.996735312,
2038.578396634, 0.996900562,
2038.598828324, 0.996929466,
2038.660123394, 0.996939069,
2038.680555184, 0.996882155,
2038.700986775, 0.996804703,
2038.721418465, 0.996804830,
2038.741850256, 0.997028431,
2038.762281846, 0.996980879,
2038.782713537, 0.996935485,
2038.803145328, 0.996879036,
2038.823576919, 0.996937260,
2038.844008710, 0.997012546,
2038.884871993, 0.996963339,
2038.905303784, 0.996923863,
2038.925735476, 0.996892577,
2038.946167167, 0.997050184,
2038.966598859, 0.997035987,
2038.987030551, 0.996898869,
2039.007462243, 0.996852297,
2039.027893935, 0.996856838,
2039.048325628, 0.996654888,
2039.068757320, 0.996971222,
2039.130052498, 0.996701217,
2039.150484091, 0.997032072,
2039.170915784, 0.997037234,
2039.191347577, 0.997015194,
2039.211779170, 0.996681754,
2039.232210963, 0.996785419,
2039.252642657, 0.996789966,
2039.273074250, 0.996789918,
2039.293506044, 0.996850238,
2039.313937738, 0.997051449,
2039.334369332, 0.997073604,
2039.416096209, 0.996919722,
2039.436527903, 0.996853677,
2039.456959698, 0.996978873,
2039.477391292, 0.996914084,
2039.497822987, 0.996984966,
2039.518254782, 0.996775480,
2039.538686377, 0.996920494,
2039.559118073, 0.996877449,
2039.579549868, 0.997051831,
2039.599981563, 0.996834089,
2039.620413259, 0.997122133,
2039.640844955, 0.997188834,
2039.661276550, 0.996980796,
2039.681708346, 0.996921921,
2039.702140043, 0.996576375,
2039.722571639, 0.996920355,
2039.743003435, 0.997593187,
2039.763435131, 0.996855436,
2039.783866928, 0.996931806,
2039.804298525, 0.996989598,
2039.824730221, 0.997129284,
2039.886025313, 0.997202061,
2039.906457110, 0.997012185,
2039.926888707, 0.996946284,
2039.947320405, 0.997081348,
2039.967752203, 0.996992786,
2039.988183800, 0.996956557,
2040.008615598, 0.996923144,
2040.029047296, 0.996968835,
2040.049478894, 0.997041697,
2040.069910693, 0.997008022,
2040.110773990, 0.997346541,
2040.131205788, 0.997058514,
2040.151637487, 0.997098303,
2040.172069286, 0.996863698,
2040.192500885, 0.996984533,
2040.212932584, 0.996927868,
2040.233364384, 0.996858852,
2040.253796083, 0.997191409,
2040.274227683, 0.996866144,
2040.294659482, 0.996962206,
2040.315091182, 0.997148181,
2040.376386282, 0.997041830,
2040.396817983, 0.997216716,
2040.417249683, 0.997192259,
2040.437681284, 0.997348858,
2040.458113084, 0.997204537,
2040.478544785, 0.998043669,
2040.498976386, 0.997210652,
2040.519408187, 0.997146548,
2040.539839889, 0.997247268,
2040.560271690, 0.997013278,
2040.601134993, 0.997055608,
2040.621566795, 0.997266548,
2040.641998397, 0.997129260,
2040.662430099, 0.997066117,
2040.682861901, 0.997201648,
2040.703293503, 0.996947361,
2040.723725306, 0.997316703,
2040.744157008, 0.996974100,
2040.764588711, 0.997011898,
2040.785020414, 0.997095874,
2040.846315523, 0.997175960,
2040.866747226, 0.997025205,
2040.887179030, 0.997287793,
2040.907610633, 0.997077832,
2040.928042337, 0.997053816,
2040.948474141, 0.997260681,
2040.968905845, 0.997323714,
2040.989337449, 0.997217903,
2041.009769253, 0.997232049,
2041.030200858, 0.997243596,
2041.050632562, 0.997020532,
2041.091495972, 0.997047183,
2041.111927777, 0.997122954,
2041.132359482, 0.997003508,
2041.152791087, 0.996999434,
2041.173222893, 0.997173860,
2041.193654598, 0.997097180,
2041.214086204, 0.996703982,
2041.234518010, 0.997167688,
2041.254949715, 0.997141047,
2041.275381522, 0.996886111,
2041.377539954, 0.997318664,
2041.397971761, 0.997174204,
2041.418403368, 0.997139969,
2041.438835075, 0.997092956,
2041.459266882, 0.997283047,
2041.479698590, 0.997139899,
2041.500130297, 0.997494940,
2041.520562005, 0.997233900,
2041.540993713, 0.997203744,
2041.561425421, 0.997115675,
2041.581857129, 0.997097257,
2041.602288837, 0.997336186,
2041.622720646, 0.997052474,
2041.643152254, 0.997208520,
2041.663584063, 0.997386122,
2041.684015672, 0.997338158,
2041.704447381, 0.997207363,
2041.745310799, 0.997305482,
2041.765742509, 0.996994271,
2041.786174318, 0.997032820,
2041.827037738, 0.997309350,
2041.847469448, 0.997339921,
2041.867901058, 0.997149200,
2041.888332868, 0.996997714,
2041.908764579, 0.997155317,
2041.929196189, 0.997191889,
2041.949628000, 0.996901261,
2041.970059711, 0.997266120,
2041.990491422, 0.997175738,
2042.010923133, 0.997177516,
2042.031354844, 0.997081452,
2042.092649979, 0.997146246,
2042.113081791, 0.997223441,
2042.133513503, 0.997325564,
2042.153945115, 0.997012796,
2042.174376927, 0.997103161,
2042.194808640, 0.997309537,
2042.215240352, 0.997129978,
2042.235672065, 0.997345831,
2042.256103778, 0.997143100,
2042.276535591, 0.996937318,
2042.337830631, 0.996975376,
2042.358262344, 0.996990803,
2042.378694158, 0.997123512,
2042.399125772, 0.996940776,
2042.419557486, 0.997207826,
2042.439989301, 0.996999805,
2042.460420915, 0.997104348,
2042.480852629, 0.997091545,
2042.501284444, 0.997317369,
2042.521716059, 0.997203840,
2042.542147774, 0.997010839,
2042.562579589, 0.997091084,
2042.583011204, 0.997156597,
2042.603443020, 0.997174353,
2042.623874735, 0.997074838,
2042.644306451, 0.997014614,
2042.664738167, 0.997229250,
2042.685169883, 0.997298268,
2042.705601599, 0.997235593,
2042.726033315, 0.997405175,
2042.746465032, 0.997317169,
2042.766896848, 0.997074513,
2042.828191999, 0.997353878,
2042.848623717, 0.997198715,
2042.869055334, 0.997239477,
2042.889487152, 0.997131309,
2042.909918869, 0.997290083,
2042.930350587, 0.997201300,
2042.950782305, 0.997248557,
2042.971214023, 0.997148962,
2042.991645742, 0.997106224,
2043.012077460, 0.997300599,
2043.073372616, 0.997027195,
2043.093804236, 0.997204035,
2043.114236055, 0.997072657,
2043.134667774, 0.997029626,
2043.155099594, 0.997250140,
2043.175531214, 0.997238618,
2043.195962933, 0.997236817,
2043.216394753, 0.997398264,
2043.236826374, 0.996785529,
2043.257258094, 0.997056842,
2043.318553356, 0.997365132,
2043.338985077, 0.997357323,
2043.359416798, 0.997072512,
2043.379848519, 0.996966691,
2043.400280241, 0.997063272,
2043.420711962, 0.997179999,
2043.441143784, 0.997163750,
2043.461575406, 0.997184790,
2043.482007228, 0.997181808,
2043.502438951, 0.997233186,
2043.543302395, 0.997099824,
2043.563734118, 0.997268677,
2043.584165741, 0.997163489,
2043.604597564, 0.997137534,
2043.625029287, 0.997131206,
2043.645461111, 0.997367279,
2043.665892734, 0.997145154,
2043.686324458, 0.997007742,
2043.706756182, 0.997007610,
2043.727187906, 0.997028621,
2043.747619530, 0.997462346,
2043.808914704, 0.997220673,
2043.829346528, 0.996960787,
2043.849778253, 0.997244260,
2043.870210079, 0.997074033,
2043.890641704, 0.997114230,
2043.911073429, 0.997206461,
2043.931505255, 0.997422054,
2043.951936881, 0.997275471,
2043.972368607, 0.997277086,
2043.992800433, 0.997326686,
2044.033663886, 0.997493761,
2044.054095612, 0.997436273,
2044.074527339, 0.997349091,
2044.094959066, 0.997301613,
2044.115390793, 0.997371297,
2044.135822521, 0.997359086,
2044.156254348, 0.997306552,
2044.176685976, 0.997493931,
2044.197117803, 0.996880863,
2044.217549531, 0.997042929,
2044.237981160, 0.997276019,
2044.299276345, 0.997236157,
2044.319708174, 0.997435750,
2044.340139903, 0.997165706,
2044.360571532, 0.996991603,
2044.381003361, 0.997402586,
2044.401434991, 0.997116015,
2044.421866820, 0.997325089,
2044.442298550, 0.997026016,
2044.462730180, 0.997145496,
2044.483162010, 0.997317159,
2044.544457202, 0.997339095,
2044.585320763, 0.997446709,
2044.605752395, 0.997400050,
2044.626184126, 0.997438545,
2044.646615957, 0.997318036,
2044.667047689, 0.997227806,
2044.687479321, 0.997207970,
2044.707911153, 0.997179652,
2044.728342885, 0.997209763,
2044.748774617, 0.997004763,
2044.769206350, 0.997266320,
2044.789638083, 0.997092388,
2044.810069916, 0.997009995,
2044.830501549, 0.997069827,
2044.850933282, 0.997186317,
2044.871365115, 0.997019896,
2044.891796749, 0.997156488,
2044.912228483, 0.996916330,
2044.932660317, 0.997328677,
2044.953091951, 0.997149220,
2044.973523785, 0.997143934,
2045.034818989, 0.997166418,
2045.055250724, 0.997185382,
2045.075682359, 0.997401480,
2045.096114194, 0.997024675,
2045.116545830, 0.997098312,
2045.136977665, 0.996976795,
2045.157409401, 0.997084854,
2045.177841037, 0.996978205,
2045.198272873, 0.996946187,
2045.218704610, 0.996825082,
2045.279999820, 0.997563406,
2045.320863394, 0.997282789,
2045.341295032, 0.997349251,
2045.361726869, 0.997411715,
2045.382158607, 0.997295970,
2045.402590245, 0.996981251,
2045.423022083, 0.997448062,
2045.443453821, 0.997316431,
2045.463885460, 0.997270118,
2045.525180877, 0.997114839,
2045.545612516, 0.997258953,
2045.566044255, 0.997483043,
2045.586476095, 0.997194652,
2045.606907735, 0.997698914,
2045.627339474, 0.997537402,
2045.647771315, 0.997456972,
2045.668202955, 0.997539384,
2045.688634795, 0.997296990,
2045.709066536, 0.997224425,
2045.729498177, 0.997453338,
2045.770361659, 0.997231394,
2045.790793400, 0.997315778,
2045.811225242, 0.997180558,
2045.831656984, 0.997236805,
2045.852088726, 0.997173362,
2045.872520468, 0.997192340,
2045.892952210, 0.997517441,
2045.913383953, 0.997127207,
2045.933815695, 0.997243061,
2046.015542768, 0.997368583,
2046.035974511, 0.997506665,
2046.056406155, 0.997382978,
2046.076837999, 0.997326975,
2046.097269743, 0.997327970,
2046.117701388, 0.997226009,
2046.138133232, 0.997457056,
2046.158564977, 0.997426026,
2046.178996622, 0.997458270,
2046.199428467, 0.997185962,
2046.260723703, 0.997410647,
2046.281155449, 0.997494221,
2046.301587295, 0.997290971,
2046.322018941, 0.997160538,
2046.342450688, 0.997167074,
2046.362882434, 0.997226097,
2046.383314181, 0.997327534,
2046.403746028, 0.997120926,
2046.424177675, 0.997317855,
2046.444609422, 0.997365793,
2046.485472917, 0.997415793,
2046.505904665, 0.997322345,
2046.526336513, 0.997336514,
2046.546768262, 0.997270669,
2046.567200010, 0.997380254,
2046.587631759, 0.997091973,
2046.608063508, 0.997214021,
2046.628495257, 0.997196845,
2046.648927006, 0.997318269,
2046.669358755, 0.997208827,
2046.689790605, 0.997268949,
2046.730654005, 0.997187821,
2046.751085855, 0.997338711,
2046.771517505, 0.997191910,
2046.791949356, 0.997342525,
2046.812381106, 0.997457176,
2046.832812757, 0.997485589,
2046.853244609, 0.997220260,
2046.873676360, 0.997454391,
2046.894108011, 0.997365305,
2046.934971615, 0.997115292,
2046.996266872, 0.997293256,
2047.016698624, 0.997424700,
2047.037130377, 0.997385624,
2047.057562130, 0.997250979,
2047.077993884, 0.997232267,
2047.098425637, 0.997294319,
2047.118857491, 0.997395690,
2047.139289145, 0.997164705,
2047.159720899, 0.997195664,
2047.180152753, 0.997077466,
2047.241448017, 0.997265595,
2047.261879772, 0.997344106,
2047.282311427, 0.997408345,
2047.302743282, 0.997344335,
2047.323175038, 0.997203398,
2047.343606894, 0.997337464,
2047.364038550, 0.997414172,
2047.384470306, 0.997382285,
2047.404902162, 0.997423582,
2047.425333819, 0.997357429,
2047.486629090, 0.997256628,
2047.507060948, 0.997421765,
2047.527492705, 0.997509680,
2047.547924363, 0.997444386,
2047.568356221, 0.997523006,
2047.588787979, 0.997590893,
2047.609219637, 0.997369447,
2047.629651496, 0.997311539,
2047.650083255, 0.997521058,
2047.670515014, 0.997476517,
2047.690946773, 0.997421992,
2047.711378532, 0.997588592,
2047.731810392, 0.997335212,
2047.752242052, 0.997333118,
2047.772673812, 0.997329258,
2047.793105572, 0.997328061,
2047.813537332, 0.997148911,
2047.833969093, 0.997369328,
2047.854400954, 0.997279910,
2047.874832615, 0.997258106,
2047.895264476, 0.997244413,
2047.915696237, 0.997180968,
2047.976991523, 0.997377404,
2047.997423185, 0.997324738,
2048.017855048, 0.997549577,
2048.038286810, 0.997443806,
2048.058718673, 0.997415066,
2048.079150336, 0.997332413,
2048.099582099, 0.997487169,
2048.120013963, 0.997365141,
2048.140445626, 0.997317222,
2048.160877390, 0.997506099,
2048.181309254, 0.997417151,
2048.201740919, 0.997311016,
2048.222172783, 0.997433281,
2048.242604548, 0.997498233,
2048.263036213, 0.997277250,
2048.283468078, 0.997377551,
2048.303899843, 0.997266120,
2048.324331609, 0.997521060,
2048.344763374, 0.997485808,
2048.365195140, 0.997465966,
2048.385626806, 0.997296873,
2048.406058673, 0.997498940,
2048.467353973, 0.997377345,
2048.487785740, 0.997323659,
2048.508217607, 0.997565274,
2048.528649275, 0.997354080,
2048.549081043, 0.997415951,
2048.569512911, 0.997426494,
2048.589944579, 0.997400441,
2048.610376447, 0.997672197,
2048.630808216, 0.997414339,
2048.651239885, 0.997336044,
2048.712535193, 0.997405217,
2048.732967062, 0.997288607,
2048.753398832, 0.997211882,
2048.773830702, 0.997252274,
2048.794262373, 0.997543960,
2048.814694143, 0.997560519,
2048.835126014, 0.997519322,
2048.855557685, 0.997266636,
2048.875989456, 0.997523351,
2048.896421327, 0.997426826,
2048.916852999, 0.997025782,
2048.937284771, 0.997295173,
2048.957716643, 0.997598282,
2048.978148415, 0.997350373,
2048.998580187, 0.997202575,
2049.019011960, 0.997276833,
2049.039443733, 0.997484424,
2049.059875506, 0.997362539,
2049.080307279, 0.997414951,
2049.100739053, 0.997292141,
2049.141602601, 0.997599271,
2049.202897924, 0.997463433,
2049.223329799, 0.997700356,
2049.243761474, 0.997454059,
2049.264193249, 0.997462434,
2049.284625124, 0.997515388,
2049.305056800, 0.997480733,
2049.325488576, 0.997587607,
2049.345920452, 0.997440296,
2049.366352128, 0.997394560,
2049.386784005, 0.997512270,
2049.407215781, 0.997461984,
2049.427647458, 0.997395018,
2049.448079336, 0.997562543,
2049.468511113, 0.997457394,
2049.488942891, 0.997355854,
2049.509374669, 0.997612521,
2049.529806446, 0.997558784,
2049.550238325, 0.997505179,
2049.570670003, 0.997773201,
2049.591101782, 0.997485212,
2049.611533661, 0.997481721,
2049.631965340, 0.997336482,
2049.672828999, 0.997331748,
2049.693260779, 0.997678401,
2049.713692559, 0.997603709,
2049.734124339, 0.997598404,
2049.754556020, 0.997602218,
2049.774987900, 0.997564810,
2049.795419681, 0.997535849,
2049.815851362, 0.997510167,
2049.836283244, 0.997458433,
2049.856715025, 0.997353351,
2049.918010371, 0.997550343,
2049.938442254, 0.997509116,
2049.958873937, 0.997398048,
2049.979305719, 0.997600769,
2049.999737603, 0.997593741,
2050.020169286, 0.997592342,
2050.040601069, 0.997456214,
2050.061032953, 0.997541674,
2050.081464637, 0.997743791,
2050.101896522, 0.997648619,
2050.122328306, 0.997486172,
2050.163191876, 0.997704006,
2050.183623661, 0.997559221,
2050.204055446, 0.997614572,
2050.224487232, 0.997496023,
2050.244919018, 0.997371137,
2050.265350904, 0.997639879,
2050.285782590, 0.997802692,
2050.306214376, 0.997512553,
2050.326646263, 0.997573462,
2050.347078050, 0.997612175,
2050.367509737, 0.997600568,
2050.408373312, 0.997646610,
2050.428805100, 0.997680709,
2050.449236988, 0.997736336,
2050.469668677, 0.997508004,
2050.490100565, 0.997647056,
2050.510532354, 0.997625412,
2050.530964043, 0.997643676,
2050.551395932, 0.997549361,
2050.571827722, 0.997602511,
2050.592259411, 0.997569403,
2050.612691301, 0.997871485,
2050.653554982, 0.997730954,
2050.673986672, 0.997801306,
2050.694418463, 0.997722883,
2050.714850354, 0.997799130,
2050.735282045, 0.997688816,
2050.755713837, 0.997380431,
2050.776145729, 0.997732783,
2050.796577421, 0.997638691,
2050.817009313, 0.997629222,
2050.837441105, 0.997694375,
2050.857872898, 0.997745005,
2050.919168277, 0.997712373,
2050.939600071, 0.997721181,
2050.960031865, 0.997578833,
2050.980463659, 0.997794840,
2051.000895553, 0.997573145,
2051.021327248, 0.997297530,
2051.041759143, 0.997493442,
2051.062190838, 0.997629383,
2051.082622633, 0.997707240,
2051.103054528, 0.997486765,
2051.143918020, 0.997446389,
2051.164349916, 0.997603500,
2051.184781613, 0.997606893,
2051.205213509, 0.997594611,
2051.225645306, 0.997654338,
2051.246077003, 0.997533430,
2051.266508900, 0.997751292,
2051.286940698, 0.997536088,
2051.307372396, 0.997841219,
2051.327804294, 0.997830042,
2051.348236092, 0.997730843,
2051.368667991, 0.997668783,
2051.389099689, 0.997778506,
2051.409531488, 0.997673708,
2051.429963388, 0.997727574,
2051.450395087, 0.997672608,
2051.470826887, 0.998034045,
2051.491258787, 0.997830614,
2051.511690587, 0.997740321,
2051.532122287, 0.997602799,
2051.552554188, 0.997888187,
2051.572985989, 0.997800414,
2051.593417790, 0.997750160,
2051.634281393, 0.997738030,
2051.654713195, 0.997869797,
2051.675144997, 0.997571620,
2051.695576799, 0.997729473,
2051.716008602, 0.997829875,
2051.736440405, 0.997780522,
2051.756872308, 0.997793825,
2051.777304011, 0.997621650,
2051.797735814, 0.997618795,
2051.818167718, 0.997733281,
2051.838599422, 0.997838192,
2051.879463131, 0.997768724,
2051.899894836, 0.997841250,
2051.920326741, 0.997873384,
2051.940758546, 0.997874079,
2051.961190251, 0.997637236,
2051.981622157, 0.997711436,
2052.002053963, 0.997698513,
2052.022485669, 0.997768067,
2052.042917576, 0.997679583,
2052.063349382, 0.997847441,
2052.083781289, 0.997769183,
2052.124644804, 0.997862062,
2052.145076711, 0.997834477,
2052.165508519, 0.997741088,
2052.185940227, 0.997808901,
2052.206372136, 0.997876332,
2052.226803944, 0.997753489,
2052.247235653, 0.997646874,
2052.267667562, 0.997893273,
2052.288099372, 0.997732056,
2052.308531281, 0.997936103,
2052.328962991, 0.997796405,
2052.369826711, 0.997681073,
2052.390258422, 0.997603101,
2052.410690233, 0.997737162,
2052.431122044, 0.997796060,
2052.451553855, 0.997850510,
2052.471985767, 0.997724670,
2052.492417478, 0.997867598,
2052.512849291, 0.997823719,
2052.533281203, 0.997738311,
2052.553712915, 0.997790345,
2052.574144728, 0.997878134,
2052.615008355, 0.997810067,
2052.635440268, 0.997750883,
2052.655872082, 0.997808158,
2052.676303796, 0.997830577,
2052.737599340, 0.997748682,
2052.758031155, 0.997927019,
2052.778462970, 0.997712185,
2052.798894785, 0.997800593,
2052.819326601, 0.997844126,
2052.860190333, 0.997631791,
2052.880622150, 0.997672994,
2052.901053867, 0.997756309,
2052.921485784, 0.997618937,
2052.941917601, 0.997963016,
2052.962349319, 0.997889647,
2052.982781236, 0.997720245,
2053.003213054, 0.997908564,
2053.023644973, 0.997670752,
2053.044076691, 0.997773273,
2053.064508510, 0.997799993,
2053.146235788, 0.998066866,
2053.166667608, 0.997730321,
2053.187099528, 0.998062683,
2053.207531249, 0.997931609,
2053.227963070, 0.997676339,
2053.248394991, 0.997953962,
2053.268826712, 0.997806560,
2053.289258534, 0.997962406,
2053.309690455, 0.997787368,
2053.350554100, 0.997958000,
2053.370985922, 0.997743359,
2053.391417745, 0.997924083,
2053.411849568, 0.998103663,
2053.432281392, 0.997936673,
2053.452713215, 0.997781916,
2053.473145039, 0.997656485,
2053.493576863, 0.997843714,
2053.514008688, 0.997694614,
2053.534440612, 0.997967796,
2053.554872337, 0.997965369,
2053.595736088, 0.997568340,
2053.616167814, 0.997658009,
2053.636599740, 0.997845567,
2053.657031566, 0.997755996,
2053.677463292, 0.997727141,
2053.697895219, 0.997723826,
2053.718327046, 0.997924367,
2053.738758873, 0.997882343,
2053.759190701, 0.998123867,
2053.779622528, 0.998010381,
2053.800054356, 0.997867413,
2053.840917913, 0.997744345,
2053.861349842, 0.997739407,
2053.881781671, 0.997608780,
2053.902213600, 0.997730935,
2053.922645330, 0.997907972,
2053.943077160, 0.998018103,
2053.963509090, 0.997759654,
2053.983940820, 0.997692103,
2054.004372651, 0.997782404,
2054.024804582, 0.997831279,
2054.045236413, 0.997848376,
2054.086100076, 0.997705005,
2054.106531908, 0.997643311,
2054.126963740, 0.997770271,
2054.147395572, 0.997667895,
2054.167827405, 0.997798029,
2054.188259338, 0.997856490,
2054.208691071, 0.997858447,
2054.229122905, 0.997602717,
2054.249554839, 0.997853581,
2054.269986573, 0.997465413,
2054.290418507, 0.997717977,
2054.331282076, 0.997787938,
2054.351714011, 0.997848485,
2054.372145847, 0.997761969,
2054.392577582, 0.997884518,
2054.413009518, 0.997978213,
2054.433441354, 0.997660443,
2054.453873191, 0.997837200,
2054.474305027, 0.997771431,
2054.494736764, 0.997724115,
2054.515168701, 0.997764809,
2054.535600539, 0.997600702,
2054.576464215, 0.997771394,
2054.596896053, 0.997734592,
2054.617327992, 0.997730021,
2054.637759730, 0.997889429,
2054.678623509, 0.997729432,
2054.699055248, 0.997695008,
2054.719487088, 0.997750713,
2054.739919028, 0.997944994,
2054.760350869, 0.997710766,
2054.780782709, 0.997916711,
2054.821646392, 0.997727065,
2054.842078233, 0.997690822,
2054.862510075, 0.997822850,
2054.882941917, 0.997747075,
2054.903373859, 0.997846218,
2054.923805602, 0.997782857,
2054.944237445, 0.997859040,
2054.964669388, 0.997876582,
2054.985101131, 0.997730752,
2055.005533075, 0.997877256,
2055.025964919, 0.997951573,
2055.087260352, 0.997695345,
2055.107692197, 0.997457183,
2055.128124142, 0.997572638,
2055.148555888, 0.997500158,
2055.168987834, 0.997736881,
2055.189419680, 0.997934183,
2055.209851426, 0.997892301,
2055.230283373, 0.998001803,
2055.250715220, 0.997982356,
2055.271147067, 0.997796545,
2055.291578914, 0.997840667,
2055.312010762, 0.997649690,
2055.332442710, 0.997539948,
2055.352874458, 0.997708552,
2055.373306307, 0.997636221,
2055.393738256, 0.997657130,
2055.414170105, 0.997669532,
2055.434601854, 0.997747609,
2055.455033804, 0.997480647,
2055.475465654, 0.997837983,
2055.495897504, 0.997861226,
2055.516329354, 0.997731286,
2055.557193156, 0.997653294,
2055.577624907, 0.997861374,
2055.598056759, 0.997673284,
2055.618488711, 0.997853841,
2055.638920463, 0.997572792,
2055.659352315, 0.997744078,
2055.679784268, 0.997672655,
2055.700216021, 0.997579461,
2055.720647974, 0.997811948,
2055.741079728, 0.997658513,
2055.761511582, 0.997843581,
2055.802375290, 0.997607621,
2055.822807145, 0.997522394,
2055.843239099, 0.997781706,
2055.863670855, 0.997858647,
2055.884102810, 0.997809201,
2055.904534666, 0.997703626,
2055.924966522, 0.997695582,
2055.945398378, 0.997592152,
2055.965830235, 0.997812380,
2055.986262092, 0.997608750,
2056.006693949, 0.997548883,
2056.067989622, 0.997642156,
2056.088421380, 0.997536067,
2056.108853339, 0.997786495,
2056.129285198, 0.997654878,
2056.149716957, 0.997525106,
2056.170148916, 0.997756664,
2056.190580776, 0.997656410,
2056.211012736, 0.997388911,
2056.231444496, 0.997243080,
2056.251876356, 0.997557811,
2056.272308317, 0.997594559,
2056.292740078, 0.997595647,
2056.313171940, 0.997486967,
2056.333603901, 0.997572250,
2056.394899388, 0.997674530,
2056.415331251, 0.997636219,
2056.435763214, 0.997787735,
2056.456195077, 0.997876944,
2056.476626841, 0.997499129,
2056.497058805, 0.997643392,
2056.537922433, 0.997513208,
2056.558354398, 0.997554053,
2056.578786263, 0.997539585,
2056.599218129, 0.997584787,
2056.619649994, 0.997468102,
2056.640081860, 0.997516693,
2056.660513726, 0.997872474,
2056.680945593, 0.997858463,
2056.701377460, 0.997522524,
2056.721809327, 0.997916401,
2056.742241194, 0.997768393,
2056.783105030, 0.997371447,
2056.803536798, 0.997420219,
2056.823968766, 0.997567927,
2056.844400635, 0.997472412,
2056.864832404, 0.997713854,
2056.885264374, 0.997625145,
2056.905696243, 0.997627946,
2056.926128213, 0.997847768,
2056.946559983, 0.997752694,
2056.966991854, 0.997657789,
2056.987423825, 0.997538955,
2057.028287467, 0.997534316,
2057.048719439, 0.997707567,
2057.069151211, 0.997600161,
2057.089583083, 0.997601984,
2057.110014956, 0.997599591,
2057.130446828, 0.997642384,
2057.150878802, 0.997687540,
2057.171310575, 0.997757478,
2057.191742449, 0.997746809,
2057.212174423, 0.997701789,
2057.232606297, 0.997764218,
2057.293901922, 0.997665118,
2057.314333797, 0.997610017,
2057.334765673, 0.997611523,
