BJD - 2454833, Corrected Flux
1977.262447636, 1.053850685,
1977.282879900, 1.056167498,
1977.303312063, 1.055813127,
1977.364608950, 1.044453586,
1977.385041211, 1.046048679,
1977.405473472, 1.044586596,
1977.425905732, 1.045006013,
1977.446338092, 1.043692756,
1977.466770252, 1.044468071,
1977.487202610, 1.044103771,
1977.507634869, 1.045944264,
1977.528067027, 1.044925930,
1977.548499385, 1.046540902,
1977.568931642, 1.044272521,
1977.589363798, 1.044739519,
1977.609796154, 1.046197958,
1977.630228410, 1.046803351,
1977.650660565, 1.045102352,
1977.671092920, 1.045027562,
1977.691525174, 1.044688682,
1977.711957328, 1.043484555,
1977.732389681, 1.044917021,
1977.752821934, 1.048314113,
1977.773254087, 1.045876556,
1977.814118690, 1.044155354,
1977.834550941, 1.045503133,
1977.854983191, 1.044814198,
1977.875415441, 1.044371280,
1977.895847691, 1.045554892,
1977.916279940, 1.045519251,
1977.936712189, 1.044439626,
1977.957144537, 1.044868928,
1977.977576685, 1.047292642,
1977.998008932, 1.044403396,
1978.018441279, 1.044864584,
1978.038873425, 1.044119483,
1978.059305671, 1.043755716,
1978.079738016, 1.045248930,
1978.100170161, 1.044340027,
1978.120602405, 1.045161301,
1978.141034749, 1.044241478,
1978.161466893, 1.043905857,
1978.181899136, 1.045446670,
1978.202331478, 1.042616172,
1978.222763621, 1.045267297,
1978.243195962, 1.045628733,
1978.263628203, 1.045417529,
1978.284060444, 1.042459476,
1978.304492684, 1.045502035,
1978.324924924, 1.047190507,
1978.345357163, 1.046096497,
1978.365789402, 1.049955183,
1978.386221640, 1.045941321,
1978.406653878, 1.044372277,
1978.427086116, 1.046146694,
1978.447518353, 1.045199364,
1978.467950589, 1.044288946,
1978.488382825, 1.043847777,
1978.508815061, 1.045084684,
1978.529247196, 1.043928380,
1978.590543898, 1.047927452,
1978.610976232, 1.044266473,
1978.631408464, 1.044535604,
1978.651840797, 1.045384605,
1978.672272929, 1.046325353,
1978.692705160, 1.046273872,
1978.713137491, 1.045829099,
1978.733569622, 1.044244693,
1978.754001852, 1.044488397,
1978.774434181, 1.047043283,
1978.794866410, 1.046995193,
1978.815298539, 1.045264875,
1978.835730867, 1.046855834,
1978.856163095, 1.047337540,
1978.876595222, 1.047103934,
1978.917459775, 1.045659889,
1978.937891901, 1.044505328,
1978.958324226, 1.044644847,
1978.978756451, 1.077655715,
1978.999188576, 1.044549491,
1979.019620900, 1.046144220,
1979.060485247, 1.045587502,
1979.080917569, 1.046820205,
1979.101349791, 1.047381024,
1979.121782113, 1.047904355,
1979.142214234, 1.046526242,
1979.162646455, 1.047933065,
1979.183078675, 1.046425909,
1979.203510895, 1.048009765,
1979.223943115, 1.044877907,
1979.244375334, 1.048682834,
1979.264807552, 1.047349448,
1979.285239771, 1.048008830,
1979.305671988, 1.047513332,
1979.326104205, 1.045293886,
1979.346536422, 1.046742279,
1979.366968738, 1.047275321,
1979.387400854, 1.045068294,
1979.407833069, 1.046273319,
1979.428265384, 1.046391103,
1979.448697499, 1.047188207,
1979.469129712, 1.049247393,
1979.489562026, 1.047359182,
1979.509994139, 1.045362203,
1979.530426352, 1.045501467,
1979.550858664, 1.046171779,
1979.571290775, 1.044904541,
1979.591723087, 1.045573832,
1979.612155298, 1.046461665,
1979.632587508, 1.046827471,
1979.653019718, 1.046253257,
1979.673451927, 1.045904919,
1979.693884136, 1.045979180,
1979.714316344, 1.045208860,
1979.734748553, 1.046032982,
1979.775612967, 1.046196020,
1979.796045174, 1.047288845,
1979.816477380, 1.048997376,
1979.836909686, 1.046769059,
1979.857341791, 1.047119144,
1979.877773996, 1.046555156,
1979.898206200, 1.046674292,
1979.918638404, 1.045311436,
1979.939070608, 1.046104405,
1979.959502811, 1.047657513,
1979.979935014, 1.048413186,
1980.000367216, 1.046995643,
1980.020799418, 1.046554546,
1980.041231619, 1.044819898,
1980.061663920, 1.044103267,
1980.082096020, 1.046859324,
1980.102528220, 1.046951950,
1980.122960519, 1.048691210,
1980.143392618, 1.045373685,
1980.163824817, 1.045898151,
1980.184257115, 1.044794049,
1980.204689313, 1.047095146,
1980.225121410, 1.048279640,
1980.245553707, 1.044980666,
1980.265985903, 1.048378545,
1980.286417999, 1.045123655,
1980.306850294, 1.044007109,
1980.327282489, 1.046755297,
1980.347714584, 1.046479263,
1980.368146878, 1.046338450,
1980.388579071, 1.047316682,
1980.409011165, 1.045524874,
1980.429443457, 1.046919180,
1980.449875650, 1.045430277,
1980.470307841, 1.044345054,
1980.490740033, 1.044033964,
1980.511172224, 1.043403729,
1980.531604514, 1.044896047,
1980.552036604, 1.045895827,
1980.572468794, 1.044357890,
1980.592901083, 1.044730305,
1980.613333172, 1.044999394,
1980.633765360, 1.045980682,
1980.654197648, 1.046924372,
1980.695061922, 1.044334796,
1980.715494208, 1.043891405,
1980.735926294, 1.043020851,
1980.756358480, 1.044556376,
1980.776790765, 1.043233872,
1980.797222849, 1.044664314,
1980.817655034, 1.045489995,
1980.838087318, 1.042926282,
1980.858519401, 1.044347771,
1980.878951584, 1.044100054,
1980.899383866, 1.043608204,
1980.919815948, 1.042734471,
1980.940248130, 1.045205683,
1980.960680411, 1.044488810,
1980.981112492, 1.043657117,
1981.042409131, 1.044216127,
1981.062841310, 1.044998267,
1981.083273489, 1.045727741,
1981.103705666, 1.044773088,
1981.124137844, 1.046066375,
1981.144570021, 1.044402133,
1981.165002198, 1.045267636,
1981.185434474, 1.042387136,
1981.205866550, 1.045695488,
1981.226298725, 1.044873857,
1981.246731000, 1.043884846,
1981.267163075, 1.045691779,
1981.287595249, 1.046132069,
1981.308027522, 1.045116521,
1981.328459596, 1.045002061,
1981.348891768, 1.044545019,
1981.369324041, 1.045399944,
1981.389756112, 1.044345606,
1981.410188284, 1.043521530,
1981.430620455, 1.044040488,
1981.451052625, 1.044910609,
1981.471484895, 1.044260822,
1981.594077907, 1.042583183,
1981.614510074, 1.044522472,
1981.634942141, 1.045385219,
1981.655374406, 1.043362210,
1981.675806572, 1.043719597,
1981.696238637, 1.044612401,
1981.716670902, 1.045428363,
1981.737103067, 1.044879476,
1981.757535131, 1.044316535,
1981.777967394, 1.044187471,
1981.798399557, 1.043517780,
1981.818831620, 1.045151896,
1981.839263882, 1.044771517,
1981.859696044, 1.044189114,
1981.880128205, 1.044247276,
1981.900560366, 1.044653176,
1981.920992526, 1.043835749,
1981.941424787, 1.044178992,
1981.961856846, 1.043455713,
1981.982289005, 1.045260877,
1982.002721264, 1.044292947,
1982.023153422, 1.044908121,
1982.043585480, 1.044443033,
1982.064017737, 1.042992346,
1982.084449894, 1.043512536,
1982.104881951, 1.043095518,
1982.125314207, 1.043499513,
1982.145746263, 1.044972387,
1982.166178418, 1.044583982,
1982.186610673, 1.043857319,
1982.207042727, 1.044558405,
1982.227474881, 1.044223408,
1982.247907135, 1.045845402,
1982.268339187, 1.044474367,
1982.288771340, 1.043483652,
1982.309203592, 1.042374923,
1982.329635644, 1.043247810,
1982.350067796, 1.044050893,
1982.370500046, 1.044215807,
1982.390932197, 1.042678758,
1982.411364347, 1.042214196,
1982.431796497, 1.043878768,
1982.452228646, 1.039531246,
1982.472660795, 1.042972899,
1982.493092943, 1.042668145,
1982.513525091, 1.041785959,
1982.533957338, 1.041302537,
1982.554389385, 1.042166578,
1982.574821532, 1.041637339,
1982.615685824, 1.043313435,
1982.636117969, 1.043119027,
1982.656550214, 1.042543701,
1982.676982259, 1.041929113,
1982.697414402, 1.041946210,
1982.717846646, 1.042899698,
1982.738278689, 1.043804964,
1982.758710832, 1.042983334,
1982.779143074, 1.042409608,
1982.799575116, 1.040117365,
1982.820007257, 1.041493695,
1982.840439498, 1.041823597,
1982.860871639, 1.042478649,
1982.881303779, 1.041182073,
1982.901735919, 1.043047748,
1982.922167958, 1.042002248,
1982.942600197, 1.042225405,
1982.983464373, 1.044090069,
1983.003896611, 1.044487270,
1983.024328749, 1.043795162,
1983.044760785, 1.041486911,
1983.065193021, 1.042428842,
1983.085625157, 1.044575426,
1983.106057193, 1.042225154,
1983.126489428, 1.041593748,
1983.146921563, 1.044721410,
1983.167353597, 1.042182545,
1983.187785830, 1.043843650,
1983.208217964, 1.043062279,
1983.228650097, 1.045739366,
1983.249082229, 1.043868623,
1983.269514361, 1.043146160,
1983.289946493, 1.042958261,
1983.310378624, 1.043343406,
1983.330810755, 1.043400622,
1983.351242985, 1.042713337,
1983.371675115, 1.041185204,
1983.392107145, 1.042474029,
1983.412539374, 1.039886285,
1983.432971503, 1.043269737,
1983.473835759, 1.044451145,
1983.494267886, 1.040908031,
1983.514699913, 1.044188579,
1983.535132140, 1.044734780,
1983.555564266, 1.041286982,
1983.575996291, 1.042209448,
1983.596428517, 1.044158460,
1983.616860642, 1.042587876,
1983.637292666, 1.042237474,
1983.657724890, 1.041247965,
1983.678156914, 1.042683469,
1983.698589137, 1.041505474,
1983.719021259, 1.041743012,
1983.739453282, 1.041665063,
1983.759885404, 1.040356414,
1983.780317625, 1.041268935,
1983.800749746, 1.042805546,
1983.841613987, 1.042587833,
1983.862046107, 1.042093155,
1983.882478326, 1.041363611,
1983.902910346, 1.042164561,
1983.923342464, 1.042260505,
1983.943774682, 1.044259072,
1983.964206700, 1.041937841,
1983.984638817, 1.042565245,
1984.025503051, 1.039942915,
1984.045935167, 1.041060912,
1984.066367382, 1.041791133,
1984.086799398, 1.042728532,
1984.107231513, 1.041792197,
1984.127663727, 1.043585506,
1984.148095741, 1.041462518,
1984.168527854, 1.040416081,
1984.188960067, 1.043001769,
1984.209392180, 1.042117307,
1984.229824192, 1.043363445,
1984.250256405, 1.041215952,
1984.270688516, 1.041177899,
1984.291120627, 1.041044290,
1984.311552737, 1.039914321,
1984.331984848, 1.039447898,
1984.352417058, 1.040555547,
1984.372849067, 1.038107135,
1984.393281076, 1.042384567,
1984.413713285, 1.041744810,
1984.475009608, 1.041846716,
1984.495441715, 1.042738328,
1984.515873721, 1.041026955,
1984.536305927, 1.041689779,
1984.556738033, 1.042599346,
1984.577170038, 1.041678403,
1984.597602243, 1.038869519,
1984.618034347, 1.041167524,
1984.638466451, 1.042116829,
1984.658898555, 1.041389007,
1984.679330658, 1.039582910,
1984.699762761, 1.041757089,
1984.720194963, 1.041806642,
1984.740626965, 1.040785083,
1984.761059167, 1.039944729,
1984.781491268, 1.038819509,
1984.801923269, 1.039122735,
1984.822355469, 1.042704415,
1984.842787569, 1.038641499,
1984.863219568, 1.042024980,
1984.883651767, 1.040860569,
1984.904083866, 1.042813328,
1984.985812157, 1.043565929,
1985.006244353, 1.041467019,
1985.026676450, 1.041910153,
1985.047108546, 1.042266305,
1985.067540640, 1.043205159,
1985.087972735, 1.042194776,
1985.108404830, 1.041025649,
1985.128836925, 1.042242523,
1985.169701012, 1.041330494,
1985.190133204, 1.041229754,
1985.210565297, 1.040971917,
1985.230997489, 1.040066512,
1985.251429481, 1.041272778,
1985.271861572, 1.042740978,
1985.292293763, 1.041936349,
1985.312725753, 1.042653114,
1985.333157844, 1.046124044,
1985.353590033, 1.044775073,
1985.374022022, 1.042081810,
1985.394454111, 1.041444109,
1985.455750375, 1.040607730,
1985.476182563, 1.041985816,
1985.496614549, 1.040957296,
1985.517046636, 1.040083896,
1985.537478822, 1.041687134,
1985.557910908, 1.040950568,
1985.578342893, 1.040610695,
1985.598775078, 1.040877232,
1985.619207162, 1.040756460,
1985.639639146, 1.040384341,
1985.660071330, 1.039540822,
1985.680503413, 1.040938403,
1985.700935595, 1.039304018,
1985.721367578, 1.038756069,
1985.741799660, 1.039772382,
1985.762231842, 1.040411151,
1985.782663823, 1.041268378,
1985.803095904, 1.041256835,
1985.823528084, 1.039658707,
1985.843960064, 1.039640520,
1985.864392144, 1.039436128,
1985.884824223, 1.041637117,
1985.946120458, 1.038511331,
1985.966552535, 1.039337635,
1985.986984612, 1.039616417,
1986.007416689, 1.037956544,
1986.027848766, 1.039849541,
1986.048280841, 1.040517185,
1986.068713017, 1.039186700,
1986.089144992, 1.039457900,
1986.109577067, 1.040617232,
1986.130009241, 1.042239621,
1986.150441215, 1.038550223,
1986.170873389, 1.039703697,
1986.191305462, 1.038324206,
1986.211737435, 1.040037466,
1986.232169607, 1.038411296,
1986.252601679, 1.038216684,
1986.273033651, 1.038676808,
1986.293465822, 1.039771233,
1986.313897893, 1.039122029,
1986.334329863, 1.038864979,
1986.354762033, 1.038334255,
1986.375194102, 1.041214439,
1986.395626172, 1.039086435,
1986.416058240, 1.038812539,
1986.436490308, 1.037342480,
1986.456922376, 1.042601854,
1986.477354444, 1.036685244,
1986.497786511, 1.041110324,
1986.518218578, 1.039663889,
1986.538650745, 1.041398438,
1986.559082711, 1.047431414,
1986.579514776, 1.048914289,
1986.599946841, 1.050504369,
1986.620378906, 1.055429627,
1986.681675098, 1.038972955,
1986.702107261, 1.037583882,
1986.722539224, 1.038366065,
1986.742971287, 1.037725020,
1986.763403448, 1.040928200,
1986.783835410, 1.039384066,
1986.804267471, 1.037585356,
1986.824699632, 1.038436375,
1986.845131593, 1.037284680,
1986.865563653, 1.038645587,
1986.926859831, 1.039414845,
1986.947291989, 1.039121457,
1986.967724047, 1.038528896,
1986.988156005, 1.039936597,
1987.008588162, 1.039009652,
1987.029020219, 1.040377819,
1987.069884332, 1.039959214,
1987.090316388, 1.041125798,
1987.110748543, 1.041067206,
1987.172044707, 1.038401068,
1987.192476661, 1.039333640,
1987.233340867, 1.039776486,
1987.253772820, 1.039076722,
1987.274204872, 1.039000402,
1987.294637024, 1.038993450,
1987.315068975, 1.039407783,
1987.335501026, 1.039046621,
1987.355933177, 1.039108273,
1987.376365127, 1.038390602,
1987.396797177, 1.042936780,
1987.417229226, 1.040583805,
1987.437661276, 1.039140598,
1987.458093324, 1.039682876,
1987.478525473, 1.037515419,
1987.498957421, 1.036821281,
1987.519389568, 1.039049845,
1987.539821616, 1.037731128,
1987.560253562, 1.040509925,
1987.580685709, 1.038221265,
1987.601117755, 1.040750194,
1987.662413890, 1.039753096,
1987.682845835, 1.039302824,
1987.703277979, 1.038923452,
1987.723710022, 1.038335269,
1987.744142066, 1.038659380,
1987.764574109, 1.038951811,
1987.785006151, 1.037414027,
1987.805438194, 1.038371376,
1987.825870235, 1.036767872,
1987.846302277, 1.036560436,
1987.907598399, 1.039125917,
1987.928030439, 1.038178229,
1987.948462578, 1.037648079,
1987.968894517, 1.037565902,
1988.009758694, 1.037802189,
1988.030190632, 1.037761468,
1988.050622770, 1.040228385,
1988.071054807, 1.037836295,
1988.091486744, 1.037193347,
1988.111918880, 1.035169218,
1988.132350816, 1.038451746,
1988.152782852, 1.035810288,
1988.173214986, 1.037097276,
1988.193646921, 1.038631596,
1988.214078956, 1.036562238,
1988.234511090, 1.039277624,
1988.254943024, 1.037215952,
1988.275375057, 1.036518916,
1988.295807190, 1.038048599,
1988.336671155, 1.038701013,
1988.397967249, 1.036669567,
1988.418399380, 1.039295863,
1988.438831410, 1.038937154,
1988.459263540, 1.036032548,
1988.479695470, 1.037873823,
1988.500127499, 1.037292479,
1988.520559627, 1.038448516,
1988.540991556, 1.036461439,
1988.561423584, 1.038318022,
1988.581855712, 1.038147832,
1988.643151792, 1.036142681,
1988.663583718, 1.035887467,
1988.684015744, 1.036068332,
1988.704447869, 1.037500096,
1988.724879795, 1.036034321,
1988.745311819, 1.037124384,
1988.765743943, 1.037169076,
1988.786175967, 1.036344085,
1988.806607891, 1.035069069,
1988.827040014, 1.036008638,
1988.929200123, 1.036882644,
1988.949632144, 1.035926086,
1988.970064065, 1.036493123,
1988.990496185, 1.037536021,
1989.010928205, 1.036343675,
1989.031360124, 1.037308542,
1989.051792243, 1.038859723,
1989.072224262, 1.037139555,
1989.092656180, 1.038371030,
1989.113088298, 1.037380618,
1989.133520316, 1.035075864,
1989.153952332, 1.036826395,
1989.174384349, 1.035122084,
1989.194816365, 1.037570817,
1989.215248382, 1.036701465,
1989.235680397, 1.038219751,
1989.256112412, 1.036772674,
1989.276544427, 1.039130782,
1989.296976542, 1.036711965,
1989.317408456, 1.035031231,
1989.378704496, 1.034823358,
1989.399136609, 1.037015840,
1989.419568621, 1.035825126,
1989.440000533, 1.037753073,
1989.460432645, 1.037458006,
1989.480864656, 1.035644677,
1989.501296566, 1.037863334,
1989.521728677, 1.036258411,
1989.542160687, 1.037823406,
1989.562592597, 1.037056886,
1989.583024706, 1.035488136,
1989.603456715, 1.036579762,
1989.623888624, 1.034318256,
1989.644320732, 1.038252175,
1989.664752740, 1.038066423,
1989.685184647, 1.035988674,
1989.705616754, 1.036915209,
1989.726048761, 1.036835923,
1989.746480667, 1.039387653,
1989.766912773, 1.036977154,
1989.787344779, 1.049094048,
1989.807776685, 1.037981908,
1989.869072898, 1.038053054,
1989.889504802, 1.036967821,
1989.909936805, 1.036802457,
1989.930368908, 1.037488348,
1989.950800811, 1.035857749,
1989.971232813, 1.038396142,
1989.991664915, 1.037567279,
1990.012096817, 1.037282115,
1990.032528818, 1.036871315,
1990.052960919, 1.036231184,
1990.073392819, 1.034578921,
1990.093824820, 1.035498159,
1990.114256919, 1.036129020,
1990.134688919, 1.032568704,
1990.155120818, 1.036336936,
1990.175552916, 1.033362541,
1990.195984915, 1.034017760,
1990.216416813, 1.035345436,
1990.236848910, 1.035346274,
1990.257280908, 1.035904544,
1990.277712904, 1.031401870,
1990.298144901, 1.025650053,
1990.359440888, 1.034591598,
1990.379872783, 1.035890785,
1990.400304878, 1.035729485,
1990.441168766, 1.033320554,
1990.461600860, 1.037799028,
1990.482032853, 1.032940704,
1990.502464846, 1.033454184,
1990.522896838, 1.035120568,
1990.543328831, 1.037128795,
1990.604624805, 1.035882139,
1990.625056796, 1.031898501,
1990.645488886, 1.036737232,
1990.665920776, 1.035110940,
1990.686352766, 1.038454433,
1990.706784855, 1.032256912,
1990.727216744, 1.033743383,
1990.747648832, 1.032630392,
1990.768080821, 1.036688814,
1990.788512708, 1.031441881,
1990.849808670, 1.037377951,
1990.870240756, 1.036139298,
1990.890672742, 1.037645091,
1990.911104628, 1.034341766,
1990.931536713, 1.034814851,
1990.951968698, 1.037747953,
1990.972400683, 1.036140601,
1990.992832667, 1.036772018,
1991.013264651, 1.036036589,
1991.033696635, 1.037065945,
1991.054128618, 1.036774935,
1991.074560601, 1.035940287,
1991.094992483, 1.035942167,
1991.115424565, 1.033856991,
1991.135856547, 1.036187450,
1991.156288628, 1.036645548,
1991.176720509, 1.036172282,
1991.197152490, 1.038263692,
1991.217584571, 1.035305367,
1991.238016451, 1.033885749,
1991.258448430, 1.035378744,
1991.278880510, 1.035773932,
1991.340176445, 1.036297034,
1991.360608323, 1.036019736,
1991.381040300, 1.036313693,
1991.401472378, 1.035642343,
1991.421904254, 1.035855916,
1991.442336231, 1.033766942,
1991.462768307, 1.035733072,
1991.483200283, 1.034971323,
1991.503632158, 1.036043157,
1991.524064233, 1.035213126,
1991.544496208, 1.036339589,
1991.564928082, 1.036278708,
1991.585360156, 1.035846873,
1991.605792130, 1.036831396,
1991.626224203, 1.035600184,
1991.646656076, 1.035277107,
1991.667088049, 1.034610881,
1991.687520121, 1.035730852,
1991.707951993, 1.036246815,
1991.728383964, 1.036621468,
1991.748815936, 1.034562624,
1991.769247906, 1.034792414,
1991.789679877, 1.035851110,
1991.810111847, 1.034457941,
1991.830543817, 1.037149518,
1991.850975786, 1.036624152,
1991.871407755, 1.034352213,
1991.891839724, 1.034196763,
1991.912271692, 1.033867172,
1991.932703660, 1.032677842,
1991.953135628, 1.032714540,
1991.973567595, 1.037472458,
1991.993999662, 1.035778964,
1992.014431529, 1.033905161,
1992.075727427, 1.034626197,
1992.096159492, 1.035918818,
1992.116591457, 1.035582232,
1992.137023322, 1.038133714,
1992.157455386, 1.034435205,
1992.177887350, 1.035832660,
1992.198319213, 1.034908860,
1992.218751276, 1.035307138,
1992.239183239, 1.036302777,
1992.259615102, 1.034153517,
1992.320911087, 1.034515384,
1992.341343048, 1.035788415,
1992.361775009, 1.034074180,
1992.382206970, 1.034057846,
1992.402638930, 1.034373438,
1992.423070889, 1.034337450,
1992.443502949, 1.034572321,
1992.463934908, 1.034777144,
1992.484366767, 1.034045353,
1992.504798825, 1.033633352,
1992.525230683, 1.033243805,
1992.545662641, 1.034449826,
1992.566094698, 1.034688473,
1992.586526555, 1.031673078,
1992.606958512, 1.032925633,
1992.647822424, 1.032513267,
1992.668254379, 1.034064780,
1992.688686435, 1.031946484,
1992.709118290, 1.035248794,
1992.729550244, 1.032965433,
1992.749982299, 1.034936881,
1992.831710112, 1.034650565,
1992.852142065, 1.035209918,
1992.872574017, 1.034920575,
1992.893005969, 1.034926441,
1992.913437920, 1.033758606,
1992.933869871, 1.033661373,
1992.954301822, 1.034712262,
1992.974733873, 1.033505324,
1992.995165723, 1.034706073,
1993.015597673, 1.035427704,
1993.036029722, 1.034457165,
1993.056461572, 1.033091985,
1993.076893520, 1.032933819,
1993.097325569, 1.035336640,
1993.117757417, 1.033113247,
1993.138189365, 1.035281625,
1993.179053259, 1.036012839,
1993.199485206, 1.034083547,
1993.219917253, 1.038348281,
1993.240349099, 1.033808538,
1993.301644935, 1.033460069,
1993.322076980, 1.036020058,
1993.342508924, 1.036241632,
1993.362940769, 1.034743184,
1993.383372812, 1.035908890,
1993.403804756, 1.035614176,
1993.424236599, 1.034797001,
1993.444668642, 1.035307965,
1993.465100584, 1.033556050,
1993.485532426, 1.034107666,
1993.546828251, 1.035025138,
1993.567260291, 1.035108498,
1993.587692232, 1.033944127,
1993.608124072, 1.035434428,
1993.628556112, 1.033215687,
1993.648988051, 1.032402353,
1993.669420090, 1.032565009,
1993.689851929, 1.033590325,
1993.710283867, 1.034646990,
1993.730715905, 1.032951969,
1993.751147743, 1.034556728,
1993.771579681, 1.033849998,
1993.792011718, 1.032001610,
1993.812443655, 1.033133322,
1993.832875491, 1.034423387,
1993.853307527, 1.033185909,
1993.873739463, 1.032304036,
1993.894171298, 1.033077834,
1993.914603334, 1.035235812,
1993.935035268, 1.035378509,
1993.955467103, 1.033858808,
1993.975899137, 1.032319120,
1994.037194937, 1.033985621,
1994.057626770, 1.033971944,
1994.078058803, 1.034713713,
1994.098490735, 1.032198365,
1994.118922567, 1.033250927,
1994.139354598, 1.031012285,
1994.159786529, 1.034164355,
1994.180218460, 1.031619726,
1994.200650391, 1.032329356,
1994.221082321, 1.033153798,
1994.282378110, 1.035299533,
1994.302810039, 1.034769424,
1994.323241967, 1.033425227,
1994.343673895, 1.031955206,
1994.364105823, 1.034168406,
1994.384537851, 1.032099595,
1994.404969678, 1.033625819,
1994.425401605, 1.033835319,
1994.445833632, 1.032891622,
1994.466265458, 1.032611374,
1994.486697484, 1.030973733,
1994.507129410, 1.031522656,
1994.527561235, 1.034790324,
1994.547993260, 1.031024382,
1994.568425184, 1.031871880,
1994.588857009, 1.031212266,
1994.609289033, 1.032407742,
1994.629720956, 1.031170869,
1994.650152880, 1.030256912,
1994.670584803, 1.031380781,
1994.691016726, 1.030866664,
1994.711448548, 1.028590135,
1994.772744313, 1.034917312,
1994.793176334, 1.033827204,
1994.813608255, 1.035876025,
1994.834040076, 1.033272450,
1994.854472096, 1.034566121,
1994.874904016, 1.035263196,
1994.895336035, 1.035547175,
1994.915767854, 1.034642490,
1994.936199773, 1.035686101,
1994.956631792, 1.034273143,
1995.017927545, 1.032314436,
1995.038359363, 1.035341009,
1995.058791280, 1.033777745,
1995.079223296, 1.034438722,
1995.099655113, 1.035493898,
1995.120087029, 1.034449315,
1995.140519044, 1.031662300,
1995.160950860, 1.033826746,
1995.181382775, 1.031318246,
1995.201814789, 1.034195495,
1995.263110532, 1.031710330,
1995.283542445, 1.033109966,
1995.303974358, 1.032883267,
1995.324406271, 1.032192580,
1995.344838183, 1.032270236,
1995.365270095, 1.032926793,
1995.406133919, 1.031416765,
1995.426565830, 1.033381675,
1995.446997741, 1.030481109,
1995.467429652, 1.034809979,
1995.487861562, 1.031882941,
1995.508293472, 1.032981477,
1995.528725281, 1.033918811,
1995.549157291, 1.032528031,
1995.569589200, 1.032962799,
1995.590021108, 1.033846623,
1995.610453017, 1.033511473,
1995.630884925, 1.034316789,
1995.651316833, 1.034176273,
1995.671748740, 1.035385094,
1995.692180647, 1.033460464,
1995.753476367, 1.033707042,
1995.773908373, 1.030968440,
1995.794340278, 1.032271282,
1995.814772083, 1.031779351,
1995.835204088, 1.032367820,
1995.855635993, 1.032914283,
1995.876067797, 1.032849719,
1995.896499801, 1.029628336,
1995.916931705, 1.031923037,
1995.937363508, 1.032855306,
1995.998659216, 1.030959400,
1996.019091219, 1.032582866,
1996.039523120, 1.032557009,
1996.059955022, 1.032632047,
1996.080386923, 1.032465360,
1996.100818824, 1.033795950,
1996.121250725, 1.031794628,
1996.141682625, 1.030732585,
1996.162114525, 1.029750014,
1996.182546424, 1.029863035,
1996.202978324, 1.031779666,
1996.223410223, 1.032127116,
1996.243842221, 1.030813021,
1996.264274020, 1.031262249,
1996.284705918, 1.030203919,
1996.305137916, 1.030673324,
1996.325569713, 1.031363494,
1996.346001611, 1.030343328,
1996.366433607, 1.031325833,
1996.386865404, 1.029794019,
1996.407297300, 1.036698018,
1996.427729296, 1.027921376,
1996.489024982, 1.029074339,
1996.509456777, 1.028781849,
1996.529888771, 1.029922249,
1996.550320665, 1.030644963,
1996.570752559, 1.030708703,
1996.591184453, 1.025224792,
1996.611616346, 1.028924966,
1996.632048239, 1.029385751,
1996.652480131, 1.032649038,
1996.672912024, 1.029073298,
1996.734207699, 1.030493441,
1996.754639590, 1.031210502,
1996.775071580, 1.032468753,
1996.795503371, 1.031427545,
1996.815935261, 1.031310377,
1996.836367251, 1.031376725,
1996.856799040, 1.031396854,
1996.877230930, 1.032388236,
1996.897662819, 1.032380179,
1996.918094707, 1.032324415,
1996.979390371, 1.030376473,
1996.999822359, 1.030591873,
1997.020254146, 1.032463593,
1997.040686033, 1.030920134,
1997.061118019, 1.033464282,
1997.101981691, 1.032732959,
1997.122413677, 1.032837248,
1997.142845562, 1.029082171,
1997.163277348, 1.030113990,
1997.224573001, 1.032482598,
1997.245004985, 1.050024051,
1997.265436868, 1.031395658,
1997.285868651, 1.029983883,
1997.306300634, 1.031074071,
1997.326732517, 1.032989029,
1997.347164499, 1.031933751,
1997.367596281, 1.033198580,
1997.388028163, 1.032413815,
1997.408460144, 1.029735884,
1997.428891926, 1.032567962,
1997.449323806, 1.031830125,
1997.469755787, 1.031810099,
1997.490187567, 1.031671985,
1997.510619447, 1.032881267,
1997.531051427, 1.029411090,
1997.551483306, 1.029157597,
1997.571915085, 1.030208026,
1997.592347064, 1.031775269,
1997.612778843, 1.034100605,
1997.633210721, 1.032740359,
1997.653642699, 1.029833116,
1997.714938330, 1.031759906,
1997.735370107, 1.032447885,
1997.755802084, 1.031002231,
1997.776233960, 1.030899672,
1997.796665735, 1.031123148,
1997.817097711, 1.031088498,
1997.837529586, 1.031747756,
1997.857961361, 1.031354292,
1997.878393336, 1.030694425,
1997.898825210, 1.029242464,
1997.960120832, 1.031132218,
1997.980552705, 1.030231262,
1998.000984577, 1.029969283,
1998.021416450, 1.029516400,
1998.041848323, 1.029417216,
1998.062280294, 1.028276550,
1998.082712066, 1.031381129,
1998.103144038, 1.030903076,
1998.123575909, 1.029766416,
1998.144007680, 1.029226925,
1998.164439650, 1.028342390,
1998.184871520, 1.029068274,
1998.205303291, 1.030480465,
1998.225735260, 1.030082543,
1998.246167129, 1.029565016,
1998.266598899, 1.029483269,
1998.287030868, 1.028372971,
1998.307462736, 1.031592108,
1998.348326472, 1.031582728,
1998.368758240, 1.029644839,
1998.389190207, 1.030428359,
1998.450485708, 1.030665735,
1998.470917674, 1.030601943,
1998.491349540, 1.028296827,
1998.511781405, 1.030058365,
1998.532213271, 1.028718314,
1998.552645136, 1.027953659,
1998.573077101, 1.026410886,
1998.593508865, 1.029056582,
1998.613940729, 1.028463823,
1998.634372693, 1.026770227,
1998.695668283, 1.029212783,
1998.716100046, 1.031595246,
1998.736531909, 1.029657055,
1998.756963871, 1.029720342,
1998.777395633, 1.030364846,
1998.797827494, 1.031660890,
1998.818259456, 1.029962181,
1998.838691217, 1.029883129,
1998.859123078, 1.029761431,
1998.879555038, 1.029827085,
1998.899986898, 1.030933602,
1998.920418758, 1.030048909,
1998.940850618, 1.029375706,
1998.961282477, 1.030206671,
1998.981714337, 1.028882050,
1999.002146195, 1.029729378,
1999.022578054, 1.029662604,
1999.043010012, 1.027942954,
1999.063441770, 1.029399836,
1999.083873628, 1.028182913,
1999.104305485, 1.030199195,
1999.124737342, 1.031133799,
1999.186032912, 1.029211571,
1999.206464668, 1.028381291,
1999.226896623, 1.027252068,
1999.247328479, 1.028970852,
1999.267760434, 1.031131670,
1999.288192189, 1.026948386,
1999.308624044, 1.030088240,
1999.329055998, 1.029633061,
1999.349487752, 1.029002762,
1999.369919606, 1.029856822,
1999.390351559, 1.029840973,
1999.410783412, 1.027990910,
1999.431215165, 1.028947094,
1999.451647118, 1.030223385,
1999.472078970, 1.030003165,
1999.492510723, 1.030432560,
1999.512942674, 1.029269945,
1999.533374526, 1.029384343,
1999.553806277, 1.029548415,
1999.574238228, 1.031590321,
1999.594670079, 1.028682275,
1999.615101829, 1.032113529,
1999.676397579, 1.031782299,
1999.696829328, 1.030020908,
1999.717261177, 1.029250837,
1999.737693126, 1.028513387,
1999.758124874, 1.030799683,
1999.778556723, 1.029196403,
1999.798988670, 1.030396595,
1999.819420418, 1.030290199,
1999.839852266, 1.028857474,
1999.860284113, 1.028962257,
1999.921579652, 1.029122862,
1999.942011498, 1.027972441,
1999.962443344, 1.030372531,
1999.982875290, 1.027580391,
2000.003307035, 1.027526615,
2000.023738980, 1.028090043,
2000.044170824, 1.028857153,
2000.064602569, 1.027380055,
2000.085034513, 1.029096636,
2000.105466357, 1.028621429,
2000.125898100, 1.027496711,
2000.146330044, 1.027032895,
2000.166761887, 1.027291808,
2000.187193629, 1.026429623,
2000.207625572, 1.028010288,
2000.228057414, 1.026597887,
2000.248489256, 1.027306161,
2000.268921098, 1.027884929,
2000.289352939, 1.028890877,
2000.309784780, 1.042058426,
2000.330216621, 1.077329995,
2000.350648462, 1.051890227,
2000.411943982, 1.030586839,
2000.432375921, 1.027814290,
2000.452807760, 1.028045670,
2000.473239500, 1.028329582,
2000.493671438, 1.026004539,
2000.514103277, 1.028220460,
2000.534535015, 1.025746157,
2000.554966953, 1.028104861,
2000.575398790, 1.027310142,
2000.595830528, 1.026997554,
2000.636694202, 1.029605236,
2000.657126038, 1.027160301,
2000.677557974, 1.028379569,
2000.697989710, 1.030293633,
2000.718421546, 1.029638852,
2000.759285217, 1.030689392,
2000.779717152, 1.029022738,
2000.800148986, 1.028207259,
2000.820580821, 1.027854311,
2000.841012655, 1.027781228,
2000.861444489, 1.027021586,
2000.881876323, 1.028045510,
2000.902308156, 1.028571187,
2000.922739989, 1.031755246,
2000.963603755, 1.026288626,
2000.984035487, 1.030271766,
2001.004467319, 1.029137436,
2001.024899251, 1.028731521,
2001.045330982, 1.030259972,
2001.065762814, 1.027734130,
2001.086194745, 1.031827440,
2001.147490236, 1.028435534,
2001.167921966, 1.026462555,
2001.188353896, 1.028746387,
2001.208785725, 1.027463618,
2001.229217554, 1.026973240,
2001.249649383, 1.028970057,
2001.270081112, 1.028505017,
2001.290513040, 1.026382340,
2001.310944868, 1.027125411,
2001.331376696, 1.028305479,
2001.351808424, 1.027331827,
2001.372240351, 1.027778767,
2001.392672178, 1.027613765,
2001.413103905, 1.028823354,
2001.433535832, 1.027893243,
2001.453967658, 1.028551706,
2001.474399384, 1.028973675,
2001.494831310, 1.028811904,
2001.515263135, 1.028174068,
2001.535695061, 1.028322015,
2001.556126785, 1.027918885,
2001.576558610, 1.028336046,
2001.637854083, 1.030572574,
2001.658286007, 1.026153186,
2001.678717730, 1.028056194,
2001.699149553, 1.027848933,
2001.719581476, 1.028317924,
2001.740013199, 1.025681669,
2001.760445021, 1.025567880,
2001.780876944, 1.029679986,
2001.801308766, 1.026363295,
2001.821740487, 1.025876651,
2001.842172409, 1.027621786,
2001.862604230, 1.026653379,
2001.883036151, 1.028484634,
2001.903467871, 1.027379462,
2001.923899692, 1.028946167,
2001.944331612, 1.024951611,
2001.964763332, 1.026026171,
2001.985195151, 1.027509296,
2002.005626971, 1.026954537,
2002.026058790, 1.027795538,
2002.046490609, 1.027785940,
2002.066922427, 1.026292128,
2002.128217882, 1.027427462,
2002.148649699, 1.028003124,
2002.169081517, 1.027459281,
2002.189513334, 1.026779417,
2002.209945151, 1.026215055,
2002.230377067, 1.028126238,
2002.250808784, 1.026838334,
2002.271240600, 1.025574876,
2002.291672516, 1.027210168,
2002.312104331, 1.025456950,
2002.332536046, 1.025881005,
2002.352967962, 1.025830613,
2002.373399776, 1.025772224,
2002.393831491, 1.025570184,
2002.414263405, 1.023824929,
2002.434695220, 1.025866544,
2002.455126933, 1.027333742,
2002.475558847, 1.026183454,
2002.495990660, 1.024429857,
2002.516422373, 1.023986992,
2002.536854286, 1.025631588,
2002.557286099, 1.024788238,
2002.639013447, 1.027503719,
2002.659445158, 1.026211830,
2002.679876969, 1.027580267,
2002.700308880, 1.027939541,
2002.720740591, 1.028318119,
2002.741172401, 1.027225918,
2002.761604211, 1.027294041,
2002.782036021, 1.026590855,
2002.802467831, 1.025535338,
2002.822899740, 1.024554174,
2002.843331449, 1.024864270,
2002.863763258, 1.027747042,
2002.884195167, 1.028139156,
2002.904626875, 1.028529885,
2002.925058683, 1.027810803,
2002.945490591, 1.026420993,
2002.965922299, 1.027248244,
2002.986354206, 1.024784221,
2003.006786013, 1.024411063,
2003.027217720, 1.026986048,
2003.108945046, 1.025581612,
2003.129376852, 1.025619387,
2003.149808657, 1.024501465,
2003.170240462, 1.025166034,
2003.190672267, 1.026333540,
2003.211104072, 1.025537927,
2003.231535876, 1.026506315,
2003.251967681, 1.026466042,
2003.272399485, 1.024590420,
2003.292831388, 1.025887910,
2003.313263092, 1.024261793,
2003.333694995, 1.023576536,
2003.354126798, 1.025585046,
2003.394990404, 1.024271932,
2003.415422206, 1.025793088,
2003.435853908, 1.026556964,
2003.456285810, 1.026934632,
2003.476717512, 1.027060935,
2003.497149313, 1.027065767,
2003.517581214, 1.021925049,
2003.538012915, 1.025175542,
2003.599308316, 1.023025991,
2003.619740116, 1.024668242,
2003.640172016, 1.025540375,
2003.660603815, 1.024844758,
2003.681035615, 1.025875599,
2003.701467414, 1.025923265,
2003.721899212, 1.023285007,
2003.742331011, 1.023495686,
2003.762762809, 1.023968229,
2003.783194607, 1.026328239,
2003.803626505, 1.024659284,
2003.824058203, 1.022533107,
2003.844490000, 1.024834743,
2003.864921897, 1.024323851,
2003.885353594, 1.025024747,
2003.905785391, 1.025963902,
2003.926217287, 1.024699639,
2003.946648983, 1.023851678,
2003.967080779, 1.021818210,
2003.987512675, 1.024874291,
2004.007944370, 1.022821045,
2004.028376265, 1.025911550,
2004.089671650, 1.024355507,
2004.110103444, 1.023906344,
2004.130535238, 1.022830636,
2004.150967032, 1.024591676,
2004.171398825, 1.023485158,
2004.191830619, 1.023402438,
2004.212262412, 1.024041047,
2004.232694205, 1.023904076,
2004.253125897, 1.022715609,
2004.273557790, 1.024136444,
2004.293989582, 1.021679533,
2004.314421274, 1.023182816,
2004.334853166, 1.021654710,
2004.355284957, 1.023122594,
2004.375716848, 1.023166448,
2004.396148539, 1.024163061,
2004.416580330, 1.023581733,
2004.437012221, 1.024381095,
2004.457443911, 1.022019997,
2004.477875701, 1.025671807,
2004.498307591, 1.027566408,
2004.518739281, 1.029256993,
2004.580034648, 1.024840679,
2004.600466437, 1.026016322,
2004.620898326, 1.024346247,
2004.641330114, 1.025825343,
2004.661761802, 1.025416284,
2004.682193690, 1.025221770,
2004.702625477, 1.021311041,
2004.723057265, 1.023665922,
2004.743489052, 1.024226530,
2004.763920839, 1.021573145,
2004.825216198, 1.022751551,
2004.845647984, 1.023825492,
2004.866079770, 1.023939227,
2004.886511555, 1.023217240,
2004.906943341, 1.022078858,
2004.927375126, 1.023611425,
2004.947806911, 1.023404504,
2004.968238695, 1.023261719,
2004.988670480, 1.022821824,
2005.009102264, 1.025085579,
2005.029534048, 1.024870252,
2005.049965832, 1.023804123,
2005.070397715, 1.021763154,
2005.090829399, 1.023233897,
2005.111261182, 1.023027360,
2005.131693065, 1.023348985,
2005.152124847, 1.023430644,
2005.172556530, 1.023089234,
2005.192988412, 1.023323659,
2005.213420194, 1.022299057,
2005.233851875, 1.023069620,
2005.254283757, 1.023372902,
2005.295147219, 1.022489719,
2005.315579100, 1.023644144,
2005.336010881, 1.023488159,
2005.356442561, 1.022172322,
2005.376874441, 1.021679950,
2005.397306221, 1.021954394,
2005.417738101, 1.020600207,
2005.438169781, 1.022539928,
2005.458601560, 1.023945046,
2005.479033439, 1.022428815,
2005.499465118, 1.020428217,
2005.519896896, 1.022363269,
2005.540328775, 1.021165685,
2005.560760453, 1.022046877,
2005.581192231, 1.023731145,
2005.601624109, 1.020548650,
2005.622055787, 1.022557551,
2005.642487564, 1.022566832,
2005.662919341, 1.021948634,
2005.683351118, 1.020952507,
2005.703782895, 1.024015687,
2005.724214771, 1.022053019,
2005.744646447, 1.023773621,
2005.805941775, 1.021020294,
2005.826373650, 1.022502667,
2005.846805425, 1.021127906,
2005.867237100, 1.021567973,
2005.887668975, 1.021789474,
2005.908100749, 1.023772343,
2005.928532424, 1.021807831,
2005.948964298, 1.021364246,
2005.969396072, 1.021366535,
2005.989827845, 1.021539383,
2006.010259619, 1.021730762,
2006.030691392, 1.020159393,
2006.051123165, 1.022492943,
2006.071554938, 1.019717605,
2006.091986710, 1.022470737,
2006.112418582, 1.022337013,
2006.132850255, 1.020187840,
2006.153282027, 1.020387350,
2006.173713898, 1.021352014,
2006.194145670, 1.018610693,
2006.214577341, 1.021112756,
2006.235009212, 1.020587288,
2006.255440983, 1.020237938,
2006.275872654, 1.019214117,
2006.296304524, 1.021757373,
2006.316736294, 1.022714492,
2006.337167965, 1.021080449,
2006.357599834, 1.021928732,
2006.378031504, 1.018702403,
2006.398463273, 1.021522854,
2006.418895142, 1.023723815,
2006.439326811, 1.023682469,
2006.459758680, 1.021989331,
2006.480190449, 1.025556509,
2006.541485753, 1.020245374,
2006.561917521, 1.022500021,
2006.582349288, 1.020777407,
2006.602781055, 1.021514380,
2006.623212822, 1.021147093,
2006.643644689, 1.021285067,
2006.664076356, 1.022108049,
2006.684508122, 1.021541149,
2006.704939989, 1.019205533,
2006.725371655, 1.022344480,
2006.745803420, 1.021466672,
2006.766235286, 1.021639073,
2006.786666952, 1.020998038,
2006.807098817, 1.019298666,
2006.827530582, 1.020501998,
2006.847962246, 1.022677536,
2006.868394111, 1.020431814,
2006.888825875, 1.024642565,
2006.909257540, 1.019100005,
2006.929689404, 1.020848114,
2006.950121167, 1.020817070,
2006.970552831, 1.019425054,
2007.031848220, 1.020239319,
2007.052279983, 1.021002075,
2007.072711746, 1.019426069,
2007.093143508, 1.022478145,
2007.113575270, 1.020131875,
2007.134007032, 1.021407153,
2007.154438794, 1.019645357,
2007.174870555, 1.019981317,
2007.195302316, 1.022310561,
2007.215734178, 1.021538611,
2007.236165838, 1.020856551,
2007.256597599, 1.020174330,
2007.277029460, 1.019071073,
2007.297461120, 1.019433418,
2007.317892880, 1.019327104,
2007.338324740, 1.018734554,
2007.358756399, 1.021022685,
2007.379188159, 1.019375951,
2007.399620018, 1.022938046,
2007.420051677, 1.020855371,
2007.440483536, 1.020597164,
2007.460915295, 1.018697854,
2007.522210570, 1.020550385,
2007.542642328, 1.019219779,
2007.563074085, 1.017088827,
2007.583505843, 1.018960522,
2007.603937600, 1.019837868,
2007.624369457, 1.019643031,
2007.644801114, 1.019806058,
2007.665232871, 1.019603214,
2007.685664727, 1.020704598,
2007.706096383, 1.018989348,
2007.726528139, 1.019601904,
2007.746959895, 1.019354811,
2007.767391651, 1.021021411,
2007.787823506, 1.020437692,
2007.808255262, 1.018843394,
2007.828686917, 1.018900399,
2007.849118772, 1.017414128,
2007.869550426, 1.020333991,
2007.889982181, 1.019770184,
2007.910414035, 1.016579281,
2007.930845689, 1.019186203,
2007.951277443, 1.017505629,
2007.971709297, 1.018374887,
2007.992140951, 1.020860606,
2008.012572704, 1.020979614,
2008.033004557, 1.018476454,
2008.053436310, 1.020679235,
2008.073867963, 1.015446661,
2008.094299815, 1.017089816,
2008.114731568, 1.017696448,
2008.135163320, 1.019367904,
2008.155595072, 1.018971179,
2008.176026824, 1.016940032,
2008.196458675, 1.018627903,
2008.257753929, 1.019517383,
2008.278185579, 1.017621990,
2008.298617330, 1.019416363,
2008.319049180, 1.018358809,
2008.339480831, 1.019522593,
2008.359912581, 1.020158810,
2008.380344431, 1.017709095,
2008.400776080, 1.019722805,
2008.421207830, 1.019075031,
2008.441639679, 1.018825109,
2008.523366674, 1.019444299,
2008.543798422, 1.020574031,
2008.564230171, 1.020534783,
2008.584661819, 1.019684380,
2008.605093666, 1.018766636,
2008.625525414, 1.018740184,
2008.645957061, 1.020580523,
2008.666388909, 1.019453926,
2008.686820655, 1.017756698,
2008.707252302, 1.019306787,
2008.727684149, 1.018387160,
2008.748115895, 1.018469058,
2008.768547742, 1.018216162,
2008.788979388, 1.020078833,
2008.809411134, 1.019447509,
2008.829842979, 1.021355074,
2008.850274625, 1.018116591,
2008.870706370, 1.020058761,
2008.891138215, 1.019363098,
2008.911569860, 1.021144413,
2008.932001605, 1.018156021,
2008.952433449, 1.020799256,
2008.972865094, 1.017663337,
2008.993296838, 1.017357256,
2009.013728682, 1.019136359,
2009.034160426, 1.018325251,
2009.054592069, 1.021377523,
2009.075023913, 1.019910050,
2009.095455656, 1.020069836,
2009.115887399, 1.017662666,
2009.136319142, 1.020291495,
2009.156750885, 1.022179850,
2009.177182727, 1.017612410,
2009.238477854, 1.019819156,
2009.258909596, 1.018390310,
2009.279341237, 1.019610824,
2009.299773079, 1.018157784,
2009.320204820, 1.017973021,
2009.340636461, 1.018143583,
2009.361068302, 1.017848920,
2009.381500043, 1.017500708,
2009.401931883, 1.018322129,
2009.422363523, 1.017821431,
2009.442795263, 1.017415648,
2009.463227103, 1.018389210,
2009.483658743, 1.017207614,
2009.504090483, 1.017567519,
2009.524522322, 1.020078607,
2009.544954062, 1.015974611,
2009.565385701, 1.021234164,
2009.585817540, 1.017507431,
2009.606249278, 1.017973594,
2009.626680917, 1.018478420,
2009.647112755, 1.017867299,
2009.667544493, 1.018719879,
2009.687976131, 1.018610672,
2009.708407969, 1.018447658,
2009.728839707, 1.017023230,
2009.749271544, 1.019557864,
2009.769703182, 1.017370008,
2009.790134918, 1.019112509,
2009.810566756, 1.017945490,
2009.830998392, 1.020036018,
2009.851430129, 1.018348798,
2009.871861865, 1.016659983,
2009.892293602, 1.019632285,
2009.912725337, 1.019734541,
2009.974020545, 1.018072536,
2009.994452280, 1.018382802,
2010.014884015, 1.017599952,
2010.035315750, 1.017711081,
2010.055747485, 1.019245621,
2010.076179220, 1.016555292,
2010.096611054, 1.018152573,
2010.117042788, 1.018306426,
2010.137474422, 1.018038032,
2010.157906256, 1.018148745,
2010.178337990, 1.016292947,
2010.198769624, 1.015811003,
2010.219201457, 1.017367385,
2010.239633190, 1.019034860,
2010.260064823, 1.018005895,
2010.280496656, 1.016968251,
2010.300928389, 1.015794352,
2010.321360021, 1.016390428,
2010.341791854, 1.015599349,
2010.362223586, 1.017548479,
2010.382655418, 1.017715903,
2010.403087050, 1.016444578,
2010.464382245, 1.017673049,
2010.484813976, 1.018641692,
2010.505245807, 1.017754646,
2010.525677538, 1.018224045,
2010.546109168, 1.019382215,
2010.566540999, 1.018390296,
2010.586972729, 1.017213240,
2010.607404359, 1.018948920,
2010.627836189, 1.014674962,
2010.648267919, 1.017263157,
2010.668699549, 1.016287465,
2010.689131378, 1.017195201,
2010.729994837, 1.019320312,
2010.750426566, 1.019194400,
2010.770858195, 1.018830628,
2010.791290023, 1.018704969,
2010.811721752, 1.017799304,
2010.832153380, 1.016841944,
2010.873016936, 1.016029994,
2010.893448564, 1.017565156,
2010.913880392, 1.018675771,
2010.934312119, 1.016155517,
2010.954743846, 1.019880382,
2010.975175573, 1.017936453,
2010.995607300, 1.016058514,
2011.016039127, 1.017013033,
2011.036470854, 1.017945693,
2011.056902480, 1.017919219,
2011.097766033, 1.016458003,
2011.118197659, 1.015818160,
2011.138629485, 1.018573171,
2011.179492836, 1.018623551,
2011.199924661, 1.017043176,
2011.220356386, 1.016792643,
2011.240788011, 1.017783684,
2011.261219836, 1.017265118,
2011.281651561, 1.017534536,
2011.302083185, 1.017767296,
2011.322515009, 1.016872828,
2011.342946734, 1.015846885,
2011.363378458, 1.014907282,
2011.383810182, 1.015819623,
2011.445105352, 1.013832689,
2011.465537076, 1.016363181,
2011.485968798, 1.015977468,
2011.506400521, 1.016494852,
2011.526832244, 1.016780873,
2011.547264067, 1.016027286,
2011.567695689, 1.017468441,
2011.588127411, 1.015930000,
2011.608559233, 1.018235307,
2011.628990855, 1.017056878,
2011.649422677, 1.014170457,
2011.669854399, 1.017083300,
2011.690286020, 1.016517810,
2011.710717841, 1.016465309,
2011.731149563, 1.015670927,
2011.751581184, 1.016882050,
2011.772013004, 1.016193068,
2011.792444725, 1.015201278,
2011.812876346, 1.015238713,
2011.833308166, 1.015076372,
2011.853739886, 1.017547544,
2011.874171606, 1.016560473,
2011.894603326, 1.015344139,
2011.915035046, 1.014349135,
2011.935466865, 1.015495774,
2011.955898485, 1.014055609,
2011.976330204, 1.015086875,
2011.996762023, 1.015568179,
2012.017193742, 1.014120876,
2012.037625361, 1.016517457,
2012.058057179, 1.015044418,
2012.078488798, 1.016125200,
2012.098920516, 1.013541249,
2012.119352334, 1.013967470,
2012.139783952, 1.014984956,
2012.160215670, 1.012207066,
2012.180647488, 1.013841040,
2012.201079106, 1.016176079,
2012.221510823, 1.014814547,
2012.241942640, 1.015001955,
2012.262374257, 1.014053009,
2012.282806074, 1.011831130,
2012.303237791, 1.013431960,
2012.323669408, 1.010521364,
2012.344101224, 1.018089261,
2012.364532941, 1.013490017,
2012.425828089, 1.015151062,
2012.446259804, 1.016141256,
2012.466691520, 1.017729629,
2012.487123235, 1.012707003,
2012.507554950, 1.015776706,
2012.527986666, 1.014741657,
2012.548418381, 1.015376041,
2012.568850195, 1.016129876,
2012.589281910, 1.016869645,
2012.609713525, 1.015554028,
2012.630145339, 1.016758510,
2012.650577053, 1.013088168,
2012.671008667, 1.015498783,
2012.691440481, 1.017314307,
2012.711872195, 1.016996679,
2012.732303809, 1.018176484,
2012.752735622, 1.015497448,
2012.773167335, 1.021251967,
2012.793598949, 1.015463257,
2012.814030762, 1.014428128,
2012.834462474, 1.015539978,
2012.854894187, 1.013662924,
2012.916189325, 1.013533643,
2012.936621037, 1.014006211,
2012.957052749, 1.015849634,
2012.977484461, 1.015194417,
2012.997916172, 1.014542993,
2013.018347884, 1.013947058,
2013.038779595, 1.014953302,
2013.059211307, 1.014361963,
2013.079643018, 1.014413107,
2013.100074829, 1.013532219,
2013.120506440, 1.016320270,
2013.140938250, 1.013621370,
2013.161369961, 1.013575366,
2013.181801571, 1.016964976,
2013.202233381, 1.013426994,
2013.222665092, 1.012994006,
2013.243096702, 1.014464125,
2013.263528511, 1.013285280,
2013.283960221, 1.014187470,
2013.304391831, 1.015931368,
2013.324823640, 1.011717414,
2013.345255349, 1.014258000,
2013.365686958, 1.012663739,
2013.386118767, 1.012410417,
2013.406550476, 1.014434556,
2013.426982185, 1.014068975,
2013.447413893, 1.012137817,
2013.467845602, 1.013497288,
2013.488277310, 1.011943085,
2013.508709018, 1.012677874,
2013.529140726, 1.017007034,
2013.549572434, 1.012634243,
2013.570004142, 1.013276740,
2013.590435849, 1.014297961,
2013.610867657, 1.013841044,
2013.631299264, 1.014482602,
2013.651730971, 1.012996122,
2013.672162778, 1.012389132,
2013.692594385, 1.011966656,
2013.713026092, 1.015121462,
2013.733457898, 1.011975817,
2013.753889505, 1.014791640,
2013.774321311, 1.013578675,
2013.794753017, 1.013864486,
2013.815184624, 1.014927822,
2013.835616429, 1.012463101,
2013.896911546, 1.012504970,
2013.917343252, 1.011544100,
2013.937774957, 1.012490818,
2013.958206662, 1.020617483,
2013.978638367, 1.011037399,
2013.999070072, 1.010094097,
2014.019501777, 1.012911043,
2014.039933481, 1.012475539,
2014.060365285, 1.012772606,
2014.080796990, 1.010045581,
2014.101228594, 1.011525258,
2014.121660398, 1.011770957,
2014.142092102, 1.012033762,
2014.162523705, 1.012014945,
2014.182955509, 1.008897675,
2014.203387213, 1.012802723,
2014.223818816, 1.010563581,
2014.244250619, 1.009447719,
2014.264682222, 1.009886265,
2014.285113925, 1.008872083,
2014.305545728, 1.009524003,
2014.325977331, 1.012941832,
2014.346409133, 1.010148474,
2014.366840836, 1.010363048,
2014.387272438, 1.008584103,
2014.407704240, 1.010779076,
2014.428135942, 1.011160941,
2014.448567644, 1.010610934,
2014.468999346, 1.010542907,
2014.489431047, 1.010810299,
2014.509862749, 1.011357220,
2014.530294450, 1.010554609,
2014.550726151, 1.010354910,
2014.571157852, 1.009803289,
2014.591589653, 1.009303497,
2014.612021254, 1.008936236,
2014.632453055, 1.008369935,
2014.652884755, 1.008373976,
2014.673316356, 1.009618056,
2014.693748156, 1.009734658,
2014.714179856, 1.011196584,
2014.734611456, 1.008466802,
2014.755043256, 1.007613271,
2014.775474956, 1.010880090,
2014.795906556, 1.009573984,
2014.816338355, 1.009088183,
2014.877633453, 1.008793107,
2014.898065152, 1.007227636,
2014.918496851, 1.007339077,
2014.938928550, 1.012670751,
2014.959360249, 1.007923135,
2014.979791947, 1.007927350,
2017.860660878, 0.995965309,
2017.881092661, 0.994702938,
2017.901524244, 0.995393387,
2017.921955926, 0.995638516,
2017.962819291, 0.995299557,
2017.983250973, 0.994993394,
2018.003682755, 0.995922943,
2018.024114337, 0.992054664,
2018.044546019, 0.994612927,
2018.064977801, 0.995061815,
2018.085409383, 0.994109247,
2018.105841165, 0.995550240,
2018.126272846, 0.995309755,
2018.146704528, 0.994898007,
2018.167136209, 0.995887691,
2018.187567891, 0.994339999,
2018.207999572, 0.995724811,
2018.228431253, 0.993229343,
2018.248862934, 0.996441854,
2018.269294615, 0.993771663,
2018.289726396, 0.993921868,
2018.330589657, 0.993711700,
2018.351021438, 0.997488490,
2018.371453018, 0.994917225,
2018.391884798, 0.995009667,
2018.412316479, 0.994413695,
2018.432748059, 0.996371454,
2018.453179839, 0.995360048,
2018.473611519, 0.994796547,
2018.494043099, 0.995684377,
2018.514474879, 0.997296929,
2018.534906459, 0.995778576,
2018.555338138, 0.995884277,
2018.575769918, 0.994662976,
2018.596201497, 0.994944736,
2018.616633277, 0.996287544,
2018.637064956, 0.995217160,
2018.657496635, 0.995416635,
2018.677928314, 0.997211131,
2018.698359993, 0.995510252,
2018.718791672, 0.995377881,
2018.739223351, 0.996398806,
2018.800518487, 0.995454690,
2018.820950066, 0.997248667,
2018.841381844, 0.993525012,
2018.861813523, 0.995638273,
2018.882245101, 0.995517507,
2018.902676879, 0.996809155,
2018.923108557, 0.995480931,
2018.943540135, 0.995291880,
2018.963971913, 0.996492319,
2018.984403591, 0.996124966,
2019.004835168, 0.994793512,
2019.025266946, 0.997111903,
2019.045698624, 0.995925169,
2019.066130201, 0.993379984,
2019.086561978, 0.994047705,
2019.106993656, 0.997101513,
2019.127425333, 0.995438020,
2019.147857010, 0.997502636,
2019.168288687, 0.994200681,
2019.188720364, 0.995041405,
2019.209152041, 0.995969376,
2019.229583718, 0.995166461,
2019.250015395, 0.996352803,
2019.270447071, 0.995649018,
2019.290878748, 0.996436882,
2019.311310424, 0.995593658,
2019.331742101, 0.994790767,
2019.352173877, 0.994650531,
2019.372605553, 0.996696315,
2019.393037129, 0.994782055,
2019.413468905, 0.996572706,
2019.433900581, 0.994665437,
2019.454332157, 0.994984456,
2019.474763933, 0.995403230,
2019.495195609, 0.995065823,
2019.515627185, 0.997733354,
2019.536058960, 0.995207378,
2019.556490636, 0.993979367,
2019.576922211, 0.996379957,
2019.597353986, 0.994835756,
2019.617785662, 0.995402125,
2019.638217437, 0.995756526,
2019.658649012, 0.997801815,
2019.679080687, 0.995343708,
2019.699512462, 0.996058328,
2019.719944037, 0.996914280,
2019.781239161, 0.992856249,
2019.801670735, 0.996882037,
2019.822102510, 0.995287993,
2019.842534184, 0.995416511,
2019.862965859, 0.994064142,
2019.883397533, 0.994620573,
2019.903829107, 0.994048832,
2019.924260881, 0.992968447,
2019.944692555, 0.994669696,
2019.965124129, 0.994318394,
2019.985555903, 0.995767550,
2020.005987577, 0.992330700,
2020.026419151, 0.993175000,
2020.046850924, 0.995752425,
2020.067282598, 0.994940968,
2020.087714171, 0.995262528,
2020.108145945, 0.996189886,
2020.128577618, 0.995401938,
2020.149009391, 0.994008497,
2020.169440965, 0.995157017,
2020.189872638, 0.995164972,
2020.210304411, 0.996743350,
2020.230735984, 0.995034589,
2020.251167657, 0.992146126,
2020.271599430, 0.993869145,
2020.292031102, 0.995779341,
2020.312462675, 0.993940965,
2020.332894448, 0.994850146,
2020.353326120, 0.995657484,
2020.373757793, 0.994642099,
2020.394189465, 0.993890903,
2020.414621137, 0.996307240,
2020.435052910, 0.995228234,
2020.455484482, 0.993490990,
2020.475916154, 0.993694323,
2020.496347826, 0.994353863,
2020.516779498, 0.994570006,
2020.537211170, 0.994596295,
2020.557642842, 0.994356246,
2020.578074514, 0.993023621,
2020.598506185, 0.993674449,
2020.618937857, 0.993342623,
2020.639369528, 0.994851229,
2020.659801300, 0.995329303,
2020.680232871, 0.993596628,
2020.700664543, 0.994196501,
2020.721096314, 0.993052386,
2020.741527885, 0.994400733,
2020.761959556, 0.996077265,
2020.782391328, 0.996754362,
2020.802822999, 0.993113679,
2020.823254570, 0.993926194,
2020.843686340, 0.992688403,
2020.864118011, 0.994656614,
2020.884549682, 0.993954089,
2020.904981353, 0.992718519,
2020.925413023, 0.992915629,
2020.945844694, 0.994239718,
2020.966276364, 0.991362402,
2020.986708035, 0.993665956,
2021.007139805, 0.993182005,
2021.027571375, 0.994026100,
2021.048003046, 0.992915143,
2021.068434816, 0.993172594,
2021.088866386, 0.993984746,
2021.109298056, 0.994303417,
2021.129729826, 0.994322507,
2021.150161396, 0.994540142,
2021.170593166, 0.992203345,
2021.191024836, 0.991374951,
2021.211456405, 0.993688045,
2021.231888175, 0.992726195,
2021.252319844, 0.994902626,
2021.272751414, 0.993462291,
2021.293183184, 0.996093933,
2021.313614753, 0.992778733,
2021.334046422, 0.994373919,
2021.354478192, 0.992677755,
2021.374909861, 0.993387767,
2021.395341530, 0.994274338,
2021.415773199, 0.993122665,
2021.436204868, 0.990842344,
2021.456636537, 0.993877724,
2021.477068206, 0.993183842,
2021.497499875, 0.994690973,
2021.517931644, 0.991833801,
2021.538363212, 0.993613606,
2021.558794881, 0.994825756,
2021.579226650, 0.993152046,
2021.599658218, 0.994934908,
2021.620089987, 0.992080858,
2021.640521655, 0.995366378,
2021.660953224, 0.995156194,
2021.681384992, 0.993517738,
2021.722248228, 0.994113648,
2021.742679997, 0.991818417,
2021.763111665, 0.992188041,
2021.783543233, 0.992888890,
2021.803975001, 0.994176365,
2021.824406669, 0.991731167,
2021.844838336, 0.991841341,
2021.865270004, 0.988512362,
2021.885701672, 0.990880358,
2021.906133340, 0.994006258,
2021.926565007, 0.991158566,
2021.946996675, 0.990320624,
2021.967428343, 0.990575388,
2021.987860010, 0.992276938,
2022.008291677, 0.992357331,
2022.028723445, 0.993007268,
2022.049155012, 0.991552209,
2022.069586679, 0.991832287,
2022.090018447, 0.990008731,
2022.110450014, 0.993896317,
2022.130881781, 0.992101725,
2022.151313448, 0.990186811,
2022.171745015, 0.991161601,
2022.192176782, 0.992292793,
2022.212608449, 0.990366641,
2022.233040015, 0.992543765,
2022.253471782, 0.991117691,
2022.273903449, 0.989449953,
2022.294335016, 0.991084620,
2022.314766782, 0.989443252,
2022.335198449, 0.990394133,
2022.355630215, 0.992707461,
2022.376061782, 0.990076647,
2022.396493448, 0.990477014,
2022.416925215, 0.990463038,
2022.478220213, 0.990227595,
2022.498651880, 0.989640402,
2022.519083446, 0.989738357,
2022.539515212, 0.991442495,
2022.559946878, 0.992329620,
2022.580378444, 0.990274000,
2022.600810210, 0.990963962,
2022.621241875, 0.991687234,
2022.641673541, 0.990700352,
2022.662105207, 0.991432223,
2022.682536773, 0.989605556,
2022.702968539, 0.990250582,
2022.723400204, 0.990349071,
2022.743831770, 0.990000282,
2022.764263535, 0.990844454,
2022.784695201, 0.989785520,
2022.805126766, 0.993014124,
2022.825558532, 0.988414062,
2022.845990197, 0.988998394,
2022.866421962, 0.990818016,
2022.886853527, 0.989815789,
2022.907285193, 0.988222343,
2022.927716958, 0.989035857,
2022.948148523, 0.990277633,
2022.968580188, 0.991000137,
2022.989011953, 0.988832032,
2023.009443618, 0.988199923,
2023.029875183, 0.987839703,
2023.050306948, 0.987622371,
2023.070738613, 0.988083527,
2023.091170277, 0.989698764,
2023.111601942, 0.988526478,
2023.132033607, 0.984905606,
2023.152465372, 0.989684785,
2023.193328601, 0.988757141,
2023.213760365, 0.990844773,
2023.234191930, 0.990204611,
2023.254623594, 0.988784397,
2023.275055359, 0.989365869,
2023.295486923, 0.991819791,
2023.315918588, 0.988256376,
2023.336350352, 0.991272541,
2023.356781916, 0.989157015,
2023.377213680, 0.988961034,
2023.397645244, 0.989570227,
2023.438508673, 0.990109614,
2023.458940237, 0.989874473,
2023.479371901, 0.989694304,
2023.499803665, 0.987705814,
2023.520235329, 0.989702288,
2023.540666893, 0.988323164,
2023.561098657, 0.990233973,
2023.581530320, 0.990220926,
2023.601961984, 0.988187101,
2023.622393648, 0.989810042,
2023.642825312, 0.989650115,
2023.724552066, 0.988766754,
2023.744983630, 0.985351108,
2023.765415293, 0.986752190,
2023.785847056, 0.989403312,
2023.806278620, 0.988645121,
2023.826710383, 0.987183378,
2023.847142046, 0.987580642,
2023.867573610, 0.988151695,
2023.888005373, 0.988388743,
2023.908437036, 0.985778529,
2023.928868599, 0.985260331,
2023.949300363, 0.986065393,
2023.969732026, 0.985045641,
2023.990163689, 0.989034995,
2024.010595352, 0.985153184,
2024.031027015, 0.985810255,
2024.051458678, 0.988022539,
2024.071890341, 0.989220386,
2024.092322004, 0.986664645,
2024.112753666, 0.987688331,
2024.133185329, 0.985701419,
2024.174048655, 0.985609198,
2024.194480318, 0.987563809,
2024.214911980, 0.984886473,
2024.235343743, 0.985245468,
2024.255775306, 0.986138374,
2024.276207068, 0.985821037,
2024.296638731, 0.988378680,
2024.317070293, 0.987452638,
2024.337502056, 0.986617858,
2024.357933718, 0.985647352,
2024.378365281, 0.984547767,
2024.419228705, 0.985388971,
2024.439660268, 0.986893500,
2024.460092030, 0.986155578,
2024.480523692, 0.985552030,
2024.500955455, 0.985609989,
2024.521387017, 0.986415481,
2024.541818679, 0.986431029,
2024.562250441, 0.984624925,
2024.582682003, 0.985370304,
2024.603113666, 0.988980516,
2024.623545428, 0.985674492,
2024.664408652, 0.984947729,
2024.684840414, 0.983886362,
2024.705272076, 0.986112809,
2024.725703738, 0.984522985,
2024.746135400, 0.984321353,
2024.766566961, 0.987076195,
2024.786998723, 0.985879836,
2024.807430385, 0.983368754,
2024.827861947, 0.985932708,
2024.848293709, 0.987031663,
2024.868725371, 0.983944024,
2024.909588694, 0.983879285,
2024.930020356, 0.985689266,
2024.950452117, 0.983854499,
2024.970883679, 0.984799519,
2024.991315341, 0.984803364,
2025.011747102, 0.984782344,
2025.032178664, 0.982474889,
2025.052610325, 0.980108130,
2025.073042087, 0.985680766,
2025.093473648, 0.982934411,
2025.113905310, 0.982216001,
2025.154768733, 0.984100871,
2025.175200394, 0.985595964,
2025.195632055, 0.988293185,
2025.216063717, 0.984026678,
2025.236495378, 0.982210504,
2025.256927039, 0.983693572,
2025.277358701, 0.982270487,
2025.297790462, 0.982255348,
2025.318222023, 0.985049537,
2025.338653684, 0.985488956,
2025.359085446, 0.982849801,
2025.399948768, 0.984897551,
2025.420380329, 0.981536987,
2025.440811990, 0.986051688,
2025.461243751, 0.985082287,
2025.481675312, 0.983841214,
2025.502106973, 0.984121525,
2025.522538735, 0.986212886,
2025.542970296, 0.987942491,
2025.563401957, 0.978513712,
2025.583833718, 0.980315415,
2025.604265278, 0.988911361,
2025.685992022, 0.983942997,
2025.706423683, 0.982815399,
2025.726855344, 0.981730235,
2025.747287005, 0.979572703,
2025.767718666, 0.984173649,
2025.808581987, 0.984884727,
2025.829013648, 0.985325484,
2025.849445409, 0.984603013,
2025.890308630, 0.981369456,
2025.910740391, 0.981533595,
2025.931172052, 0.979488592,
2025.951603612, 0.979120397,
2025.972035373, 0.983038146,
2025.992467034, 0.982061377,
2026.012898594, 0.983807953,
2026.033330355, 0.981402789,
2026.053762015, 0.982396493,
2026.074193676, 0.982323318,
2026.094625337, 0.983125210,
2026.155920318, 0.978876481,
2026.176351879, 0.980413334,
2026.196783639, 0.979076985,
2026.217215300, 0.980974877,
2026.237646960, 0.980137273,
2026.258078621, 0.983251606,
2026.278510281, 0.980490427,
2026.298942042, 0.979872790,
2026.319373602, 0.981737314,
2026.339805263, 0.982706201,
2026.401100244, 0.979794469,
2026.421532004, 0.981565350,
2026.441963665, 0.979988214,
2026.462395225, 0.981246658,
2026.482826985, 0.980157823,
2026.503258646, 0.980709803,
2026.523690406, 0.982103287,
2026.544121966, 0.979801679,
2026.564553627, 0.980267208,
2026.584985387, 0.981979813,
2026.605416947, 0.981890647,
2026.625848608, 0.979519202,
2026.646280368, 0.981912274,
2026.666711928, 0.982632952,
2026.687143589, 0.979004968,
2026.707575349, 0.980711146,
2026.728006909, 0.978823537,
2026.748438669, 0.979399839,
2026.768870330, 0.980396810,
2026.789301890, 0.981412595,
2026.809733650, 0.980217817,
2026.830165210, 0.980195812,
2026.871028631, 0.979786362,
2026.891460191, 0.979650575,
2026.911891851, 0.979068582,
2026.932323611, 0.980204054,
2026.952755272, 0.977412992,
2026.973186932, 0.978451183,
2026.993618592, 0.979734779,
2027.014050252, 0.979519221,
2027.034482012, 0.968210107,
2027.054913572, 0.984840097,
2027.075345233, 0.981587974,
2027.116208553, 0.978998529,
2027.136640213, 0.978529432,
2027.157071973, 0.980174160,
2027.177503533, 0.975891043,
2027.197935294, 0.981162115,
2027.218366954, 0.979546160,
2027.238798514, 0.977091778,
2027.259230274, 0.981561652,
2027.279661934, 0.982619214,
2027.300093494, 0.980800627,
2027.320525255, 0.981471669,
2027.381820235, 0.979292125,
2027.402251895, 0.980488719,
2027.422683655, 0.977310374,
2027.443115215, 0.980459053,
2027.463546876, 0.978305514,
2027.483978536, 0.979398701,
2027.504410296, 0.978789436,
2027.524841856, 0.979092050,
2027.545273616, 0.980637846,
2027.565705176, 0.979425309,
2027.627000157, 0.979650898,
2027.647431917, 0.977892724,
2027.667863577, 0.978780688,
2027.688295137, 0.979247907,
2027.708726897, 0.978421584,
2027.729158557, 0.978850857,
2027.749590118, 0.977011958,
2027.770021878, 0.977772325,
2027.790453538, 0.979528203,
2027.810885298, 0.979607835,
2027.872180279, 0.975911909,
2027.892611839, 0.977560156,
2027.913043499, 0.977477152,
2027.933475259, 0.975191635,
2027.953906820, 0.973012800,
2027.974338480, 0.977651807,
2027.994770240, 0.976834498,
2028.015201900, 0.978226339,
2028.035633561, 0.977672458,
2028.056065221, 0.976285143,
2028.076496881, 0.976144945,
2028.096928541, 0.977022626,
2028.178655182, 0.976578207,
2028.199086843, 0.976792698,
2028.219518503, 0.973218241,
2028.239950163, 0.977342097,
2028.260381924, 0.978218755,
2028.280813484, 0.976405125,
2028.301245144, 0.977757014,
2028.342108465, 0.974558439,
2028.362540125, 0.977180394,
2028.382971886, 0.975009846,
2028.403403446, 0.976391063,
2028.423835206, 0.977095251,
2028.444266867, 0.974908053,
2028.464698427, 0.975590348,
2028.485130188, 0.974207100,
2028.505561848, 0.972603892,
2028.525993409, 0.974674159,
2028.546425169, 0.974250437,
2028.607720151, 0.976398805,
2028.628151811, 0.975390919,
2028.648583571, 0.974246201,
2028.669015132, 0.972452530,
2028.689446793, 0.975095789,
2028.709878553, 0.977160536,
2028.750741774, 0.975515097,
2028.771173535, 0.972301584,
2028.791605195, 0.974475066,
2028.852900177, 0.971219321,
2028.873331838, 0.973025620,
2028.893763499, 0.972309027,
2028.914195059, 0.972112010,
2028.934626820, 0.971498351,
2028.955058481, 0.971934339,
2028.975490042, 0.973502661,
2028.995921802, 0.974694982,
2029.016353463, 0.973431295,
2029.036785024, 0.973068423,
2029.057216785, 0.973348334,
2029.077648446, 0.974165504,
2029.098080206, 0.973229254,
2029.118511767, 0.971992506,
2029.138943428, 0.971604089,
2029.159375189, 0.972805630,
2029.179806750, 0.972226907,
2029.200238411, 0.970028909,
2029.220670172, 0.972443836,
2029.241101833, 0.973329705,
2029.261533494, 0.971874908,
2029.281965155, 0.974819834,
2029.343260138, 0.972571632,
2029.363691799, 0.972798064,
2029.384123560, 0.971607590,
2029.404555121, 0.972080440,
2029.424986782, 0.972089752,
2029.445418543, 0.973105018,
2029.465850105, 0.973233799,
2029.486281866, 0.972114922,
2029.506713527, 0.973450363,
2029.527145088, 0.973453303,
2029.588440072, 0.971469869,
2029.608871833, 0.971329516,
2029.629303395, 0.973368697,
2029.649735056, 0.970703983,
2029.670166818, 0.972318221,
2029.690598379, 0.969477454,
2029.711030140, 0.973174034,
2029.731461802, 0.970944541,
2029.751893463, 0.973970377,
2029.772325125, 0.972452300,
2029.833620110, 0.970038460,
2029.854051771, 0.971896246,
2029.874483533, 0.969546631,
2029.894915195, 0.969929975,
2029.915346756, 0.970687258,
2029.935778518, 0.969205050,
2029.956210180, 0.971144398,
2029.976641741, 0.969552083,
2029.997073503, 0.970307253,
2030.017505165, 0.969147869,
2030.058368489, 0.969291107,
2030.078800151, 0.966421204,
2030.099231913, 0.971113002,
2030.119663474, 0.969677010,
2030.140095136, 0.969051420,
2030.160526898, 0.969254341,
2030.180958460, 0.970251189,
2030.201390123, 0.968232895,
2030.221821785, 0.969459082,
2030.242253447, 0.970248838,
2030.262685109, 0.968002518,
2030.283116771, 0.968759728,
2030.303548433, 0.971105438,
2030.323980195, 0.968801286,
2030.344411758, 0.968871667,
2030.364843420, 0.970576386,
2030.385275182, 0.967285083,
2030.405706845, 0.968171184,
2030.426138407, 0.970984518,
2030.446570169, 0.971315050,
2030.467001832, 0.968618079,
2030.487433494, 0.966736473,
2030.507865157, 0.970532917,
2030.548728482, 0.970237190,
2030.569160145, 0.968706898,
2030.589591807, 0.968703675,
2030.610023570, 0.969784949,
2030.630455133, 0.969030294,
2030.650886795, 0.966272943,
2030.671318558, 0.967851452,
2030.691750121, 0.969916965,
2030.712181884, 0.969352686,
2030.732613547, 0.968807208,
2030.753045109, 0.971120868,
2030.793908535, 0.966785422,
2030.814340098, 0.967874984,
2030.834771861, 0.969906809,
2030.855203524, 0.967283346,
2030.875635188, 0.966358713,
2030.896066851, 0.975143228,
2030.916498514, 0.967598477,
2030.936930177, 0.969529848,
2030.957361840, 0.962186658,
2030.977793504, 0.969120378,
2030.998225167, 0.969233835,
2031.059520257, 0.967555069,
2031.079951821, 0.967116762,
2031.100383584, 0.966699084,
2031.120815248, 0.967448601,
2031.141246811, 0.964640518,
2031.161678575, 0.967343060,
2031.182110238, 0.966911175,
2031.202541802, 0.968031197,
2031.222973566, 0.966917399,
2031.243405230, 0.966791437,
2031.284268557, 0.967366626,
2031.304700221, 0.967456443,
2031.325131985, 0.968308843,
2031.345563549, 0.967961662,
2031.365995213, 0.969251506,
2031.386426977, 0.965144979,
2031.406858541, 0.968476372,
2031.427290205, 0.965220816,
2031.447721969, 0.968084236,
2031.468153534, 0.966750998,
2031.488585298, 0.967196611,
2031.549880291, 0.966337039,
2031.570311955, 0.965224259,
2031.590743520, 0.965746307,
2031.611175284, 0.965271102,
2031.631606949, 0.966845000,
2031.652038513, 0.964138551,
2031.672470278, 0.964635103,
2031.692901943, 0.964477603,
2031.713333607, 0.966719693,
2031.733765272, 0.966215635,
2031.795060267, 0.966429040,
2031.815491931, 0.965212436,
2031.835923696, 0.964694466,
2031.856355261, 0.965218011,
2031.876787026, 0.965461975,
2031.897218692, 0.964869627,
2031.917650257, 0.967640523,
2031.938082022, 0.964528396,
2031.958513687, 0.964087919,
2031.978945252, 0.963824956,
2032.019808683, 0.965426764,
2032.040240349, 0.964338073,
2032.060672014, 0.964849257,
2032.081103680, 0.964249190,
2032.101535445, 0.962624876,
2032.121967011, 0.964677768,
2032.142398676, 0.963789542,
2032.162830442, 0.965089472,
2032.183262008, 0.963802553,
2032.203693674, 0.963960593,
2032.224125440, 0.966369870,
2032.285420437, 0.962119654,
2032.305852004, 0.964856641,
2032.326283770, 0.964439115,
2032.346715436, 0.963682964,
2032.367147002, 0.965391967,
2032.387578768, 0.965474162,
2032.408010435, 0.963210617,
2032.428442001, 0.965482174,
2032.448873767, 0.964668809,
2032.469305434, 0.965712068,
2032.489737200, 0.963745935,
2032.510168767, 0.965512390,
2032.530600433, 0.963319883,
2032.551032200, 0.965906038,
2032.571463767, 0.962866998,
2032.591895434, 0.964982136,
2032.612327200, 0.965255989,
2032.632758767, 0.964628806,
2032.653190534, 0.965695571,
2032.673622201, 0.967727781,
2032.694053768, 0.960231732,
2032.714485535, 0.961722389,
2032.755348870, 0.966544592,
2032.775780537, 0.961874367,
2032.796212204, 0.965766621,
2032.816643872, 0.963603279,
2032.837075539, 0.963659903,
2032.857507206, 0.965138984,
2032.877938874, 0.962582904,
2032.898370642, 0.963125190,
2032.918802209, 0.966831821,
2032.939233977, 0.960488939,
2032.959665545, 0.963059128,
2033.000528980, 0.965122625,
2033.020960548, 0.965440791,
2033.041392316, 0.964968576,
2033.061823984, 0.966710496,
2033.082255552, 0.966124521,
2033.102687320, 0.963558636,
2033.123118989, 0.965019420,
2033.143550557, 0.962902317,
2033.163982325, 0.962687454,
2033.184413994, 0.961230368,
2033.204845562, 0.962929951,
2033.245708999, 0.964577816,
2033.266140768, 0.965220390,
2033.286572336, 0.963836062,
2033.307004005, 0.964926358,
2033.327435774, 0.962940073,
2033.347867343, 0.964724552,
2033.368299012, 0.963800966,
2033.388730780, 0.963714345,
2033.409162450, 0.962450576,
2033.429594119, 0.962345265,
2033.450025788, 0.962716789,
2033.511320796, 0.965439680,
2033.531752465, 0.965249216,
2033.552184234, 0.965705377,
2033.572615804, 0.965456162,
2033.593047574, 0.964329572,
2033.613479143, 0.964522650,
2033.633910813, 0.963405166,
2033.654342583, 0.965026947,
2033.674774152, 0.964372348,
2033.695205822, 0.962905816,
2033.736069162, 0.964010119,
2033.756500832, 0.964875650,
2033.776932603, 0.964096370,
2033.797364173, 0.963725704,
2033.817795943, 0.964094969,
2033.838227613, 0.963111304,
2033.858659184, 0.967095128,
2033.879090954, 0.963557332,
2033.899522625, 0.964654177,
2033.919954295, 0.963012571,
2033.940385966, 0.964319290,
2033.981249408, 0.963008367,
2034.001680979, 0.965588085,
2034.022112649, 0.963596165,
2034.042544420, 0.964976302,
2034.062976092, 0.963934398,
2034.083407663, 0.964027947,
2034.103839434, 0.968242063,
2034.124271105, 0.960154503,
2034.144702677, 0.960850448,
2034.165134448, 0.965195219,
2034.185566119, 0.965189204,
2034.246861134, 0.964167233,
2034.267292806, 0.963389543,
2034.287724478, 0.963343466,
2034.308156150, 0.964274449,
2034.328587822, 0.964652740,
2034.349019494, 0.962814373,
2034.369451266, 0.961713724,
2034.389882838, 0.964583513,
2034.410314510, 0.965445556,
2034.430746283, 0.965568683,
2034.471609527, 0.964223911,
2034.492041300, 0.965662295,
2034.512472872, 0.964710915,
2034.532904545, 0.963575982,
2034.553336318, 0.963248882,
2034.573767891, 0.963201252,
2034.594199664, 0.965613407,
2034.614631337, 0.962246375,
2034.635063010, 0.962858104,
2034.655494683, 0.963670878,
2034.675926356, 0.963580938,
2034.737221376, 0.962279046,
2034.757653149, 0.963383413,
2034.778084823, 0.963338781,
2034.798516396, 0.963619910,
2034.818948170, 0.962869931,
2034.839379844, 0.965775189,
2034.859811418, 0.963949671,
2034.880243192, 0.964284098,
2034.900674866, 0.964220698,
2034.921106440, 0.962565871,
2034.982401562, 0.964268236,
2035.002833237, 0.963463336,
2035.023264811, 0.965150108,
2035.043696586, 0.965760679,
2035.064128260, 0.964326996,
2035.084559835, 0.965458240,
2035.104991610, 0.965837939,
2035.125423285, 0.964966583,
2035.145855060, 0.964235922,
2035.166286635, 0.966806651,
2035.207150085, 0.961740201,
2035.227581660, 0.964379544,
2035.268445111, 0.964539796,
2035.288876786, 0.965665985,
2035.309308462, 0.965279335,
2035.329740138, 0.964308350,
2035.350171813, 0.965896190,
2035.370603489, 0.966276494,
2035.391035165, 0.974451758,
2035.411466841, 0.965916694,
2035.472761869, 0.964703317,
2035.493193645, 0.964472801,
2035.513625222, 0.965345309,
2035.534056998, 0.964652121,
2035.554488675, 0.964474320,
2035.574920251, 0.963601355,
2035.595352028, 0.964899568,
2035.615783705, 0.962831595,
2035.636215282, 0.963424316,
2035.656647059, 0.963736214,
2035.717942090, 0.965784173,
2035.738373667, 0.963431566,
2035.758805445, 0.962058236,
2035.779237122, 0.964916369,
2035.799668800, 0.964366957,
2035.820100477, 0.963767159,
2035.840532155, 0.966510628,
2035.860963933, 0.961274875,
2035.881395511, 0.965859884,
2035.901827188, 0.963170440,
2035.963122223, 0.965435895,
2035.983554001, 0.962807781,
2036.003985680, 0.964107111,
2036.024417258, 0.962008456,
2036.044849037, 0.964157559,
2036.065280715, 0.968376871,
2036.085712494, 0.962884788,
2036.106144073, 0.963061280,
2036.126575752, 0.963556001,
2036.147007531, 0.962366316,
2036.187870789, 0.966370156,
2036.228734148, 0.963295739,
2036.249165927, 0.963644307,
2036.269597506, 0.961979120,
2036.290029186, 0.965177642,
2036.310460966, 0.964122458,
2036.330892646, 0.961319545,
2036.351324225, 0.963567877,
2036.371756005, 0.965946697,
2036.392187586, 0.963107991,
2036.453482626, 0.965159954,
2036.473914407, 0.964762329,
2036.494346087, 0.961832588,
2036.514777768, 0.962795954,
2036.535209449, 0.964030123,
2036.555641129, 0.966081477,
2036.576072810, 0.962762679,
2036.596504591, 0.962160402,
2036.616936172, 0.963574759,
2036.637367953, 0.965325180,
2036.698662998, 0.963716566,
2036.719094679, 0.965054762,
2036.739526261, 0.964644452,
2036.759958042, 0.966429655,
2036.780389724, 0.963618580,
2036.800821506, 0.963889387,
2036.821253088, 0.965699074,
2036.841684770, 0.964793483,
2036.862116553, 0.964623509,
2036.882548135, 0.963829127,
2036.943843182, 0.963761360,
2036.964274865, 0.962990968,
2036.984706648, 0.963622844,
2037.005138231, 0.966470754,
2037.025570014, 0.964620627,
2037.046001597, 0.966398896,
2037.066433280, 0.963530205,
2037.086865063, 0.964774489,
2037.127728330, 0.966023582,
2037.189023481, 0.964801089,
2037.209455165, 0.964807762,
2037.229886849, 0.966450294,
2037.250318533, 0.963841030,
2037.270750217, 0.964613126,
2037.291181901, 0.969558566,
2037.311613686, 0.968669852,
2037.332045270, 0.966506645,
2037.352477055, 0.966722130,
2037.372908739, 0.966982762,
2037.434203794, 0.963261975,
2037.454635379, 0.966471790,
2037.475067164, 0.966604517,
2037.495498849, 0.969251433,
2037.515930435, 0.962819828,
2037.536362220, 0.962097708,
2037.556793906, 0.964279575,
2037.577225691, 0.966352003,
2037.597657277, 0.966122685,
2037.618088963, 0.964609248,
2037.679384021, 0.964840751,
2037.699815708, 0.963827356,
2037.720247394, 0.962721740,
2037.740679180, 0.964361581,
2037.761110767, 0.963478509,
2037.781542454, 0.967556267,
2037.801974241, 0.965130685,
2037.822405927, 0.962128832,
2037.842837514, 0.965369728,
2037.863269302, 0.965334563,
2037.904132676, 0.964581068,
2037.924564364, 0.966718684,
2037.944996051, 0.963860102,
2037.965427839, 0.966304127,
2038.006291114, 0.966846718,
2038.026722902, 0.962091576,
2038.047154491, 0.963443709,
2038.067586179, 0.964726010,
2038.088017967, 0.965806765,
2038.108449555, 0.963781396,
2038.169744621, 0.962542735,
2038.190176410, 0.965948496,
2038.210608099, 0.964552718,
2038.231039688, 0.965351908,
2038.251471477, 0.963817999,
2038.271903167, 0.964229254,
2038.292334856, 0.963395824,
2038.312766545, 0.963903842,
2038.333198235, 0.964240980,
2038.353629925, 0.964802343,
2038.374061615, 0.965341258,
2038.394493304, 0.962366557,
2038.414924995, 0.967208541,
2038.435356685, 0.965286812,
2038.455788475, 0.965848041,
2038.476220165, 0.966658388,
2038.496651756, 0.963862150,
2038.517083546, 0.964752369,
2038.537515237, 0.963765668,
2038.557946828, 0.962976244,
2038.578378619, 0.964257898,
2038.660105384, 0.964347044,
2038.680537175, 0.965759267,
2038.700968767, 0.964370119,
2038.721400459, 0.965769328,
2038.741832250, 0.967012237,
2038.762263842, 0.964508229,
2038.782695535, 0.963067353,
2038.803127327, 0.959538875,
2038.823558919, 0.964697128,
2038.843990711, 0.962894742,
2038.884853997, 0.964240670,
2038.905285789, 0.962809730,
2038.925717482, 0.964100870,
2038.946149175, 0.966159777,
2038.966580868, 0.966625063,
2038.987012562, 0.965860524,
2039.007444255, 0.960796912,
2039.027875948, 0.963830595,
2039.048307642, 0.964376844,
2039.068739336, 0.965284093,
2039.089171030, 0.963451964,
2039.130034518, 0.965286831,
2039.150466112, 0.964754865,
2039.170897806, 0.967735273,
2039.191329600, 0.967886009,
2039.211761195, 0.961850290,
2039.232192990, 0.965436209,
2039.252624684, 0.963593338,
2039.273056279, 0.966834887,
2039.293488074, 0.964175086,
2039.313919769, 0.965702279,
2039.334351365, 0.977921203,
2039.416078247, 0.964568491,
2039.436509943, 0.963545650,
2039.456941739, 0.963753304,
2039.477373335, 0.964907259,
2039.497805031, 0.963680404,
2039.518236827, 0.964319106,
2039.538668424, 0.963507526,
2039.559100120, 0.965051949,
2039.579531917, 0.964803472,
2039.599963614, 0.962822290,
2039.620395311, 0.961985435,
2039.640827008, 0.964693576,
2039.661258605, 0.962960420,
2039.681690402, 0.966219404,
2039.702122100, 0.963622218,
2039.722553697, 0.958814553,
2039.742985495, 0.962050657,
2039.763417193, 0.966813894,
2039.783848991, 0.966298091,
2039.804280589, 0.964601202,
2039.824712287, 0.964313306,
2039.886007382, 0.966586533,
2039.906439181, 0.964797784,
2039.926870780, 0.965454770,
2039.947302479, 0.963949395,
2039.967734278, 0.964613947,
2039.988165877, 0.964184446,
2040.008597676, 0.965135581,
2040.029029376, 0.962892334,
2040.049460975, 0.964225350,
2040.069892775, 0.965195589,
2040.110756075, 0.965058860,
2040.131187875, 0.964422324,
2040.151619575, 0.965295716,
2040.172051375, 0.965307101,
2040.192482976, 0.963420449,
2040.212914676, 0.965321574,
2040.233346477, 0.963650561,
2040.253778178, 0.964447136,
2040.274209779, 0.967885304,
2040.294641580, 0.967251114,
2040.315073281, 0.966478059,
2040.376368386, 0.964318571,
2040.396800088, 0.965686039,
2040.417231790, 0.962685995,
2040.437663392, 0.965850781,
2040.458095194, 0.965694926,
2040.478526896, 0.962914184,
2040.519390301, 0.964961595,
2040.539822004, 0.964706317,
2040.560253806, 0.963837624,
2040.601117113, 0.962249062,
2040.621548916, 0.965946520,
2040.641980519, 0.964392998,
2040.662412223, 0.965390283,
2040.682844026, 0.965747351,
2040.703275630, 0.964038539,
2040.723707434, 0.965155063,
2040.744139138, 0.963675944,
2040.764570842, 0.958949154,
2040.785002546, 0.964143612,
2040.846297660, 0.965183755,
2040.866729365, 0.960650360,
2040.887161170, 0.964236544,
2040.907592775, 0.963230136,
2040.928024480, 0.963188362,
2040.948456285, 0.961218795,
2040.968887991, 0.966084859,
2040.989319597, 0.965843862,
2041.009751402, 0.974707698,
2041.030183008, 0.963844047,
2041.050614714, 0.965115050,
2041.091478127, 0.964330331,
2041.111909933, 0.965676959,
2041.132341640, 0.962748620,
2041.152773247, 0.961958547,
2041.173205053, 0.964433085,
2041.193636761, 0.966250500,
2041.214068368, 0.964281515,
2041.234500175, 0.965275263,
2041.254931882, 0.967573883,
2041.275363690, 0.960609812,
2041.295795298, 0.967704158,
2041.377522130, 0.962183160,
2041.397953938, 0.963688243,
2041.418385547, 0.964131920,
2041.438817256, 0.965510485,
2041.459249064, 0.962257454,
2041.479680773, 0.964295567,
2041.500112482, 0.959586951,
2041.520544192, 0.962227808,
2041.540975901, 0.963871606,
2041.561407611, 0.963770813,
2041.581839320, 0.960561950,
2041.602271030, 0.964927354,
2041.622702840, 0.962839610,
2041.643134450, 0.961562741,
2041.663566261, 0.964673099,
2041.683997871, 0.964380296,
2041.704429582, 0.962948429,
2041.745293003, 0.964219402,
2041.765724714, 0.962770480,
2041.786156525, 0.962023454,
2041.827019948, 0.962622830,
2041.847451659, 0.962310301,
2041.867883271, 0.962923646,
2041.888315083, 0.964099214,
2041.908746795, 0.961551498,
2041.929178407, 0.966434748,
2041.949610219, 0.959589726,
2041.970041932, 0.963208471,
2041.990473644, 0.963801684,
2042.010905357, 0.966138575,
2042.031337070, 0.963804783,
2042.092632209, 0.963632076,
2042.113064023, 0.962561531,
2042.133495737, 0.961414649,
2042.153927350, 0.961812680,
2042.174359164, 0.962411179,
2042.194790878, 0.960725756,
2042.235654307, 0.964471470,
2042.256086021, 0.964578158,
2042.276517836, 0.959182233,
2042.337812881, 0.960765748,
2042.358244596, 0.961350270,
2042.378676411, 0.963261297,
2042.399108027, 0.962579791,
2042.419539743, 0.962225575,
2042.460403174, 0.961950838,
2042.480834891, 0.963142171,
2042.501266707, 0.962527341,
2042.521698323, 0.964026299,
2042.542130040, 0.961734468,
2042.562561857, 0.959964629,
2042.582993474, 0.961031830,
2042.603425291, 0.963818932,
2042.623857008, 0.962693347,
2042.644288725, 0.961213007,
2042.664720443, 0.963178238,
2042.685152161, 0.962138281,
2042.705583878, 0.959159702,
2042.726015596, 0.959427327,
2042.746447314, 0.962989560,
2042.766879133, 0.962828670,
2042.828174289, 0.963560654,
2042.848606007, 0.961579131,
2042.869037627, 0.962385988,
2042.889469446, 0.960576658,
2042.909901165, 0.964506521,
2042.930332885, 0.961588168,
2042.950764604, 0.962278623,
2042.971196324, 0.963176034,
2042.991628044, 0.964234818,
2043.012059764, 0.963064861,
2043.073354926, 0.961850930,
2043.093786547, 0.961257341,
2043.114218367, 0.963884577,
2043.134650089, 0.961911066,
2043.155081910, 0.960927015,
2043.175513531, 0.961565144,
2043.195945253, 0.962438261,
2043.216377075, 0.961268133,
2043.236808696, 0.959951424,
2043.257240419, 0.962060567,
2043.318535686, 0.961014962,
2043.338967408, 0.964557476,
2043.359399131, 0.963182957,
2043.379830854, 0.961507771,
2043.400262577, 0.963421512,
2043.420694301, 0.959838675,
2043.441126124, 0.962940335,
2043.461557748, 0.960691581,
2043.481989572, 0.960984986,
2043.502421296, 0.963563978,
2043.543284744, 0.960114690,
2043.563716469, 0.958473793,
2043.584148093, 0.961616308,
2043.604579918, 0.960102026,
2043.625011643, 0.958621356,
2043.645443468, 0.955748837,
2043.665875093, 0.961346913,
2043.686306819, 0.962066787,
2043.706738544, 0.955919052,
2043.727170270, 0.957878480,
2043.747601896, 0.963492034,
2043.788465448, 0.960139142,
2043.808897075, 0.959261697,
2043.829328901, 0.961789932,
2043.849760628, 0.960472034,
2043.870192455, 0.961972291,
2043.890624082, 0.962899910,
2043.911055809, 0.959327375,
2043.931487637, 0.963093757,
2043.951919264, 0.960346187,
2043.972350992, 0.959370447,
2043.992782820, 0.960086232,
2044.033646276, 0.959869094,
2044.054078005, 0.959130004,
2044.074509733, 0.962589870,
2044.094941462, 0.960217565,
2044.115373191, 0.961215204,
2044.156236749, 0.962027353,
2044.176668379, 0.961529037,
2044.197100208, 0.959657714,
2044.217531938, 0.959810090,
2044.237963568, 0.964497138,
2044.299258759, 0.958790506,
2044.319690589, 0.959816271,
2044.340122320, 0.961052864,
2044.360553951, 0.960505743,
2044.380985782, 0.958995830,
2044.401417413, 0.961739379,
2044.421849245, 0.962092706,
2044.442280976, 0.961302388,
2044.462712608, 0.960272988,
2044.483144440, 0.960531493,
2044.544439637, 0.963004167,
2044.585303202, 0.960739201,
2044.605734835, 0.961549150,
2044.626166569, 0.961682360,
2044.646598402, 0.961621213,
2044.667030135, 0.960641634,
2044.687461769, 0.961408181,
2044.707893603, 0.960823039,
2044.728325337, 0.960932204,
2044.748757071, 0.959834265,
2044.769188806, 0.959411149,
2044.789620540, 0.959317653,
2044.810052375, 0.959254327,
2044.830484010, 0.959995829,
2044.850915745, 0.958342766,
2044.871347580, 0.958632342,
2044.891779216, 0.960093910,
2044.912210951, 0.956470865,
2044.932642787, 0.958617223,
2044.973506259, 0.962284869,
2045.034801468, 0.959652903,
2045.055233205, 0.959971699,
2045.075664842, 0.959687626,
2045.096096679, 0.961226355,
2045.116528317, 0.959572918,
2045.136960154, 0.958985255,
2045.157391892, 0.957214996,
2045.177823530, 0.959667272,
2045.198255368, 0.960832790,
2045.218687106, 0.955644679,
2045.279982322, 0.958026447,
2045.300414161, 0.948129746,
2045.320845900, 0.958808342,
2045.341277540, 0.960324747,
2045.361709379, 0.962835614,
2045.382141119, 0.959191103,
2045.402572759, 0.962099353,
2045.423004599, 0.959928685,
2045.443436339, 0.959645316,
2045.463867979, 0.961653439,
2045.525163401, 0.959951442,
2045.545595043, 0.960781459,
2045.566026784, 0.959708656,
2045.586458625, 0.959515361,
2045.606890267, 0.956993422,
2045.627322009, 0.959129935,
2045.647753851, 0.957242145,
2045.668185493, 0.961217011,
2045.688617336, 0.960001531,
2045.709049078, 0.958495561,
2045.729480721, 0.957960289,
2045.749912564, 0.959196102,
2045.770344207, 0.959702881,
2045.790775950, 0.960512765,
2045.811207794, 0.961995651,
2045.831639538, 0.960562832,
2045.852071281, 0.957889921,
2045.872503026, 0.962062080,
2045.892934770, 0.959820755,
2045.913366514, 0.957873931,
2045.933798259, 0.961499852,
2045.954230004, 0.956405637,
2046.015525339, 0.960785407,
2046.035957085, 0.958153058,
2046.076820576, 0.961688637,
2046.097252323, 0.958944707,
2046.117683969, 0.960723528,
2046.138115815, 0.960023471,
2046.158547562, 0.961294726,
2046.178979209, 0.957585289,
2046.199411056, 0.960716065,
2046.260706298, 0.959264598,
2046.281138046, 0.962553089,
2046.301569894, 0.962150419,
2046.322001542, 0.958954255,
2046.342433290, 0.962092539,
2046.362865039, 0.959449790,
2046.383296788, 0.958943905,
2046.403728637, 0.960796419,
2046.424160286, 0.960187216,
2046.444592035, 0.959048878,
2046.505887284, 0.960067563,
2046.526319134, 0.961733178,
2046.546750884, 0.959952763,
2046.567182635, 0.961189125,
2046.587614386, 0.958632226,
2046.608046136, 0.960361543,
2046.628477887, 0.961962235,
2046.648909639, 0.960801766,
2046.669341390, 0.959896022,
2046.689773242, 0.958996309,
2046.730636646, 0.961581894,
2046.751068498, 0.959826529,
2046.771500150, 0.960992355,
2046.791932003, 0.961565392,
2046.812363755, 0.959836864,
2046.832795408, 0.960229134,
2046.853227262, 0.959581359,
2046.873659015, 0.962414114,
2046.894090669, 0.960567923,
2046.914522522, 0.959997671,
2046.934954276, 0.959670085,
2046.996249539, 0.959954208,
2047.016681294, 0.960579488,
2047.037113049, 0.960651068,
2047.057544804, 0.958925222,
2047.077976559, 0.959606398,
2047.098408315, 0.960458714,
2047.118840170, 0.962664481,
2047.139271826, 0.960015877,
2047.159703582, 0.961843374,
2047.180135439, 0.959978295,
2047.241430709, 0.962227728,
2047.261862466, 0.962470211,
2047.282294123, 0.962212983,
2047.302725981, 0.959384446,
2047.323157738, 0.962804180,
2047.343589596, 0.960306823,
2047.364021254, 0.963215222,
2047.384453013, 0.959898967,
2047.404884871, 0.961321189,
2047.425316530, 0.957621189,
2047.486611807, 0.960722587,
2047.507043666, 0.960942231,
2047.527475426, 0.962028363,
2047.547907086, 0.958945805,
2047.568338946, 0.960743662,
2047.588770706, 0.958922703,
2047.609202367, 0.965042047,
2047.629634228, 0.961625409,
2047.650065989, 0.960388695,
2047.670497750, 0.959756455,
2047.690929511, 0.963261999,
2047.711361272, 0.960130536,
2047.731793134, 0.960569792,
2047.752224796, 0.960305147,
2047.772656558, 0.960600298,
2047.793088320, 0.962667439,
2047.813520083, 0.961419637,
2047.833951846, 0.960707643,
2047.854383709, 0.959480375,
2047.874815372, 0.958940556,
2047.895247235, 0.963044375,
2047.915678999, 0.957935084,
2047.976974290, 0.962908778,
2047.997405955, 0.959659481,
2048.017837819, 0.960614100,
2048.038269584, 0.960203421,
2048.058701449, 0.961441220,
2048.079133114, 0.961612979,
2048.099564880, 0.961578716,
2048.119996745, 0.962784808,
2048.140428411, 0.959136089,
2048.160860177, 0.962339603,
2048.181292043, 0.960512431,
2048.201723710, 0.963843299,
2048.222155576, 0.961121748,
2048.242587343, 0.963050614,
2048.263019010, 0.960334071,
2048.283450877, 0.958660384,
2048.303882645, 0.959359792,
2048.324314413, 0.959788136,
2048.344746180, 0.962980485,
2048.365177949, 0.963186052,
2048.385609617, 0.959781174,
2048.406041485, 0.964241531,
2048.467336792, 0.962381353,
2048.487768562, 0.960727872,
2048.508200431, 0.960865247,
2048.528632101, 0.959968887,
2048.549063871, 0.960834771,
2048.569495741, 0.962670741,
2048.589927411, 0.961103566,
2048.610359282, 0.960809295,
2048.630791053, 0.962979923,
2048.651222724, 0.960017057,
2048.712518038, 0.960925959,
2048.732949910, 0.960963362,
2048.753381682, 0.962690654,
2048.773813555, 0.960440639,
2048.794245227, 0.960170610,
2048.814677000, 0.962204668,
2048.835108873, 0.960475213,
2048.855540546, 0.961196064,
2048.875972319, 0.963313324,
2048.896404193, 0.962192635,
2048.916835867, 0.961261298,
2048.937267641, 0.960579566,
2048.957699515, 0.961510077,
2048.978131289, 0.961632688,
2048.998563064, 0.960937588,
2049.018994839, 0.962518352,
2049.039426614, 0.962666225,
2049.059858389, 0.961174488,
2049.080290165, 0.962064015,
2049.100721941, 0.959854254,
2049.121153717, 0.962128741,
2049.141585493, 0.965065754,
2049.202880823, 0.960815854,
2049.223312700, 0.957998558,
2049.243744377, 0.961809980,
2049.264176154, 0.963790399,
2049.284608032, 0.961545072,
2049.305039710, 0.960682983,
2049.325471488, 0.960571018,
2049.345903367, 0.961244843,
2049.366335045, 0.962965732,
2049.386766924, 0.962754707,
2049.407198703, 0.961598749,
2049.427630382, 0.959315674,
2049.448062262, 0.958893320,
2049.468494041, 0.961148233,
2049.488925821, 0.960803797,
2049.509357601, 0.961854511,
2049.529789382, 0.961427573,
2049.550221262, 0.959585654,
2049.570652943, 0.961131801,
2049.591084724, 0.955587726,
2049.611516605, 0.962284392,
2049.631948286, 0.961867746,
2049.672811950, 0.960196777,
2049.693243732, 0.960000885,
2049.713675514, 0.960062641,
2049.734107297, 0.961487252,
2049.754538980, 0.961154826,
2049.774970863, 0.961808511,
2049.795402646, 0.961607187,
2049.815834329, 0.959635769,
2049.836266213, 0.961348647,
2049.856697997, 0.963475312,
2049.877129681, 0.959431129,
2049.917993350, 0.961369104,
2049.938425235, 0.959625089,
2049.958856920, 0.960309828,
2049.979288705, 0.960338497,
2049.999720590, 0.960815452,
2050.020152276, 0.961420930,
2050.040584062, 0.961511449,
2050.061015948, 0.960282396,
2050.081447634, 0.964802591,
2050.101879521, 0.961088926,
2050.122311308, 0.961274151,
2050.163174882, 0.960277354,
2050.183606669, 0.959740864,
2050.204038457, 0.961924449,
2050.224470245, 0.961835167,
2050.244902033, 0.959024563,
2050.265333922, 0.960945039,
2050.285765610, 0.963690182,
2050.306197399, 0.961727769,
2050.326629288, 0.961343808,
2050.347061077, 0.960580931,
2050.367492767, 0.961046170,
2050.408356347, 0.962635637,
2050.428788137, 0.962795333,
2050.449220027, 0.962247799,
2050.469651718, 0.962311704,
2050.490083609, 0.961345495,
2050.510515400, 0.963443564,
2050.551378983, 0.964664837,
2050.571810775, 0.959455025,
2050.592242467, 0.962205722,
2050.612674359, 0.959718167,
2050.653538044, 0.959914200,
2050.673969737, 0.960436196,
2050.694401531, 0.961973715,
2050.714833424, 0.961148614,
2050.735265118, 0.960802254,
2050.755696912, 0.957670491,
2050.776128806, 0.961659934,
2050.796560500, 0.960738532,
2050.816992395, 0.961244398,
2050.837424189, 0.961341116,
2050.857855985, 0.960307247,
2050.919151371, 0.959607187,
2050.939583167, 0.962267221,
2050.960014963, 0.962185040,
2050.980446760, 0.959034097,
2051.000878657, 0.961507852,
2051.021310354, 0.961271819,
2051.041742251, 0.962190156,
2051.062173948, 0.962986625,
2051.082605746, 0.961994182,
2051.103037644, 0.963117873,
2051.143901140, 0.963047843,
2051.164333039, 0.960349670,
2051.205196636, 0.961329252,
2051.225628436, 0.962048083,
2051.246060135, 0.962455152,
2051.266492035, 0.960339500,
2051.286923835, 0.962347924,
2051.307355535, 0.960494727,
2051.327787436, 0.962270231,
2051.368651138, 0.962806782,
2051.389082839, 0.962165065,
2051.409514640, 0.962177338,
2051.429946542, 0.956887837,
2051.450378244, 0.962627851,
2051.470810046, 0.960063918,
2051.491241948, 0.963002258,
2051.511673751, 0.964392291,
2051.532105454, 0.959713559,
2051.552537357, 0.962736869,
2051.572969160, 0.962463965,
2051.593400964, 0.966462970,
2051.634264572, 0.960455508,
2051.654696376, 0.961988895,
2051.675128181, 0.961401937,
2051.695559985, 0.961354534,
2051.715991790, 0.960999648,
2051.736423596, 0.960304674,
2051.756855501, 0.962143573,
2051.777287207, 0.962713027,
2051.797719013, 0.964922813,
2051.818150919, 0.962347019,
2051.838582626, 0.960890766,
2051.879446339, 0.963139504,
2051.899878047, 0.961489232,
2051.920309954, 0.962372704,
2051.940741762, 0.960740453,
2051.961173470, 0.963041131,
2051.981605378, 0.961552343,
2052.002037186, 0.963907016,
2052.022468895, 0.961752340,
2052.042900804, 0.961241886,
2052.063332613, 0.962432647,
2052.083764522, 0.961765747,
2052.124628042, 0.963701424,
2052.145059952, 0.963162135,
2052.165491762, 0.960577033,
2052.185923473, 0.962668540,
2052.206355384, 0.960760758,
2052.226787195, 0.962686846,
2052.247218906, 0.958429199,
2052.267650818, 0.963071566,
2052.288082630, 0.962117437,
2052.308514542, 0.963677157,
2052.328946254, 0.961710758,
2052.369809980, 0.963220648,
2052.390241693, 0.964761655,
2052.410673506, 0.964678190,
2052.431105320, 0.963241724,
2052.451537134, 0.961860910,
2052.471969048, 0.964414118,
2052.492400762, 0.962601412,
2052.512832577, 0.962382024,
2052.533264491, 0.963848220,
2052.553696207, 0.963453696,
2052.574128022, 0.966021843,
2052.614991653, 0.964172183,
2052.635423569, 0.961720791,
2052.655855386, 0.963573870,
2052.676287102, 0.962299375,
2052.696719019, 0.961452575,
2052.717150836, 0.962911423,
2052.737582654, 0.962792073,
2052.758014471, 0.962372020,
2052.778446289, 0.963418781,
2052.798878107, 0.962481157,
2052.819309926, 0.962742084,
2052.860173663, 0.960067534,
2052.880605482, 0.963311542,
2052.901037201, 0.961209486,
2052.921469121, 0.961062850,
2052.941900941, 0.964309087,
2052.962332661, 0.962362775,
2052.982764581, 0.961003288,
2053.003196402, 0.961051722,
2053.023628323, 0.961943388,
2053.044060044, 0.965987731,
2053.064491865, 0.963970803,
2053.146219153, 0.960763263,
2053.166650976, 0.964087147,
2053.187082899, 0.962504787,
2053.207514622, 0.963335962,
2053.227946446, 0.965786573,
2053.248378369, 0.962476261,
2053.268810093, 0.962738528,
2053.289241917, 0.960761863,
2053.309673842, 0.960592009,
2053.350537491, 0.963948273,
2053.370969317, 0.961742789,
2053.391401142, 0.961659739,
2053.411832968, 0.956516334,
2053.432264794, 0.955638929,
2053.452696620, 0.962751425,
2053.473128447, 0.961824844,
2053.493560273, 0.961927691,
2053.513992100, 0.961862463,
2053.534424028, 0.963127393,
2053.554855755, 0.962467983,
2053.595719511, 0.962002933,
2053.657014997, 0.961515928,
2053.677446726, 0.957467803,
2053.697878655, 0.963624916,
2053.718310485, 0.963286438,
2053.738742315, 0.963970673,
2053.759174145, 0.961599631,
2053.779605975, 0.961285634,
2053.800037806, 0.961031179,
2053.840901368, 0.964563527,
2053.861333299, 0.962770424,
2053.881765131, 0.959711171,
2053.902197063, 0.960584228,
2053.922628795, 0.961834478,
2053.943060628, 0.960137315,
2053.963492561, 0.961825299,
2053.983924294, 0.964174073,
2054.004356127, 0.963564031,
2054.024788060, 0.963786468,
2054.045219894, 0.960041924,
2054.086083563, 0.963572961,
2054.106515397, 0.963109350,
2054.126947232, 0.961511711,
2054.147379067, 0.962778894,
2054.167810903, 0.964677462,
2054.188242838, 0.963168790,
2054.208674574, 0.964748433,
2054.229106410, 0.962581369,
2054.249538347, 0.963693370,
2054.269970083, 0.961360987,
2054.290402020, 0.961551219,
2054.331265595, 0.962325338,
2054.351697533, 0.960816225,
2054.372129371, 0.961512908,
2054.392561109, 0.960465102,
2054.412993048, 0.963142197,
2054.433424887, 0.961385658,
2054.453856726, 0.962640414,
2054.474288565, 0.964752293,
2054.494720305, 0.961360002,
2054.515152245, 0.961195524,
2054.535584085, 0.961336724,
2054.576447766, 0.961841469,
2054.596879607, 0.962020709,
2054.617311548, 0.961612833,
2054.637743290, 0.961062202,
2054.658175132, 0.960096128,
2054.678607074, 0.960262573,
2054.699038816, 0.962510916,
2054.719470659, 0.961437772,
2054.739902602, 0.960074798,
2054.760334445, 0.958748061,
2054.780766288, 0.963851778,
2054.821629976, 0.960463279,
2054.842061820, 0.963608182,
2054.862493664, 0.961781595,
2054.882925509, 0.959968722,
2054.903357454, 0.962359302,
2054.923789200, 0.956140685,
2054.944221045, 0.961045729,
2054.964652991, 0.964350165,
2054.985084737, 0.964039894,
2055.005516683, 0.961767407,
2055.025948530, 0.961844445,
2055.087243972, 0.959932566,
2055.107675820, 0.961063965,
2055.128107768, 0.961377201,
2055.148539516, 0.958937865,
2055.168971464, 0.961799721,
2055.189403313, 0.960931852,
2055.230267012, 0.957139182,
2055.250698862, 0.954150228,
2055.271130712, 0.960780253,
2055.291562562, 0.961340275,
2055.311994412, 0.961286972,
2055.332426363, 0.960415744,
2055.352858114, 0.964638672,
2055.373289966, 0.962443716,
2055.393721917, 0.962873228,
2055.414153769, 0.961377417,
2055.434585521, 0.962501512,
2055.455017474, 0.957339735,
2055.475449326, 0.955510771,
2055.495881179, 0.960880260,
2055.516313033, 0.964472320,
2055.557176840, 0.963816046,
2055.577608594, 0.959417491,
2055.598040448, 0.958277682,
2055.618472403, 0.962546209,
2055.638904158, 0.959993886,
2055.659336013, 0.959544418,
2055.679767969, 0.962010323,
2055.700199724, 0.962994728,
2055.720631681, 0.958004725,
2055.741063437, 0.955072775,
2055.761495293, 0.958885212,
2055.802359008, 0.962154550,
2055.822790865, 0.960832382,
2055.843222823, 0.961968304,
2055.863654581, 0.961126531,
2055.884086539, 0.958230683,
2055.904518398, 0.958874420,
2055.924950256, 0.958293021,
2055.945382116, 0.962294266,
2055.965813975, 0.959969559,
2055.986245835, 0.959406838,
2056.067973376, 0.960049781,
2056.088405137, 0.961870285,
2056.108837099, 0.959829306,
2056.129268960, 0.960116852,
2056.149700722, 0.961931015,
2056.170132685, 0.960778022,
2056.190564547, 0.960994594,
2056.210996510, 0.959940257,
2056.231428273, 0.961626189,
2056.251860136, 0.961470965,
2056.272292100, 0.960095432,
2056.292723864, 0.960042788,
2056.313155728, 0.961236292,
2056.333587693, 0.962218372,
2056.354019458, 0.961528780,
2056.374451323, 0.959572344,
2056.394883188, 0.961090903,
2056.415315054, 0.960832896,
2056.435747020, 0.959322013,
2056.456178886, 0.959139527,
2056.476610652, 0.957127054,
2056.497042619, 0.960393660,
2056.537906254, 0.957624937,
2056.558338221, 0.960127553,
2056.578770089, 0.959005955,
2056.599201958, 0.960920967,
2056.619633826, 0.960425336,
2056.640065695, 0.957093401,
2056.660497564, 0.962837483,
2056.680929433, 0.958216250,
2056.701361303, 0.960028585,
2056.721793173, 0.961027461,
2056.742225043, 0.961039405,
2056.783088885, 0.961720806,
2056.803520656, 0.958644812,
2056.823952627, 0.960093142,
2056.844384499, 0.961175663,
2056.864816271, 0.961151807,
2056.885248243, 0.958146197,
2056.905680116, 0.956455160,
2056.946543862, 0.960564798,
2056.966975735, 0.962428074,
2056.987407709, 0.960650138,
2057.028271357, 0.961186569,
2057.048703332, 0.961163706,
2057.069135107, 0.960663190,
2057.089566982, 0.959724373,
2057.109998857, 0.959328945,
2057.130430733, 0.961062541,
2057.150862709, 0.960607155,
2057.171294486, 0.961475828,
2057.191726362, 0.960252213,
2057.212158339, 0.961281884,
2057.232590216, 0.963078321,
2057.293885850, 0.961255818,
2057.314317728, 0.961316160,
2057.334749607, 0.960773140,
