BJD - 2454833, Corrected Flux
1977.262449816, 1.001411897,
1977.282882079, 1.001695130,
1977.303314243, 1.001476620,
1977.364611130, 1.001664238,
1977.385043391, 1.001816415,
1977.405475652, 1.001684121,
1977.425907913, 1.002015711,
1977.446340272, 1.002007115,
1977.466772432, 1.002254910,
1977.487204791, 1.001837288,
1977.528069207, 1.002413394,
1977.548501565, 1.002101138,
1977.568933822, 1.002381974,
1977.589365979, 1.002476473,
1977.609798335, 1.002423874,
1977.630230591, 1.002635575,
1977.650662746, 1.002703258,
1977.671095101, 1.002677948,
1977.691527355, 1.002446154,
1977.711959509, 1.002927243,
1977.732391862, 1.002671028,
1977.752824115, 1.002814125,
1977.773256268, 1.003025346,
1977.793688620, 1.003180029,
1977.814120871, 1.003158870,
1977.834553122, 1.003004352,
1977.854985373, 1.003104901,
1977.875417623, 1.003284869,
1977.895849873, 1.002779527,
1977.916282122, 1.002884728,
1977.936714370, 1.003064815,
1977.957146719, 1.003312087,
1977.977578866, 1.003634018,
1977.998011114, 1.003333894,
1978.018443460, 1.003721228,
1978.038875607, 1.003152937,
1978.059307853, 1.003296044,
1978.079740198, 1.003336735,
1978.100172343, 1.003551485,
1978.120604587, 1.003946134,
1978.141036931, 1.003687774,
1978.161469075, 1.003994908,
1978.181901318, 1.004002565,
1978.202333660, 1.003667154,
1978.222765803, 1.003627254,
1978.243198144, 1.004030558,
1978.263630385, 1.004364489,
1978.284062626, 1.004112889,
1978.304494866, 1.004446665,
1978.324927106, 1.004279849,
1978.345359346, 1.004145323,
1978.365791584, 1.004082226,
1978.386223823, 1.004477351,
1978.406656061, 1.004326603,
1978.427088298, 1.004544511,
1978.447520535, 1.004441199,
1978.467952772, 1.005008593,
1978.488385008, 1.004653438,
1978.508817244, 1.004660468,
1978.529249379, 1.004745240,
1978.590546081, 1.004773740,
1978.610978415, 1.004437338,
1978.631410647, 1.004595049,
1978.651842980, 1.004461271,
1978.672275112, 1.004699007,
1978.692707343, 1.004782005,
1978.713139674, 1.004735900,
1978.733571805, 1.004964019,
1978.754004035, 1.005357017,
1978.774436364, 1.005201744,
1978.794868594, 1.005247822,
1978.815300722, 1.005733586,
1978.835733050, 1.005527217,
1978.856165278, 1.005448269,
1978.876597405, 1.005502507,
1978.917461958, 1.005493708,
1978.937894085, 1.005387613,
1978.958326410, 1.005308279,
1978.978758635, 1.005390401,
1978.999190759, 1.005913758,
1979.019623083, 1.005721849,
1979.060487430, 1.006254070,
1979.080919753, 1.006542992,
1979.101351975, 1.006252421,
1979.121784297, 1.005795110,
1979.142216418, 1.006454260,
1979.162648639, 1.006358326,
1979.183080859, 1.006361556,
1979.203513080, 1.006209855,
1979.223945299, 1.006263342,
1979.244377518, 1.006170111,
1979.264809737, 1.006107370,
1979.285241955, 1.006408153,
1979.305674172, 1.005858016,
1979.326106389, 1.005843136,
1979.346538606, 1.006321012,
1979.366970923, 1.006763382,
1979.387403039, 1.006561363,
1979.407835254, 1.006841891,
1979.428267569, 1.006905475,
1979.448699683, 1.006788826,
1979.469131897, 1.006609503,
1979.489564210, 1.006464048,
1979.509996324, 1.008227175,
1979.530428537, 1.007318168,
1979.550860848, 1.006635503,
1979.571292960, 1.006780018,
1979.591725272, 1.006908332,
1979.612157482, 1.007112747,
1979.632589693, 1.006470801,
1979.653021903, 1.006794941,
1979.673454112, 1.006805723,
1979.693886321, 1.007074355,
1979.714318529, 1.007362358,
1979.734750737, 1.007157372,
1979.775615152, 1.007316609,
1979.796047359, 1.007303895,
1979.816479565, 1.006915439,
1979.836911871, 1.007194811,
1979.857343977, 1.007450045,
1979.877776181, 1.007231039,
1979.898208386, 1.007337652,
1979.918640590, 1.007403882,
1979.939072793, 1.007309538,
1979.959504996, 1.007424887,
1979.979937199, 1.007447396,
1980.000369401, 1.007545476,
1980.020801603, 1.007596906,
1980.041233804, 1.007794703,
1980.061666105, 1.007926492,
1980.082098205, 1.007481683,
1980.102530405, 1.007362725,
1980.122962705, 1.007420375,
1980.143394804, 1.007643679,
1980.163827003, 1.007666177,
1980.184259301, 1.007975882,
1980.204691498, 1.007808903,
1980.225123595, 1.007537116,
1980.245555892, 1.007954722,
1980.265988089, 1.008159600,
1980.286420184, 1.007818772,
1980.306852480, 1.007706798,
1980.327284675, 1.007836757,
1980.347716769, 1.007857063,
1980.368149063, 1.008004952,
1980.388581257, 1.008001364,
1980.409013350, 1.007736443,
1980.429445643, 1.008095932,
1980.449877835, 1.007621996,
1980.470310027, 1.007942437,
1980.490742219, 1.008180298,
1980.511174410, 1.008104233,
1980.531606700, 1.008263000,
1980.552038790, 1.007669824,
1980.572470980, 1.008241480,
1980.592903269, 1.007862249,
1980.613335358, 1.008005173,
1980.633767546, 1.007657020,
1980.654199834, 1.008000701,
1980.674631921, 1.007512393,
1980.695064108, 1.008045999,
1980.715496394, 1.008096771,
1980.735928480, 1.008641720,
1980.756360666, 1.007914545,
1980.776792951, 1.007651951,
1980.797225036, 1.008543189,
1980.817657220, 1.008762435,
1980.838089504, 1.007957783,
1980.858521587, 1.008222883,
1980.878953770, 1.008248620,
1980.899386053, 1.007811674,
1980.919818135, 1.008073166,
1980.940250316, 1.008378218,
1980.960682597, 1.008115855,
1980.981114678, 1.008566414,
1981.042411318, 1.008502855,
1981.062843496, 1.008032304,
1981.083275675, 1.008445055,
1981.103707853, 1.008524979,
1981.124140031, 1.008160893,
1981.144572207, 1.008419880,
1981.165004384, 1.008412019,
1981.185436660, 1.008333076,
1981.205868736, 1.008435817,
1981.226300912, 1.008279496,
1981.246733187, 1.007984140,
1981.267165261, 1.008058139,
1981.287597435, 1.008191057,
1981.308029709, 1.008273569,
1981.328461782, 1.008436772,
1981.348893955, 1.008290579,
1981.369326227, 1.008229389,
1981.389758299, 1.008123932,
1981.410190470, 1.008264619,
1981.430622641, 1.007961493,
1981.451054812, 1.008458210,
1981.471487082, 1.010284758,
1981.594080094, 1.008735045,
1981.614512261, 1.008069953,
1981.634944327, 1.008324594,
1981.655376593, 1.008233418,
1981.675808759, 1.008201118,
1981.696240824, 1.007699838,
1981.716673089, 1.007934041,
1981.737105253, 1.008067357,
1981.757537317, 1.007942446,
1981.777969581, 1.008024900,
1981.798401744, 1.007948382,
1981.818833807, 1.008341851,
1981.839266069, 1.008050856,
1981.859698230, 1.008137264,
1981.880130392, 1.007924106,
1981.900562552, 1.007924451,
1981.920994713, 1.008231464,
1981.941426973, 1.007978994,
1981.961859033, 1.008384428,
1981.982291192, 1.008379512,
1982.002723451, 1.008021086,
1982.023155609, 1.008770251,
1982.043587667, 1.008196369,
1982.064019924, 1.008363894,
1982.084452081, 1.007994659,
1982.104884137, 1.008152754,
1982.125316394, 1.007932410,
1982.166180605, 1.008301683,
1982.186612860, 1.007921690,
1982.207044914, 1.008201441,
1982.227477068, 1.007724772,
1982.247909321, 1.008170479,
1982.268341374, 1.008154640,
1982.288773527, 1.007670268,
1982.309205779, 1.007820194,
1982.329637831, 1.008144540,
1982.350069982, 1.008372022,
1982.370502233, 1.007836615,
1982.390934384, 1.007606550,
1982.411366533, 1.007627916,
1982.431798683, 1.007975636,
1982.452230832, 1.007665647,
1982.472662981, 1.007744320,
1982.493095129, 1.007862895,
1982.513527278, 1.007847890,
1982.533959525, 1.007620796,
1982.554391572, 1.007476785,
1982.574823718, 1.007790947,
1982.595255965, 1.007756705,
1982.615688010, 1.007577165,
1982.636120156, 1.007617825,
1982.656552401, 1.007963352,
1982.676984445, 1.007678189,
1982.697416589, 1.007871196,
1982.717848833, 1.007624871,
1982.738280876, 1.007425420,
1982.758713019, 1.007386626,
1982.779145261, 1.007597363,
1982.799577303, 1.007649170,
1982.820009444, 1.008971741,
1982.840441685, 1.007772555,
1982.860873826, 1.008073895,
1982.881305966, 1.007506263,
1982.901738106, 1.007735854,
1982.922170145, 1.007496569,
1982.942602384, 1.007602949,
1982.983466560, 1.007780764,
1983.003898798, 1.007659807,
1983.024330935, 1.007892641,
1983.044762972, 1.007645118,
1983.065195208, 1.007249556,
1983.085627344, 1.007447252,
1983.106059379, 1.007796126,
1983.126491614, 1.007734716,
1983.146923749, 1.007620587,
1983.167355783, 1.007784559,
1983.187788017, 1.007522457,
1983.208220150, 1.007462659,
1983.228652283, 1.007577932,
1983.249084416, 1.007666456,
1983.269516547, 1.007416128,
1983.289948679, 1.007286950,
1983.310380810, 1.007660830,
1983.330812941, 1.007187808,
1983.351245172, 1.007174183,
1983.371677302, 1.007033438,
1983.392109331, 1.006898135,
1983.412541560, 1.007173808,
1983.432973689, 1.007378198,
1983.473837945, 1.007063852,
1983.494270072, 1.007308982,
1983.514702099, 1.007055276,
1983.535134325, 1.007562013,
1983.555566452, 1.007460353,
1983.575998477, 1.007489235,
1983.596430703, 1.007110630,
1983.616862828, 1.007338944,
1983.637294852, 1.007139326,
1983.657727076, 1.007366364,
1983.678159100, 1.007269779,
1983.698591323, 1.007165207,
1983.719023446, 1.007513893,
1983.739455468, 1.007654238,
1983.759887590, 1.007345669,
1983.780319811, 1.007641201,
1983.800751932, 1.007019031,
1983.821184053, 1.007187169,
1983.841616173, 1.007178537,
1983.862048293, 1.006992222,
1983.882480512, 1.007381238,
1983.902912531, 1.006864928,
1983.923344650, 1.007238928,
1983.943776868, 1.006892211,
1983.964208886, 1.007093330,
1983.984641003, 1.006781042,
1984.005073220, 1.006975330,
1984.025505236, 1.006913985,
1984.045937352, 1.006841630,
1984.066369568, 1.006475566,
1984.086801583, 1.007147130,
1984.107233698, 1.007217105,
1984.127665912, 1.007058011,
1984.148097926, 1.006755967,
1984.168530040, 1.006656918,
1984.188962253, 1.007250719,
1984.209394366, 1.006866251,
1984.229826378, 1.007064744,
1984.250258590, 1.006667488,
1984.270690701, 1.006841295,
1984.291122812, 1.006479253,
1984.311554923, 1.006709648,
1984.331987033, 1.007234269,
1984.352419243, 1.006928960,
1984.372851252, 1.006991903,
1984.393283261, 1.007082743,
1984.413715470, 1.006652506,
1984.475011793, 1.006517328,
1984.495443900, 1.006256758,
1984.515875906, 1.006531486,
1984.536308112, 1.006846300,
1984.556740218, 1.006287286,
1984.577172223, 1.006478702,
1984.597604428, 1.006494535,
1984.618036532, 1.006219697,
1984.638468636, 1.006409242,
1984.658900740, 1.006834963,
1984.679332843, 1.006634919,
1984.699764946, 1.006664675,
1984.720197148, 1.006351988,
1984.740629150, 1.006585658,
1984.761061352, 1.006455611,
1984.781493453, 1.006626893,
1984.801925453, 1.006268653,
1984.822357654, 1.006319143,
1984.842789754, 1.006451846,
1984.863221753, 1.006364292,
1984.883653952, 1.006566970,
1984.904086051, 1.006499568,
1984.985814341, 1.005931088,
1985.006246538, 1.006413029,
1985.026678634, 1.006672228,
1985.047110729, 1.006393684,
1985.067542825, 1.006200925,
1985.087974920, 1.006547728,
1985.108407014, 1.006315717,
1985.128839108, 1.005593348,
1985.149271203, 1.006351136,
1985.169703196, 1.005975801,
1985.190135388, 1.005846556,
1985.210567481, 1.005847261,
1985.230999673, 1.005449510,
1985.251431665, 1.005758489,
1985.271863756, 1.005459275,
1985.292295947, 1.006026156,
1985.312727937, 1.005766050,
1985.333160028, 1.005852467,
1985.353592217, 1.005663196,
1985.374024206, 1.005482330,
1985.394456295, 1.006113373,
1985.455752559, 1.005810069,
1985.476184746, 1.005668637,
1985.496616733, 1.005561326,
1985.517048820, 1.006297424,
1985.537481006, 1.005548479,
1985.557913091, 1.005690471,
1985.578345076, 1.005380016,
1985.598777261, 1.005313098,
1985.619209346, 1.005338727,
1985.639641329, 1.005884971,
1985.660073513, 1.005714206,
1985.680505596, 1.005698993,
1985.700937779, 1.005527234,
1985.721369761, 1.004989061,
1985.741801843, 1.005113401,
1985.762234025, 1.004914594,
1985.782666006, 1.005247804,
1985.803098086, 1.005581720,
1985.823530267, 1.005127647,
1985.843962246, 1.004656922,
1985.864394326, 1.004828516,
1985.884826405, 1.005088409,
1985.946122640, 1.004766008,
1985.966554718, 1.005007470,
1985.986986795, 1.005190588,
1986.007418872, 1.004843543,
1986.027850948, 1.004716876,
1986.048283024, 1.004937744,
1986.068715199, 1.005065258,
1986.089147174, 1.004515097,
1986.109579249, 1.005008573,
1986.130011423, 1.004736927,
1986.150443397, 1.004657837,
1986.170875571, 1.004820169,
1986.191307644, 1.005162461,
1986.211739617, 1.004723323,
1986.232171789, 1.005021608,
1986.252603861, 1.004517533,
1986.273035832, 1.004649179,
1986.293468003, 1.004639120,
1986.313900074, 1.004876118,
1986.334332045, 1.004715572,
1986.354764214, 1.004834568,
1986.375196284, 1.004320262,
1986.395628353, 1.004600396,
1986.416060422, 1.004694048,
1986.436492490, 1.004137472,
1986.456924558, 1.004344072,
1986.477356626, 1.004342223,
1986.497788693, 1.007146493,
1986.518220759, 1.004208739,
1986.538652926, 1.004629845,
1986.559084892, 1.004746751,
1986.579516957, 1.005045617,
1986.599949022, 1.005081084,
1986.620381087, 1.005530345,
1986.702109442, 1.004127876,
1986.722541405, 1.003856123,
1986.742973467, 1.004136085,
1986.763405629, 1.003904475,
1986.783837591, 1.003806109,
1986.804269652, 1.004190068,
1986.824701813, 1.004080048,
1986.865565833, 1.004131028,
1986.926862011, 1.003906791,
1986.947294169, 1.003675164,
1986.967726227, 1.003521135,
1986.988158185, 1.003971209,
1987.008590342, 1.003907610,
1987.029022399, 1.003306050,
1987.049454356, 1.004375773,
1987.069886512, 1.003692874,
1987.090318567, 1.004687160,
1987.110750723, 1.003732483,
1987.172046886, 1.003549482,
1987.192478840, 1.003980910,
1987.212910893, 1.003082098,
1987.233343046, 1.003803966,
1987.253774999, 1.003315953,
1987.274207051, 1.003501430,
1987.294639203, 1.003333074,
1987.315071154, 1.003681729,
1987.335503205, 1.003660240,
1987.355935356, 1.003548677,
1987.376367306, 1.002951910,
1987.396799356, 1.003263268,
1987.417231405, 1.003423130,
1987.437663454, 1.003398822,
1987.458095503, 1.003106334,
1987.478527651, 1.002786886,
1987.498959599, 1.002884205,
1987.519391747, 1.002714999,
1987.539823794, 1.002984510,
1987.560255740, 1.003111380,
1987.580687887, 1.002928112,
1987.601119933, 1.003204390,
1987.662416069, 1.002661538,
1987.682848013, 1.002681823,
1987.703280157, 1.002919772,
1987.723712200, 1.002872962,
1987.744144244, 1.002911985,
1987.764576286, 1.004037012,
1987.785008329, 1.002435498,
1987.805440371, 1.003117890,
1987.825872413, 1.002170131,
1987.846304454, 1.002506922,
1987.907600576, 1.002881577,
1987.928032616, 1.002499550,
1987.948464755, 1.003118453,
1987.968896694, 1.002752077,
1987.989328832, 1.003202277,
1988.009760871, 1.002811235,
1988.030192809, 1.002409639,
1988.050624946, 1.002944086,
1988.071056983, 1.002852760,
1988.091488920, 1.002970089,
1988.111921056, 1.002599188,
1988.132352992, 1.002746696,
1988.152785028, 1.002246142,
1988.173217163, 1.002609854,
1988.193649098, 1.002407019,
1988.214081132, 1.002719648,
1988.234513266, 1.002978379,
1988.254945200, 1.002851529,
1988.275377233, 1.002292649,
1988.295809366, 1.002302956,
1988.316241398, 1.002451103,
1988.336673331, 1.002220813,
1988.397969425, 1.002460989,
1988.418401555, 1.002280865,
1988.438833586, 1.002191239,
1988.459265715, 1.002372503,
1988.479697645, 1.002505655,
1988.500129674, 1.002371336,
1988.520561802, 1.002436724,
1988.540993731, 1.002001529,
1988.561425759, 1.001956026,
1988.643153967, 1.002358557,
1988.663585893, 1.002225113,
1988.684017918, 1.002497573,
1988.704450044, 1.002077861,
1988.724881969, 1.003064769,
1988.745313993, 1.002344434,
1988.765746118, 1.002503042,
1988.786178141, 1.001808505,
1988.806610065, 1.002294898,
1988.827042188, 1.002231655,
1988.908770176, 1.002457906,
1988.929202297, 1.002370790,
1988.949634318, 1.002025872,
1988.970066239, 1.001881080,
1988.990498359, 1.002197274,
1989.010930378, 1.001953841,
1989.031362297, 1.002322983,
1989.051794416, 1.002244763,
1989.072226435, 1.002247801,
1989.092658353, 1.002157288,
1989.113090471, 1.002133588,
1989.133522488, 1.001991318,
1989.153954505, 1.002057160,
1989.174386522, 1.002201386,
1989.194818538, 1.001831988,
1989.215250554, 1.001866402,
1989.235682569, 1.002212459,
1989.256114585, 1.001723320,
1989.276546600, 1.002312439,
1989.296978714, 1.002113031,
1989.317410628, 1.001872648,
1989.378706668, 1.002029620,
1989.399138781, 1.001793440,
1989.419570793, 1.002502447,
1989.440002705, 1.002143097,
1989.460434816, 1.001976965,
1989.480866827, 1.001898541,
1989.501298738, 1.001960157,
1989.521730848, 1.002355007,
1989.542162858, 1.001543348,
1989.562594768, 1.002213794,
1989.583026877, 1.001809600,
1989.603458886, 1.001780610,
1989.623890795, 1.001627793,
1989.644322902, 1.001741586,
1989.664754910, 1.001923447,
1989.685186818, 1.001503754,
1989.705618925, 1.001695164,
1989.726050931, 1.001683620,
1989.746482838, 1.001520704,
1989.766914943, 1.001781673,
1989.787346949, 1.001601230,
1989.807778854, 1.001783917,
1989.869075068, 1.002091839,
1989.889506971, 1.002107427,
1989.909938974, 1.001897075,
1989.930371078, 1.001866652,
1989.950802980, 1.001965988,
1989.971234982, 1.002263615,
1989.991667084, 1.002331054,
1990.012098986, 1.001574817,
1990.032530987, 1.002058018,
1990.052963088, 1.002190104,
1990.073394988, 1.002127032,
1990.093826988, 1.002113760,
1990.114259088, 1.001850778,
1990.134691087, 1.002156293,
1990.155122986, 1.001799920,
1990.175555085, 1.002166818,
1990.195987083, 1.001980367,
1990.216418981, 1.002038088,
1990.236851078, 1.002146387,
1990.257283075, 1.001871998,
1990.277715072, 1.002165695,
1990.359443056, 1.001861104,
1990.379874950, 1.002114081,
1990.400307045, 1.001994819,
1990.441170933, 1.002236700,
1990.461603027, 1.002204380,
1990.482035020, 1.002381926,
1990.502467013, 1.001974550,
1990.522899005, 1.002044131,
1990.543330997, 1.002303299,
1990.604626971, 1.002471408,
1990.625058962, 1.001963543,
1990.645491052, 1.002175481,
1990.665922942, 1.001630323,
1990.686354932, 1.002634472,
1990.706787021, 1.002103284,
1990.727218910, 1.001876458,
1990.747650998, 1.002396227,
1990.768082986, 1.002165847,
1990.788514874, 1.002038635,
1990.849810835, 1.002110739,
1990.870242921, 1.002744748,
1990.890674907, 1.001981198,
1990.911106793, 1.002301799,
1990.931538878, 1.002092076,
1990.951970863, 1.002506823,
1990.972402847, 1.002360654,
1990.992834832, 1.002523119,
1991.013266815, 1.002294538,
1991.033698799, 1.002249585,
1991.054130782, 1.002274702,
1991.074562764, 1.002596059,
1991.094994647, 1.002009686,
1991.115426729, 1.002357595,
1991.135858710, 1.002251244,
1991.156290792, 1.002455517,
1991.176722673, 1.002169132,
1991.197154653, 1.002403382,
1991.217586734, 1.002021722,
1991.238018614, 1.001702281,
1991.258450593, 1.002266078,
1991.278882672, 1.002497813,
1991.340178608, 1.002448794,
1991.360610485, 1.002424683,
1991.381042463, 1.002144443,
1991.401474540, 1.002783193,
1991.421906416, 1.002151061,
1991.442338393, 1.002537016,
1991.462770469, 1.002424422,
1991.483202444, 1.001972296,
1991.503634320, 1.001930223,
1991.524066395, 1.002203877,
1991.544498369, 1.002340442,
1991.564930244, 1.002557163,
1991.585362317, 1.002415935,
1991.605794291, 1.002787015,
1991.626226364, 1.002011803,
1991.646658237, 1.002294153,
1991.667090209, 1.002397351,
1991.687522281, 1.002183750,
1991.707954153, 1.002056281,
1991.728386125, 1.002146015,
1991.748818096, 1.002091044,
1991.769250066, 1.002328642,
1991.789682037, 1.002512012,
1991.810114007, 1.002114775,
1991.830545976, 1.002762660,
1991.850977946, 1.002694503,
1991.871409915, 1.002309497,
1991.891841883, 1.001792728,
1991.912273852, 1.002208684,
1991.932705819, 1.002413267,
1991.953137787, 1.002034788,
1991.973569754, 1.002532035,
1991.994001821, 1.002551007,
1992.014433688, 1.002267529,
1992.075729585, 1.002512927,
1992.096161651, 1.002494907,
1992.116593615, 1.001923101,
1992.137025480, 1.002240612,
1992.157457544, 1.002528392,
1992.177889508, 1.002135864,
1992.198321371, 1.002113993,
1992.218753434, 1.002429599,
1992.239185397, 1.002012573,
1992.259617259, 1.002075086,
1992.300481283, 1.001941121,
1992.320913244, 1.001948287,
1992.341345205, 1.002045947,
1992.361777166, 1.002043145,
1992.382209126, 1.001936951,
1992.402641086, 1.002142698,
1992.423073046, 1.002222492,
1992.443505105, 1.002312989,
1992.463937064, 1.002651398,
1992.484368923, 1.002370841,
1992.504800981, 1.002191748,
1992.525232839, 1.002216443,
1992.545664796, 1.002212354,
1992.566096854, 1.002145853,
1992.586528710, 1.001746713,
1992.606960667, 1.001982744,
1992.647824579, 1.002073355,
1992.668256534, 1.002355364,
1992.688688589, 1.002163226,
1992.709120444, 1.002216672,
1992.729552399, 1.002025800,
1992.749984453, 1.001713169,
1992.811280313, 1.002162425,
1992.831712266, 1.001665960,
1992.852144218, 1.002005391,
1992.872576171, 1.002026221,
1992.893008122, 1.002204180,
1992.913440074, 1.001936452,
1992.933872025, 1.001895665,
1992.954303976, 1.001983645,
1992.974736026, 1.001942192,
1992.995167876, 1.002309155,
1993.015599826, 1.001762622,
1993.036031875, 1.002006139,
1993.056463724, 1.001343938,
1993.076895673, 1.001487970,
1993.097327721, 1.001815568,
1993.117759569, 1.001914010,
1993.138191517, 1.001899549,
1993.158623564, 1.001950731,
1993.179055411, 1.001912208,
1993.199487358, 1.001932761,
1993.219919404, 1.002222687,
1993.240351250, 1.001454210,
1993.301647086, 1.001720232,
1993.322079131, 1.001894653,
1993.342511075, 1.001308640,
1993.362942919, 1.001410285,
1993.383374963, 1.001822302,
1993.403806906, 1.001955981,
1993.424238749, 1.001509541,
1993.444670792, 1.001585923,
1993.465102734, 1.001863614,
1993.485534576, 1.001773774,
1993.546830400, 1.001525351,
1993.567262441, 1.001668144,
1993.587694381, 1.001342298,
1993.608126221, 1.001677975,
1993.628558260, 1.001440493,
1993.648990200, 1.001574810,
1993.669422239, 1.001688336,
1993.689854077, 1.001460307,
1993.710286016, 1.001462337,
1993.730718054, 1.001309505,
1993.751149891, 1.001118810,
1993.771581829, 1.001350140,
1993.792013866, 1.001036069,
1993.812445802, 1.001640927,
1993.832877639, 1.001117406,
1993.853309675, 1.001002422,
1993.873741610, 1.001085166,
1993.894173446, 1.001403090,
1993.914605481, 1.001460763,
1993.935037415, 1.001862957,
1993.955469250, 1.001410750,
1993.975901284, 1.001063046,
1994.037197084, 1.000992683,
1994.057628916, 1.001466490,
1994.078060949, 1.001313485,
1994.098492881, 1.001436372,
1994.118924712, 1.001094715,
1994.139356744, 1.000813615,
1994.159788675, 1.001332310,
1994.180220606, 1.001510938,
1994.200652536, 1.001371006,
1994.221084466, 1.001326247,
1994.282380254, 1.001154425,
1994.302812183, 1.001074611,
1994.323244111, 1.001057096,
1994.343676039, 1.001397161,
1994.364107967, 1.001312939,
1994.384539995, 1.001126935,
1994.404971822, 1.001129345,
1994.425403749, 1.000941499,
1994.445835775, 1.000556340,
1994.466267601, 1.001014363,
1994.486699627, 1.000751278,
1994.507131553, 1.000923396,
1994.527563378, 1.001245511,
1994.547995402, 1.001015512,
1994.568427327, 1.001358544,
1994.588859151, 1.001016079,
1994.609291175, 1.000906492,
1994.629723099, 1.000608151,
1994.650155022, 1.000854490,
1994.670586945, 1.001279047,
1994.691018867, 1.001186565,
1994.711450689, 1.000869952,
1994.772746454, 1.001474257,
1994.793178475, 1.000992831,
1994.813610396, 1.001100648,
1994.834042216, 1.000882710,
1994.854474236, 1.000679082,
1994.874906156, 1.000684728,
1994.895338175, 1.000989177,
1994.915769994, 1.000915483,
1994.936201913, 1.000995245,
1994.956633931, 1.000920555,
1995.017929685, 1.000438210,
1995.038361502, 1.000736287,
1995.058793419, 1.000931925,
1995.079225435, 1.000858788,
1995.099657251, 1.000772769,
1995.120089167, 1.001277877,
1995.140521183, 1.000945279,
1995.160952998, 1.000534892,
1995.181384913, 1.000758669,
1995.201816927, 1.000682914,
1995.263112669, 1.000911519,
1995.283544582, 1.000706793,
1995.303976495, 1.000785447,
1995.324408408, 1.000649451,
1995.344840320, 1.000845426,
1995.365272232, 1.000705110,
1995.385704144, 1.000484229,
1995.406136055, 1.000301472,
1995.426567966, 1.000615400,
1995.446999877, 1.000567199,
1995.467431788, 1.000489124,
1995.487863698, 1.000892532,
1995.508295608, 1.000393516,
1995.528727417, 1.000185194,
1995.549159426, 1.000387441,
1995.569591335, 1.000501062,
1995.590023244, 1.001157559,
1995.610455152, 1.000455895,
1995.630887060, 1.000537875,
1995.651318967, 1.000935749,
1995.671750874, 1.000607922,
1995.692182781, 1.001045470,
1995.753478500, 0.999916992,
1995.773910506, 1.000547523,
1995.794342411, 1.000339029,
1995.814774217, 1.000005144,
1995.835206221, 1.000603127,
1995.855638126, 1.000466555,
1995.876069930, 1.000257280,
1995.896501934, 1.000391842,
1995.916933837, 1.000408945,
1995.937365641, 1.000180935,
1995.998661348, 1.000205924,
1996.019093350, 1.000166285,
1996.039525252, 1.000247280,
1996.059957153, 1.000349563,
1996.080389054, 0.999985576,
1996.100820955, 1.000067980,
1996.121252855, 1.000448163,
1996.141684756, 1.000141974,
1996.162116655, 1.000489255,
1996.182548555, 0.999979351,
1996.202980454, 0.999875838,
1996.223412353, 1.000324016,
1996.243844351, 0.999721013,
1996.264276150, 0.999962416,
1996.284708048, 0.999998365,
1996.305140045, 0.999770974,
1996.325571842, 1.000183780,
1996.346003740, 0.999608396,
1996.366435736, 1.000225143,
1996.386867533, 0.999781843,
1996.407299429, 1.000443502,
1996.427731424, 0.999642374,
1996.489027110, 1.000082586,
1996.509458905, 0.999592471,
1996.529890899, 0.999950029,
1996.550322793, 1.000319247,
1996.570754686, 1.000113416,
1996.591186580, 0.999704794,
1996.611618473, 0.999834574,
1996.632050365, 0.999729238,
1996.652482258, 0.999645250,
1996.672914150, 0.999957729,
1996.734209824, 0.999526153,
1996.754641715, 0.999395123,
1996.775073706, 0.999451158,
1996.795505496, 0.999952671,
1996.815937386, 0.999224106,
1996.836369376, 0.999244638,
1996.856801165, 0.999325645,
1996.877233054, 0.999520008,
1996.897664943, 0.999344516,
1996.918096832, 0.999413691,
1996.979392495, 0.999386374,
1996.999824482, 0.999506952,
1997.020256269, 0.999203104,
1997.040688156, 0.998928033,
1997.061120142, 0.999422098,
1997.101983814, 0.999431365,
1997.122415800, 0.999088851,
1997.142847685, 0.999392083,
1997.163279470, 0.999037933,
1997.224575122, 0.998851627,
1997.245007106, 0.999149921,
1997.265438990, 0.999002352,
1997.285870773, 0.998657048,
1997.306302755, 0.999345411,
1997.326734638, 0.998974683,
1997.347166620, 0.999208718,
1997.367598402, 0.998769402,
1997.388030283, 0.999316341,
1997.408462265, 0.998976003,
1997.428894046, 0.998369688,
1997.449325926, 0.998898134,
1997.469757907, 0.998856854,
1997.490189687, 0.998761593,
1997.531053546, 0.998513354,
1997.551485425, 0.998276126,
1997.571917204, 0.998352409,
1997.592349182, 0.998524554,
1997.612780961, 0.998586876,
1997.633212839, 0.998547837,
1997.653644817, 0.998360556,
1997.714940448, 0.998338203,
1997.735372224, 0.998282495,
1997.755804201, 0.998504742,
1997.776236077, 0.998487058,
1997.796667852, 0.997923927,
1997.817099827, 0.998077414,
1997.837531703, 0.998523951,
1997.857963477, 0.998253888,
1997.878395452, 0.998565443,
1997.898827326, 0.997972438,
1997.960122947, 0.997936601,
1997.980554820, 0.997680101,
1998.000986693, 0.997746455,
1998.021418565, 0.997310140,
1998.041850437, 0.997917646,
1998.062282409, 0.997588583,
1998.082714180, 0.997690569,
1998.103146151, 0.997761318,
1998.123578022, 0.997462692,
1998.144009793, 0.997813519,
1998.164441764, 0.998443544,
1998.184873634, 0.997608720,
1998.205305403, 0.997398923,
1998.225737373, 0.997739931,
1998.246169242, 0.997502240,
1998.266601011, 0.997428438,
1998.287032980, 0.997129191,
1998.307464848, 0.997583094,
1998.348328584, 0.997481645,
1998.368760351, 0.997316261,
1998.389192318, 0.997472277,
1998.450487818, 0.996855250,
1998.470919784, 0.997017340,
1998.491351650, 0.996679785,
1998.511783516, 0.997174864,
1998.532215381, 0.996478884,
1998.552647246, 0.996816584,
1998.573079210, 0.996785042,
1998.593510975, 0.996725045,
1998.613942839, 0.996748013,
1998.634374802, 0.996732485,
1998.695670392, 0.996771121,
1998.716102154, 0.996213757,
1998.736534017, 0.996341890,
1998.756965979, 0.996720560,
1998.777397741, 0.996405104,
1998.797829602, 0.996534629,
1998.818261563, 0.996579863,
1998.838693324, 0.996175075,
1998.859125185, 0.996250351,
1998.879557145, 0.996179364,
1998.899989005, 0.996357811,
1998.920420865, 0.996345392,
1998.940852724, 0.996104533,
1998.961284583, 0.995995948,
1998.981716442, 0.995833128,
1999.002148301, 0.996472545,
1999.022580159, 0.995833353,
1999.043012117, 0.996002372,
1999.063443875, 0.995798440,
1999.083875733, 0.996193060,
1999.104307590, 0.995636641,
1999.124739447, 0.995833276,
1999.186035016, 0.995451690,
1999.206466771, 0.995515952,
1999.226898727, 0.995295815,
1999.247330582, 0.995669925,
1999.267762537, 0.995610514,
1999.288194292, 0.995730949,
1999.308626146, 0.995102226,
1999.329058100, 0.995242688,
1999.349489854, 0.994870247,
1999.369921708, 0.994954490,
1999.390353661, 0.994892511,
1999.410785514, 0.994762169,
1999.431217267, 0.995300805,
1999.451649219, 0.995106442,
1999.472081071, 0.994671604,
1999.492512823, 0.994815219,
1999.533376626, 0.994408389,
1999.553808377, 0.994629694,
1999.574240328, 0.994802022,
1999.594672179, 0.994658033,
1999.676399678, 0.994890978,
1999.696831427, 0.994342597,
1999.717263276, 0.994391796,
1999.737695224, 0.993885687,
1999.758126973, 0.994136328,
1999.778558821, 0.994322441,
1999.798990768, 0.994623310,
1999.819422516, 0.994509346,
1999.839854363, 0.994210107,
1999.860286210, 0.994343015,
1999.921581749, 0.994397517,
1999.942013595, 0.993949769,
1999.962445440, 0.993956727,
1999.982877386, 0.993793798,
2000.003309131, 0.993988588,
2000.023741075, 0.994127881,
2000.044172920, 0.994486339,
2000.064604664, 0.993578639,
2000.085036608, 0.993529635,
2000.105468451, 0.993769569,
2000.125900195, 0.993509683,
2000.146332138, 0.993400441,
2000.166763981, 0.993532773,
2000.187195723, 0.993626573,
2000.207627665, 0.993709515,
2000.228059508, 0.993421017,
2000.248491349, 0.993550590,
2000.268923191, 0.993348169,
2000.289355032, 0.993427447,
2000.309786873, 0.993048688,
2000.330218713, 0.993241051,
2000.350650554, 0.993618732,
2000.411946073, 0.992492706,
2000.432378013, 0.992378368,
2000.452809852, 0.992802238,
2000.473241590, 0.993197798,
2000.493673529, 0.993033280,
2000.514105367, 0.992835689,
2000.534537105, 0.992589419,
2000.554969043, 0.992478404,
2000.575400880, 0.992679846,
2000.595832617, 0.992206318,
2000.636696291, 0.992419376,
2000.657128127, 0.992516783,
2000.677560063, 0.991801807,
2000.697991799, 0.992219560,
2000.718423635, 0.992332241,
2000.738855570, 0.992257280,
2000.759287305, 0.992198699,
2000.779719240, 0.991812205,
2000.800151074, 0.992010991,
2000.820582908, 0.991846202,
2000.841014742, 0.991549975,
2000.861446576, 0.991611624,
2000.881878410, 0.991806366,
2000.902310243, 0.991722746,
2000.922742075, 0.991998229,
2000.963605841, 0.991895546,
2000.984037573, 0.991512724,
2001.004469404, 0.991319748,
2001.024901336, 0.991859839,
2001.045333067, 0.991651467,
2001.065764898, 0.991585960,
2001.086196829, 0.991572737,
2001.147492320, 0.991367980,
2001.167924050, 0.991405481,
2001.188355979, 0.991174629,
2001.208787808, 0.991178125,
2001.229219637, 0.990562339,
2001.249651466, 0.991131024,
2001.270083194, 0.990852586,
2001.290515123, 0.991061883,
2001.310946950, 0.990934085,
2001.331378778, 0.990945060,
2001.351810505, 0.990911218,
2001.372242433, 0.990597462,
2001.392674259, 0.990804505,
2001.413105986, 0.990869213,
2001.433537912, 0.990456949,
2001.453969738, 0.990157717,
2001.474401464, 0.990910762,
2001.494833390, 0.990522625,
2001.515265215, 0.990760425,
2001.535697140, 0.990214362,
2001.556128865, 0.990301743,
2001.576560689, 0.990277394,
2001.637856162, 0.990841655,
2001.658288085, 0.990419857,
2001.678719808, 0.990333217,
2001.699151631, 0.990272331,
2001.719583554, 0.990047352,
2001.740015277, 0.990529973,
2001.760447099, 0.990149377,
2001.780879021, 0.990420211,
2001.801310842, 0.989821085,
2001.821742564, 0.990262295,
2001.842174485, 0.989868166,
2001.862606306, 0.990458729,
2001.883038227, 0.990179532,
2001.903469947, 0.990135456,
2001.923901767, 0.990156137,
2001.944333687, 0.989895858,
2001.964765407, 0.989736721,
2001.985197226, 0.989562638,
2002.005629045, 0.989637083,
2002.026060864, 0.989661903,
2002.046492683, 0.989922499,
2002.066924501, 0.989910674,
2002.128219955, 0.989285482,
2002.148651772, 0.989849307,
2002.169083589, 0.989585460,
2002.189515406, 0.989857820,
2002.209947223, 0.989456026,
2002.230379139, 0.989676427,
2002.250810855, 0.989256450,
2002.271242671, 0.989332002,
2002.312106402, 0.989337196,
2002.332538117, 0.989238498,
2002.352970032, 0.989546174,
2002.373401847, 0.989050800,
2002.393833561, 0.989427144,
2002.414265475, 0.989514938,
2002.434697289, 0.989418759,
2002.455129003, 0.989644045,
2002.475560916, 0.989307933,
2002.495992729, 0.989269550,
2002.516424442, 0.989108349,
2002.536856355, 0.989116320,
2002.557288167, 0.989171471,
2002.639015514, 0.989176603,
2002.659447225, 0.989008374,
2002.679879036, 0.989579787,
2002.700310947, 0.989284122,
2002.720742657, 0.989430179,
2002.741174467, 0.989210023,
2002.761606277, 0.989154189,
2002.782038087, 0.989023781,
2002.802469896, 0.988872646,
2002.822901805, 0.988977788,
2002.843333514, 0.989275611,
2002.863765323, 0.988594337,
2002.884197231, 0.989355916,
2002.904628939, 0.988818404,
2002.925060747, 0.989286776,
2002.945492655, 0.988931571,
2002.965924362, 0.989090268,
2002.986356270, 0.988493664,
2003.006788077, 0.988798751,
2003.027219783, 0.988626403,
2003.047651690, 0.988694385,
2003.108947108, 0.988999744,
2003.129378913, 0.988741314,
2003.149810718, 0.988869158,
2003.170242523, 0.989035661,
2003.190674328, 0.989020262,
2003.211106133, 0.988880096,
2003.231537937, 0.988928334,
2003.251969741, 0.988979544,
2003.272401545, 0.988965774,
2003.292833448, 0.988718751,
2003.313265151, 0.988944288,
2003.333697055, 0.988700802,
2003.354128857, 0.988339490,
2003.374560560, 0.988583256,
2003.394992462, 0.988295553,
2003.415424264, 0.988857722,
2003.435855966, 0.988915415,
2003.456287868, 0.988489789,
2003.476719569, 0.988906306,
2003.497151370, 0.988621205,
2003.517583271, 0.988410074,
2003.538014972, 0.989072500,
2003.599310372, 0.989251169,
2003.619742172, 0.988826862,
2003.640174071, 0.988779387,
2003.660605871, 0.988872189,
2003.681037670, 0.988718630,
2003.701469469, 0.989232797,
2003.721901267, 0.988814516,
2003.742333065, 0.988926218,
2003.762764863, 0.988637436,
2003.783196661, 0.988843490,
2003.803628559, 0.988708990,
2003.824060256, 0.988648862,
2003.844492053, 0.988631455,
2003.864923950, 0.988863103,
2003.885355647, 0.988759246,
2003.905787443, 0.988662618,
2003.926219339, 0.988876178,
2003.946651035, 0.988569425,
2003.967082831, 0.988959369,
2003.987514726, 0.988596401,
2004.007946421, 0.988701878,
2004.028378316, 0.988931390,
2004.089673700, 0.988926613,
2004.110105494, 0.989022977,
2004.130537287, 0.989393252,
2004.150969081, 0.989133333,
2004.171400874, 0.989101730,
2004.191832667, 0.988961001,
2004.212264460, 0.989152099,
2004.232696253, 0.989334032,
2004.253127945, 0.988813418,
2004.273559838, 0.989471096,
2004.293991629, 0.989263727,
2004.314423321, 0.989189613,
2004.334855213, 0.988891114,
2004.355287004, 0.989077981,
2004.375718895, 0.989288734,
2004.396150586, 0.988783867,
2004.416582376, 0.988987391,
2004.437014267, 0.989057778,
2004.457445957, 0.989151204,
2004.477877747, 0.989057534,
2004.498309636, 0.989412594,
2004.518741326, 0.989176641,
2004.580036692, 0.989333410,
2004.600468481, 0.989352105,
2004.620900369, 0.989267910,
2004.641332157, 0.989555370,
2004.661763845, 0.989196893,
2004.682195732, 0.989078656,
2004.702627520, 0.989097014,
2004.723059307, 0.989424598,
2004.743491094, 0.989520195,
2004.763922880, 0.989892063,
2004.845650025, 0.990253486,
2004.866081810, 0.989660702,
2004.886513596, 0.989847718,
2004.906945381, 0.990574285,
2004.947808950, 0.989413961,
2004.968240734, 0.989896050,
2004.988672519, 0.989873302,
2005.009104303, 0.989949459,
2005.029536086, 0.989493478,
2005.049967870, 0.990054809,
2005.070399753, 0.989958704,
2005.090831436, 0.989886629,
2005.111263219, 0.990128654,
2005.131695101, 0.990188218,
2005.152126884, 0.990006721,
2005.172558566, 0.990311213,
2005.192990448, 0.989675244,
2005.213422230, 0.990125563,
2005.233853911, 0.990214389,
2005.254285792, 0.989728273,
2005.295149254, 0.989991802,
2005.315581135, 0.990619167,
2005.336012915, 0.990455205,
2005.356444595, 0.990305830,
2005.376876475, 0.989905600,
2005.397308255, 0.990186143,
2005.417740134, 0.990286791,
2005.438171814, 0.990618700,
2005.458603593, 0.990015756,
2005.479035472, 0.990249690,
2005.499467150, 0.989976731,
2005.519898928, 0.990428504,
2005.540330807, 0.990211738,
2005.560762485, 0.990648343,
2005.581194262, 0.990435226,
2005.601626140, 0.990798347,
2005.622057817, 0.990679457,
2005.642489594, 0.990497892,
2005.662921371, 0.990752687,
2005.683353148, 0.990839202,
2005.703784924, 0.990650417,
2005.724216800, 0.990711280,
2005.744648476, 0.990915010,
2005.805943803, 0.990886115,
2005.826375678, 0.990769743,
2005.846807453, 0.990877480,
2005.867239127, 0.991309615,
2005.887671002, 0.991126918,
2005.908102776, 0.990833451,
2005.928534450, 0.991060888,
2005.969398097, 0.991012036,
2005.989829871, 0.990885329,
2006.010261644, 0.990788904,
2006.030693417, 0.991171079,
2006.051125190, 0.991346118,
2006.071556962, 0.990976808,
2006.091988735, 0.991483002,
2006.112420607, 0.991636655,
2006.132852279, 0.991482640,
2006.153284050, 0.991456054,
2006.173715922, 0.991548008,
2006.194147693, 0.991429944,
2006.214579364, 0.991101317,
2006.235011235, 0.991619895,
2006.255443005, 0.991396066,
2006.275874676, 0.991922518,
2006.296306546, 0.991830938,
2006.316738316, 0.991467678,
2006.337169985, 0.991682567,
2006.357601855, 0.992326819,
2006.378033524, 0.991804313,
2006.398465293, 0.992003552,
2006.418897162, 0.991726397,
2006.439328831, 0.991685551,
2006.459760700, 0.992278588,
2006.480192468, 0.992270359,
2006.541487771, 0.992088000,
2006.561919539, 0.992245477,
2006.582351306, 0.992092647,
2006.602783073, 0.992324364,
2006.623214840, 0.992088275,
2006.643646706, 0.992467301,
2006.664078373, 0.992441371,
2006.684510139, 0.991890587,
2006.704942005, 0.992404726,
2006.725373671, 0.992581417,
2006.745805436, 0.992770262,
2006.766237301, 0.992498362,
2006.786668967, 0.992454226,
2006.807100831, 0.992435700,
2006.827532596, 0.992679682,
2006.847964261, 0.992626064,
2006.868396125, 0.992735147,
2006.888827889, 0.992841341,
2006.909259553, 0.992620402,
2006.929691417, 0.992347361,
2006.950123180, 0.992980433,
2006.970554843, 0.993114176,
2007.031850232, 0.992770151,
2007.052281994, 0.993288016,
2007.072713757, 0.993024902,
2007.093145519, 0.993183891,
2007.113577280, 0.993564288,
2007.134009042, 0.993260152,
2007.154440804, 0.993551688,
2007.174872565, 0.993466602,
2007.195304326, 0.993419593,
2007.215736187, 0.993454151,
2007.236167847, 0.993301045,
2007.256599608, 0.993627677,
2007.277031468, 0.993668059,
2007.297463128, 0.993530131,
2007.317894887, 0.993840876,
2007.338326747, 0.993564461,
2007.358758407, 0.993695776,
2007.379190166, 0.993449096,
2007.399622025, 0.994050226,
2007.420053683, 0.993890278,
2007.440485542, 0.993914285,
2007.460917301, 0.993520459,
2007.522212575, 0.994029211,
2007.542644332, 0.994102819,
2007.563076090, 0.994142818,
2007.583507847, 0.994054665,
2007.603939604, 0.994031409,
2007.624371461, 0.994199834,
2007.644803117, 0.994079711,
2007.665234873, 0.994555958,
2007.685666730, 0.994453231,
2007.706098386, 0.994255849,
2007.726530141, 0.995193609,
2007.746961897, 0.994608015,
2007.767393652, 0.994307467,
2007.787825507, 0.994668065,
2007.808257262, 0.994796315,
2007.828688917, 0.994271683,
2007.849120772, 0.994539533,
2007.869552426, 0.994941510,
2007.889984181, 0.994827103,
2007.910416034, 0.994874888,
2007.930847688, 0.994993529,
2007.951279442, 0.994733128,
2007.971711295, 0.995001736,
2007.992142949, 0.995097971,
2008.012574702, 0.994747556,
2008.033006555, 0.994953272,
2008.053438307, 0.995358886,
2008.073869960, 0.995220840,
2008.094301812, 0.995072186,
2008.114733564, 0.995480910,
2008.135165316, 0.995328904,
2008.155597068, 0.995714545,
2008.176028819, 0.995629803,
2008.196460670, 0.995512742,
2008.257755923, 0.995702220,
2008.278187573, 0.995737706,
2008.298619324, 0.995686552,
2008.319051174, 0.995952806,
2008.339482824, 0.995737824,
2008.359914574, 0.995596964,
2008.380346423, 0.995776315,
2008.421209822, 0.995637125,
2008.441641671, 0.996002860,
2008.523368665, 0.996424811,
2008.543800413, 0.996330809,
2008.564232161, 0.996174030,
2008.584663808, 0.996540188,
2008.605095656, 0.996333295,
2008.625527403, 0.996526498,
2008.645959050, 0.996705823,
2008.666390897, 0.996720209,
2008.686822643, 0.996425622,
2008.707254290, 0.996140311,
2008.727686136, 0.996422529,
2008.748117882, 0.996329293,
2008.768549728, 0.996977720,
2008.788981374, 0.997026695,
2008.809413120, 0.996861924,
2008.829844965, 0.996896397,
2008.850276610, 0.997063523,
2008.870708355, 0.996913346,
2008.891140200, 0.996639487,
2008.911571845, 0.997028973,
2008.932003589, 0.997330282,
2008.952435433, 0.997406321,
2008.972867077, 0.997148855,
2008.993298821, 0.997031514,
2009.013730665, 0.997038586,
2009.034162409, 0.996951984,
2009.054594052, 0.997742663,
2009.075025895, 0.997421711,
2009.095457638, 0.997363093,
2009.115889381, 0.997387073,
2009.136321123, 0.997716560,
2009.156752866, 0.997851611,
2009.177184708, 0.997444160,
2009.238479834, 0.997486531,
2009.258911575, 0.998042920,
2009.279343216, 0.998362210,
2009.299775057, 0.997952601,
2009.320206798, 0.997523695,
2009.340638439, 0.998109353,
2009.361070280, 0.997829294,
2009.381502020, 0.997795684,
2009.401933860, 0.998061615,
2009.422365500, 0.997973692,
2009.442797240, 0.998286450,
2009.463229080, 0.998358400,
2009.483660719, 0.998036602,
2009.504092459, 0.998029708,
2009.524524298, 0.998541105,
2009.544956037, 0.998227989,
2009.565387675, 0.998083311,
2009.585819514, 0.998382909,
2009.606251252, 0.999056253,
2009.626682891, 0.998650642,
2009.647114729, 0.998918868,
2009.667546467, 0.998493727,
2009.687978104, 0.998365239,
2009.708409942, 0.998655269,
2009.728841679, 0.998881231,
2009.749273516, 0.998972669,
2009.769705153, 0.998532313,
2009.790136890, 0.998732500,
2009.810568727, 0.998351157,
2009.831000363, 0.998989900,
2009.851432099, 0.998885119,
2009.871863836, 0.998718099,
2009.892295571, 0.998851787,
2009.912727307, 0.999217803,
2009.974022513, 0.999198730,
2009.994454248, 0.999298870,
2010.014885983, 0.999275116,
2010.035317718, 0.999111077,
2010.055749452, 0.999079882,
2010.076181187, 0.999296079,
2010.096613021, 0.999489617,
2010.117044755, 0.999353025,
2010.137476389, 0.999401195,
2010.157908222, 0.999235977,
2010.178339956, 0.999457787,
2010.198771589, 0.999195783,
2010.219203422, 0.999521055,
2010.239635155, 0.999654426,
2010.260066788, 0.999710417,
2010.280498620, 0.999685371,
2010.300930352, 1.000313435,
2010.321361985, 0.999995491,
2010.341793817, 0.999847435,
2010.362225549, 0.999980091,
2010.382657380, 0.999686285,
2010.403089012, 0.999852669,
2010.464384206, 1.000081251,
2010.484815937, 1.000255908,
2010.505247767, 1.000632665,
2010.525679498, 1.000394639,
2010.546111128, 1.000527186,
2010.566542958, 0.999671227,
2010.586974688, 0.999490900,
2010.607406318, 1.000166392,
2010.627838148, 0.999839000,
2010.648269877, 1.000286095,
2010.668701507, 1.000295470,
2010.689133336, 1.000618594,
2010.709564965, 1.000339045,
2010.729996794, 1.000092958,
2010.750428522, 1.000407775,
2010.770860151, 1.000502026,
2010.791291979, 1.000285421,
2010.811723707, 1.000820222,
2010.832155335, 1.000490845,
2010.852587163, 1.000596741,
2010.873018891, 1.000338600,
2010.893450518, 1.000367135,
2010.913882345, 1.000673285,
2010.934314073, 1.001271742,
2010.954745800, 1.000990219,
2010.975177526, 1.000660799,
2010.995609253, 1.000912051,
2011.016041080, 1.000979518,
2011.036472806, 1.000956021,
2011.056904432, 1.000647425,
2011.077336258, 1.001182307,
2011.097767984, 1.001049778,
2011.118199610, 1.001128388,
2011.138631435, 1.001154451,
2011.179494786, 1.001088393,
2011.199926611, 1.001127718,
2011.220358335, 1.000694297,
2011.240789960, 1.000833062,
2011.261221784, 1.001152586,
2011.281653509, 1.001572388,
2011.302085133, 1.001531824,
2011.322516957, 1.000867572,
2011.342948681, 1.000983498,
2011.363380405, 1.001472305,
2011.383812128, 1.001185725,
2011.445107298, 1.001215817,
2011.465539021, 1.001545477,
2011.485970743, 1.001802029,
2011.506402466, 1.001430184,
2011.526834188, 1.001139397,
2011.547266011, 1.001404119,
2011.567697633, 1.001466361,
2011.588129355, 1.001598578,
2011.608561176, 1.001490734,
2011.628992798, 1.001322885,
2011.649424619, 1.001332477,
2011.669856341, 1.001640684,
2011.690287962, 1.001306655,
2011.710719783, 1.001735987,
2011.731151504, 1.001761908,
2011.751583124, 1.001439385,
2011.772014945, 1.001492771,
2011.792446665, 1.001936515,
2011.812878285, 1.001527285,
2011.833310105, 1.001854456,
2011.853741825, 1.001599308,
2011.874173545, 1.001293332,
2011.894605264, 1.001521695,
2011.915036984, 1.001601217,
2011.935468803, 1.001626722,
2011.955900422, 1.001837851,
2011.976332141, 1.001731583,
2011.996763960, 1.001747590,
2012.017195678, 1.001771601,
2012.037627297, 1.001506733,
2012.058059115, 1.001757440,
2012.078490733, 1.001542235,
2012.098922451, 1.001706610,
2012.119354269, 1.001572445,
2012.139785887, 1.001691002,
2012.160217604, 1.001232539,
2012.180649421, 1.001754597,
2012.201081039, 1.001720384,
2012.221512756, 1.001709862,
2012.241944573, 1.001788901,
2012.262376190, 1.001673945,
2012.282808006, 1.001856604,
2012.303239723, 1.002165867,
2012.323671339, 1.001433808,
2012.344103155, 1.001203461,
2012.364534871, 1.001856517,
2012.425830018, 1.002016212,
2012.446261734, 1.001915767,
2012.466693449, 1.001543835,
2012.487125164, 1.001368538,
2012.507556879, 1.001781685,
2012.527988594, 1.001780769,
2012.548420308, 1.002020632,
2012.568852123, 1.002031684,
2012.589283837, 1.001734886,
2012.609715451, 1.002059410,
2012.630147265, 1.001324936,
2012.650578979, 1.001074119,
2012.671010593, 1.001624997,
2012.691442406, 1.001268512,
2012.711874120, 1.002083291,
2012.732305733, 1.001720931,
2012.752737546, 1.001940570,
2012.773169259, 1.001378677,
2012.793600872, 1.001284152,
2012.814032685, 1.001602246,
2012.834464397, 1.001687507,
2012.854896110, 1.001834047,
2012.916191246, 1.001869458,
2012.936622958, 1.001491345,
2012.957054669, 1.001340855,
2012.977486381, 1.001783662,
2012.997918092, 1.001701916,
2013.018349804, 1.001814309,
2013.038781515, 1.001900914,
2013.059213225, 1.003719680,
2013.079644936, 1.001584645,
2013.100076747, 1.001938466,
2013.140940168, 1.001588616,
2013.161371878, 1.001642989,
2013.181803488, 1.001682365,
2013.202235298, 1.001862369,
2013.222667008, 1.001639236,
2013.243098617, 1.001394674,
2013.263530427, 1.001570221,
2013.283962136, 1.001526295,
2013.304393745, 1.001913607,
2013.324825554, 1.001901541,
2013.345257263, 1.001682642,
2013.365688872, 1.001762355,
2013.386120681, 1.002109994,
2013.406552389, 1.001808534,
2013.426984098, 1.001531411,
2013.447415806, 1.001696123,
2013.467847514, 1.001546988,
2013.488279222, 1.001346016,
2013.508710930, 1.001695513,
2013.529142637, 1.001573001,
2013.549574345, 1.001525218,
2013.570006052, 1.001685761,
2013.590437759, 1.002057499,
2013.610869566, 1.001978007,
2013.631301173, 1.001645475,
2013.651732880, 1.001857790,
2013.672164687, 1.001356162,
2013.692596293, 1.001587828,
2013.713028000, 1.001964780,
2013.733459806, 1.001595237,
2013.753891412, 1.001927094,
2013.774323218, 1.001823650,
2013.794754924, 1.001952998,
2013.815186530, 1.001737151,
2013.835618335, 1.001811333,
2013.896913451, 1.001644267,
2013.917345156, 1.002043432,
2013.937776861, 1.001480272,
2013.958208566, 1.001861296,
2013.978640270, 1.002020098,
2013.999071975, 1.001665303,
2014.019503679, 1.001908475,
2014.039935383, 1.001873464,
2014.060367187, 1.001884323,
2014.080798891, 1.002037367,
2014.101230495, 1.001702377,
2014.121662299, 1.001483851,
2014.142094002, 1.001743536,
2014.162525606, 1.001581030,
2014.182957409, 1.001511357,
2014.203389112, 1.001920860,
2014.223820715, 1.001752427,
2014.244252518, 1.001779538,
2014.264684120, 1.001675485,
2014.285115823, 1.001871918,
2014.305547625, 1.001759716,
2014.325979228, 1.001965799,
2014.346411030, 1.001630278,
2014.366842732, 1.001861216,
2014.387274334, 1.001599367,
2014.407706136, 1.001522093,
2014.428137837, 1.001647718,
2014.448569539, 1.002001995,
2014.469001240, 1.002127527,
2014.489432941, 1.001980560,
2014.509864643, 1.001848662,
2014.530296344, 1.001920273,
2014.550728044, 1.001961257,
2014.571159745, 1.001983300,
2014.591591546, 1.002160869,
2014.612023146, 1.001738448,
2014.632454947, 1.002040123,
2014.652886647, 1.001725062,
2014.673318247, 1.001679362,
2014.693750047, 1.001921985,
2014.714181747, 1.001978130,
2014.734613346, 1.002264203,
2014.755045146, 1.002082787,
2014.775476845, 1.001824988,
2014.795908445, 1.002256556,
2014.816340244, 1.002261416,
2014.877635341, 1.001780845,
2014.898067039, 1.001560634,
2014.918498738, 1.001976122,
2014.938930436, 1.001879496,
2014.959362135, 1.001777323,
2014.979793833, 1.002159004,
2017.860662710, 1.004248907,
2017.881094493, 1.004406313,
2017.901526075, 1.004601283,
2017.921957757, 1.004394079,
2017.942389539, 1.004805056,
2017.962821121, 1.004554167,
2017.983252803, 1.004589140,
2018.003684585, 1.004617324,
2018.024116166, 1.004738990,
2018.044547848, 1.004350059,
2018.064979629, 1.004645449,
2018.085411211, 1.004549870,
2018.105842992, 1.004598368,
2018.126274673, 1.004316652,
2018.146706354, 1.004625299,
2018.167138035, 1.004400882,
2018.187569716, 1.004360124,
2018.208001397, 1.004222739,
2018.228433078, 1.004226799,
2018.248864759, 1.004284657,
2018.269296439, 1.004499380,
2018.289728219, 1.004480834,
2018.310159800, 1.004136592,
2018.330591480, 1.004188752,
2018.351023260, 1.004317559,
2018.371454840, 1.004052225,
2018.391886620, 1.003948601,
2018.412318300, 1.004355132,
2018.432749880, 1.003856469,
2018.453181660, 1.003923797,
2018.473613339, 1.004294518,
2018.494044919, 1.004362097,
2018.514476698, 1.004359205,
2018.534908278, 1.003595990,
2018.555339957, 1.004470741,
2018.575771736, 1.003892652,
2018.596203315, 1.003784159,
2018.616635094, 1.004137190,
2018.637066773, 1.003609387,
2018.657498452, 1.004107864,
2018.677930131, 1.003931691,
2018.698361809, 1.003713504,
2018.718793488, 1.003288459,
2018.739225166, 1.003608527,
2018.800520301, 1.004136220,
2018.820951879, 1.004150296,
2018.841383657, 1.004137273,
2018.861815335, 1.003774552,
2018.882246913, 1.004778961,
2018.902678691, 1.004075208,
2018.923110369, 1.003737570,
2018.943541946, 1.004084608,
2018.963973724, 1.003487878,
2018.984405401, 1.003868929,
2019.004836978, 1.003506999,
2019.025268756, 1.004062307,
2019.045700433, 1.003870845,
2019.066132010, 1.003809417,
2019.086563787, 1.003581292,
2019.106995464, 1.004191594,
2019.127427140, 1.003850887,
2019.147858817, 1.003855565,
2019.168290494, 1.003592881,
2019.188722170, 1.003822163,
2019.209153847, 1.003946202,
2019.229585523, 1.003424480,
2019.250017200, 1.003648399,
2019.270448876, 1.003382672,
2019.290880552, 1.003742446,
2019.311312228, 1.003447021,
2019.331743904, 1.003614884,
2019.352175680, 1.003714950,
2019.372607356, 1.003661503,
2019.393038931, 1.003862987,
2019.413470707, 1.003726668,
2019.433902383, 1.003733958,
2019.454333958, 1.003655099,
2019.474765734, 1.003736494,
2019.495197409, 1.003707785,
2019.515628984, 1.003804729,
2019.536060759, 1.003630072,
2019.556492435, 1.003403318,
2019.576924010, 1.003552365,
2019.597355784, 1.003201980,
2019.617787459, 1.003604710,
2019.638219234, 1.003722094,
2019.658650809, 1.003443759,
2019.679082483, 1.003449080,
2019.699514258, 1.003411887,
2019.719945832, 1.003322826,
2019.781240955, 1.003331417,
2019.801672530, 1.003380783,
2019.822104304, 1.003845147,
2019.862967652, 1.003730575,
2019.883399325, 1.003400203,
2019.903830899, 1.004076584,
2019.924262673, 1.003909310,
2019.944694346, 1.003371558,
2019.965125920, 1.003595079,
2019.985557693, 1.003217118,
2020.005989367, 1.003859448,
2020.026420940, 1.003359667,
2020.046852713, 1.003440544,
2020.067284387, 1.003525016,
2020.087715960, 1.003352898,
2020.108147733, 1.003643329,
2020.128579406, 1.003316575,
2020.149011178, 1.003165231,
2020.169442751, 1.003189393,
2020.189874424, 1.003643715,
2020.210306197, 1.003674006,
2020.230737769, 1.003523771,
2020.251169442, 1.003466290,
2020.271601214, 1.003698498,
2020.292032886, 1.003569907,
2020.312464459, 1.003200878,
2020.332896231, 1.003554521,
2020.353327903, 1.003189205,
2020.373759575, 1.002962450,
2020.394191247, 1.003553694,
2020.414622919, 1.003242511,
2020.435054691, 1.003216131,
2020.455486263, 1.002938631,
2020.475917934, 1.004008515,
2020.496349606, 1.003298746,
2020.516781277, 1.004165504,
2020.537212949, 1.004336834,
2020.557644620, 1.003682142,
2020.578076292, 1.003591791,
2020.598507963, 1.003400789,
2020.618939634, 1.003322679,
2020.639371305, 1.003179174,
2020.659803077, 1.003105305,
2020.680234648, 1.003308439,
2020.700666318, 1.002874671,
2020.721098089, 1.003614278,
2020.741529660, 1.003289013,
2020.761961331, 1.003172459,
2020.782393102, 1.003394822,
2020.802824772, 1.003402776,
2020.823256343, 1.003176706,
2020.843688113, 1.002969793,
2020.864119784, 1.003322676,
2020.884551454, 1.003215884,
2020.904983124, 1.004338674,
2020.925414794, 1.003593151,
2020.945846464, 1.003501743,
2020.966278135, 1.003210534,
2020.986709805, 1.003039230,
2021.007141575, 1.003363892,
2021.027573144, 1.005301304,
2021.048004814, 1.003075306,
2021.068436584, 1.003125589,
2021.088868154, 1.003405470,
2021.109299823, 1.003218765,
2021.129731593, 1.003261158,
2021.150163162, 1.002741816,
2021.170594932, 1.003108099,
2021.191026601, 1.003013001,
2021.211458170, 1.003300340,
2021.231889940, 1.003093383,
2021.252321609, 1.003262097,
2021.272753178, 1.003086471,
2021.293184947, 1.003090709,
2021.313616516, 1.003384314,
2021.334048185, 1.003550942,
2021.354479954, 1.002899851,
2021.374911623, 1.003416324,
2021.395343291, 1.003314734,
2021.415774960, 1.003099361,
2021.436206629, 1.003458518,
2021.456638297, 1.003198666,
2021.477069966, 1.003378206,
2021.497501634, 1.003239359,
2021.517933402, 1.003349123,
2021.538364971, 1.002653424,
2021.558796639, 1.003209253,
2021.579228407, 1.003472977,
2021.599659975, 1.002848956,
2021.620091743, 1.002951729,
2021.640523411, 1.003353695,
2021.660954979, 1.003032298,
2021.681386747, 1.003471931,
2021.722249983, 1.002889015,
2021.742681751, 1.003004349,
2021.763113418, 1.003093966,
2021.783544986, 1.003352486,
2021.803976754, 1.003030950,
2021.824408421, 1.003039656,
2021.844840088, 1.003377319,
2021.865271756, 1.002850936,
2021.885703423, 1.003333254,
2021.906135090, 1.003091922,
2021.926566758, 1.003372380,
2021.946998425, 1.003164169,
2021.967430092, 1.003277165,
2021.987861759, 1.003091584,
2022.008293426, 1.003135023,
2022.028725193, 1.002900905,
2022.049156760, 1.002920055,
2022.069588427, 1.003493310,
2022.090020193, 1.002870475,
2022.110451760, 1.003069277,
2022.130883527, 1.003238948,
2022.151315193, 1.003367998,
2022.171746760, 1.003213890,
2022.192178526, 1.003609834,
2022.212610193, 1.002641120,
2022.233041759, 1.003383470,
2022.253473526, 1.003074561,
2022.273905192, 1.002952990,
2022.294336758, 1.002998716,
2022.314768524, 1.002958781,
2022.335200190, 1.002612514,
2022.355631956, 1.002699003,
2022.376063522, 1.002829610,
2022.396495188, 1.002731265,
2022.416926954, 1.002799186,
2022.478221952, 1.002759379,
2022.498653618, 1.002884663,
2022.519085183, 1.002612242,
2022.539516949, 1.002960298,
2022.559948615, 1.003234597,
2022.580380180, 1.002870579,
2022.600811946, 1.003054699,
2022.621243611, 1.002743889,
2022.641675276, 1.003021208,
2022.662106942, 1.003028407,
2022.682538507, 1.003170443,
2022.702970272, 1.002845029,
2022.723401937, 1.003072558,
2022.743833503, 1.002541793,
2022.764265268, 1.002815771,
2022.784696933, 1.002656385,
2022.805128498, 1.002814289,
2022.825560263, 1.002425924,
2022.845991928, 1.002798932,
2022.866423692, 1.002847428,
2022.886855257, 1.002746657,
2022.907286922, 1.002703001,
2022.927718687, 1.002678840,
2022.948150251, 1.002505531,
2022.968581916, 1.002755944,
2022.989013681, 1.002552417,
2023.009445345, 1.002440026,
2023.029876910, 1.002570467,
2023.050308674, 1.002259908,
2023.070740339, 1.002415667,
2023.091172003, 1.002454391,
2023.111603667, 1.002445582,
2023.132035331, 1.002455777,
2023.152467096, 1.002558094,
2023.193330324, 1.001776333,
2023.213762088, 1.002616269,
2023.234193652, 1.002634267,
2023.254625316, 1.002455014,
2023.295488644, 1.002415199,
2023.315920308, 1.002576552,
2023.336352072, 1.002314721,
2023.356783636, 1.002339934,
2023.377215399, 1.002185298,
2023.397646963, 1.001968311,
2023.438510390, 1.002350538,
2023.458941954, 1.002003742,
2023.479373618, 1.002466068,
2023.499805381, 1.002531901,
2023.520237045, 1.002256902,
2023.540668608, 1.001861222,
2023.561100372, 1.002146596,
2023.581532035, 1.001663751,
2023.601963698, 1.002414869,
2023.622395362, 1.001908517,
2023.642827025, 1.002099745,
2023.724553778, 1.002825232,
2023.744985341, 1.002359249,
2023.765417004, 1.002113291,
2023.785848767, 1.002322668,
2023.806280330, 1.002080135,
2023.826712092, 1.001933102,
2023.847143755, 1.002040921,
2023.867575318, 1.001688152,
2023.888007081, 1.001541465,
2023.908438744, 1.002533507,
2023.949302069, 1.001593369,
2023.969733732, 1.001628551,
2023.990165394, 1.001298790,
2024.010597057, 1.002053097,
2024.031028720, 1.001684852,
2024.051460382, 1.001454159,
2024.071892045, 1.001183276,
2024.092323707, 1.001488050,
2024.112755369, 1.001897192,
2024.133187032, 1.001527077,
2024.174050356, 1.001576149,
2024.194482019, 1.001629791,
2024.214913681, 1.001870272,
2024.235345443, 1.001448121,
2024.255777005, 1.001555310,
2024.276208768, 1.001407913,
2024.296640430, 1.001144088,
2024.317071992, 1.001210937,
2024.337503754, 1.001832256,
2024.357935416, 1.001398951,
2024.419230402, 1.001266923,
2024.460093726, 1.001719779,
2024.480525387, 1.001598029,
2024.500957149, 1.001324485,
2024.521388711, 1.001091332,
2024.541820373, 1.001743273,
2024.562252134, 1.001284203,
2024.582683696, 1.001709913,
2024.603115358, 1.001424278,
2024.623547119, 1.001073872,
2024.664410343, 1.001047081,
2024.684842104, 1.002777706,
2024.705273766, 1.001139182,
2024.725705427, 1.001100959,
2024.746137089, 1.001354770,
2024.766568650, 1.001490075,
2024.787000411, 1.001068498,
2024.807432073, 1.001072505,
2024.827863634, 1.001212431,
2024.848295396, 1.001066438,
2024.868727057, 1.001433431,
2024.909590379, 1.001075735,
2024.930022041, 1.001019755,
2024.950453802, 1.001103841,
2024.970885363, 1.000674840,
2024.991317024, 1.000782666,
2025.011748785, 1.000919834,
2025.032180346, 1.000958598,
2025.052612007, 1.001077417,
2025.073043768, 1.000936831,
2025.093475329, 1.000929248,
2025.113906991, 1.000842226,
2025.154770412, 1.000631373,
2025.175202073, 1.000922559,
2025.195633734, 1.000322638,
2025.216065395, 1.000592144,
2025.236497056, 1.000845127,
2025.256928717, 1.000622236,
2025.277360378, 1.000497026,
2025.297792139, 1.000731862,
2025.318223699, 1.000546220,
2025.338655360, 1.000658030,
2025.359087121, 1.000554081,
2025.399950442, 1.000527755,
2025.420382003, 1.000136561,
2025.440813664, 0.999997643,
2025.461245424, 1.000227408,
2025.481676985, 1.000285799,
2025.502108645, 0.999996410,
2025.522540406, 1.000370740,
2025.542971967, 1.000127051,
2025.563403627, 1.000287252,
2025.583835388, 1.000319133,
2025.604266948, 0.999964912,
2025.685993690, 0.999908304,
2025.706425350, 1.000144529,
2025.726857011, 0.999940592,
2025.747288671, 0.999928424,
2025.767720331, 1.000196714,
2025.788151992, 0.999960530,
2025.808583652, 0.999684149,
2025.829015312, 0.999451991,
2025.849447073, 0.999792381,
2025.890310293, 0.999389055,
2025.910742054, 0.999302160,
2025.931173714, 0.999468801,
2025.951605274, 0.999345535,
2025.972037034, 0.999334002,
2025.992468694, 0.999187104,
2026.012900255, 0.999216564,
2026.033332015, 0.998828088,
2026.053763675, 0.999216315,
2026.074195335, 0.999102823,
2026.094626995, 0.999175144,
2026.155921975, 0.998989592,
2026.176353535, 0.998776545,
2026.196785295, 0.999018713,
2026.217216955, 0.998953680,
2026.237648615, 0.999429955,
2026.258080275, 0.998642378,
2026.278511935, 0.998767463,
2026.298943695, 0.998804243,
2026.319375255, 0.998926273,
2026.339806915, 0.998776699,
2026.421533655, 0.999024224,
2026.441965315, 0.998436434,
2026.462396875, 0.998513814,
2026.482828635, 0.998684784,
2026.503260295, 0.998610188,
2026.523692055, 0.999067290,
2026.544123615, 0.998717721,
2026.564555274, 0.998061975,
2026.584987034, 0.998126918,
2026.605418594, 0.997674786,
2026.625850254, 0.998116767,
2026.646282014, 0.998490135,
2026.666713574, 0.998217512,
2026.687145233, 0.998331859,
2026.707576993, 0.998323823,
2026.728008553, 0.998235738,
2026.748440313, 0.998143560,
2026.768871972, 0.997885972,
2026.809735292, 0.998164872,
2026.830166852, 0.997921456,
2026.871030271, 0.997556684,
2026.891461831, 0.997986683,
2026.911893491, 0.997455937,
2026.932325250, 0.997905601,
2026.952756910, 0.998222217,
2026.973188570, 0.997538511,
2026.993620230, 0.997505412,
2027.014051889, 0.997568764,
2027.034483649, 0.996661601,
2027.054915209, 0.997665038,
2027.075346868, 0.997309776,
2027.116210188, 0.997447843,
2027.136641848, 0.997650984,
2027.157073607, 0.997623886,
2027.177505167, 0.997687664,
2027.197936927, 0.997466021,
2027.218368586, 0.997793348,
2027.238800146, 0.997420534,
2027.259231906, 0.997099181,
2027.279663565, 0.996739484,
2027.300095125, 0.997397621,
2027.320526885, 0.997016687,
2027.381821864, 0.997206473,
2027.402253523, 0.996576949,
2027.422685283, 0.996864832,
2027.443116843, 0.997071349,
2027.463548502, 0.996610256,
2027.483980162, 0.996981174,
2027.504411922, 0.996547645,
2027.524843481, 0.996930872,
2027.545275241, 0.996610200,
2027.565706801, 0.996266168,
2027.627001780, 0.996722354,
2027.647433539, 0.996837163,
2027.667865199, 0.996809475,
2027.688296759, 0.996614450,
2027.708728518, 0.996621540,
2027.729160178, 0.996325779,
2027.749591738, 0.996606867,
2027.770023497, 0.996090224,
2027.790455157, 0.996444652,
2027.810886917, 0.996505932,
2027.872181896, 0.996218202,
2027.892613456, 0.996243876,
2027.913045115, 0.995961843,
2027.933476875, 0.996046466,
2027.953908435, 0.996113409,
2027.974340095, 0.995925610,
2027.994771854, 0.996267020,
2028.015203514, 0.996001151,
2028.035635174, 0.995347983,
2028.056066834, 0.995557110,
2028.076498493, 0.995801330,
2028.096930153, 0.995776026,
2028.178656792, 0.995791963,
2028.199088452, 0.995520122,
2028.219520112, 0.995442633,
2028.239951772, 0.995840485,
2028.260383531, 0.995556217,
2028.280815091, 0.995350270,
2028.301246751, 0.995198836,
2028.342110071, 0.995141920,
2028.362541731, 1.004415017,
2028.382973491, 0.995434467,
2028.403405051, 0.995194571,
2028.423836810, 0.995451449,
2028.444268470, 0.995112739,
2028.464700030, 0.995251089,
2028.485131790, 0.995104165,
2028.505563450, 0.995181508,
2028.525995010, 0.995263437,
2028.546426770, 0.995227752,
2028.607721750, 0.994987100,
2028.628153410, 0.994733368,
2028.648585170, 0.995210153,
2028.669016730, 0.994804298,
2028.689448390, 0.994829239,
2028.709880150, 0.994551696,
2028.750743370, 0.994468646,
2028.771175131, 0.994251001,
2028.791606791, 0.994811205,
2028.852901771, 0.994298803,
2028.873333431, 0.994160331,
2028.893765091, 0.994329497,
2028.914196652, 0.994284757,
2028.934628412, 0.994322747,
2028.955060072, 0.994183732,
2028.975491632, 0.994270089,
2028.995923393, 0.994384435,
2029.016355053, 0.994442109,
2029.036786613, 0.994325670,
2029.057218374, 0.994424410,
2029.077650034, 0.994213687,
2029.098081794, 0.993968048,
2029.118513355, 0.994632671,
2029.138945015, 0.994140030,
2029.159376775, 0.994047011,
2029.179808336, 0.993990878,
2029.200239996, 0.993905877,
2029.220671757, 0.993784509,
2029.241103417, 0.994042901,
2029.261535078, 0.993728509,
2029.281966738, 0.993831798,
2029.343261720, 0.993485735,
2029.363693380, 0.993603314,
2029.384125141, 0.993816860,
2029.404556702, 0.993606768,
2029.424988362, 0.993423126,
2029.445420123, 0.993403369,
2029.465851683, 0.993590214,
2029.486283444, 0.993531206,
2029.506715105, 0.993348750,
2029.527146666, 0.993576073,
2029.588441648, 0.993130027,
2029.608873409, 0.993227538,
2029.629304970, 0.993106056,
2029.649736631, 0.993311985,
2029.670168391, 0.993074121,
2029.690599952, 0.993138423,
2029.711031713, 0.993122330,
2029.731463374, 0.993423401,
2029.751895035, 0.993079428,
2029.772326696, 0.992755738,
2029.833621679, 0.992759630,
2029.854053341, 0.992771055,
2029.874485102, 0.992549381,
2029.894916763, 0.992609373,
2029.915348324, 0.992561406,
2029.935780085, 0.992363398,
2029.956211747, 0.992452405,
2029.976643308, 0.992956125,
2029.997075069, 0.993613473,
2030.017506730, 0.992436221,
2030.058370053, 0.992651189,
2030.078801714, 0.992495385,
2030.099233476, 0.992220885,
2030.119665037, 0.992089971,
2030.140096699, 0.992220734,
2030.160528460, 0.992066642,
2030.180960022, 0.991999538,
2030.201391683, 0.991879451,
2030.221823345, 0.992151016,
2030.242255007, 0.992141855,
2030.262686668, 0.991813929,
2030.283118330, 0.992302192,
2030.303549992, 0.991857401,
2030.323981753, 0.991903347,
2030.364844977, 0.992159170,
2030.385276739, 0.992294209,
2030.405708401, 0.992166901,
2030.426139962, 0.991818990,
2030.446571724, 0.992185735,
2030.467003386, 0.991831514,
2030.487435048, 0.991787259,
2030.507866710, 0.991944090,
2030.548730034, 0.991778707,
2030.569161696, 0.992000265,
2030.589593359, 0.991755902,
2030.610025121, 0.992140257,
2030.630456683, 0.991704672,
2030.650888345, 0.991468269,
2030.671320107, 0.992074082,
2030.691751670, 0.992008765,
2030.712183432, 0.991479295,
2030.732615094, 0.991678501,
2030.753046657, 0.991500749,
2030.793910082, 0.991431196,
2030.814341644, 0.992195306,
2030.834773407, 0.991939244,
2030.855205069, 0.993905834,
2030.875636732, 0.991880511,
2030.896068394, 0.991481277,
2030.916500057, 0.991461796,
2030.936931720, 0.991446461,
2030.957363382, 0.991319510,
2030.977795045, 0.991609337,
2030.998226708, 0.991605460,
2031.059521797, 0.991336660,
2031.079953360, 0.991322069,
2031.100385123, 0.992064569,
2031.120816786, 0.991522717,
2031.141248349, 0.991389740,
2031.161680112, 0.991351297,
2031.182111775, 0.991336403,
2031.202543338, 0.991521249,
2031.222975101, 0.991926823,
2031.243406765, 0.991381627,
2031.284270091, 0.991381690,
2031.304701755, 0.991332245,
2031.325133518, 0.991466243,
2031.345565081, 0.991551411,
2031.365996745, 0.991456863,
2031.386428508, 0.991289108,
2031.406860072, 0.991399302,
2031.427291736, 0.991194533,
2031.447723499, 0.991578701,
2031.468155063, 0.991740820,
2031.488586827, 0.991629695,
2031.549881818, 0.991359071,
2031.570313482, 0.991675150,
2031.590745046, 0.991639437,
2031.611176810, 0.991589596,
2031.631608474, 0.991148285,
2031.652040038, 0.991626016,
2031.672471802, 0.991257824,
2031.692903466, 0.991106502,
2031.713335130, 0.991525213,
2031.733766795, 0.991534650,
2031.815493452, 0.991192945,
2031.835925217, 0.991377044,
2031.856356781, 0.991407521,
2031.876788546, 0.991406615,
2031.897220210, 0.991262536,
2031.917651775, 0.991292304,
2031.938083539, 0.990803619,
2031.958515204, 0.990966691,
2031.978946769, 0.991419890,
2032.019810199, 0.991471220,
2032.040241864, 0.991398148,
2032.060673529, 0.991182636,
2032.081105194, 0.991543226,
2032.101536959, 0.991188552,
2032.121968524, 0.991776670,
2032.142400189, 0.991541742,
2032.162831954, 0.991230523,
2032.183263519, 0.991275969,
2032.203695185, 0.990747516,
2032.224126950, 0.991350043,
2032.285421946, 0.991562220,
2032.305853512, 0.991761131,
2032.326285277, 0.991212171,
2032.346716943, 0.991433834,
2032.367148509, 0.991767066,
2032.387580274, 0.991460695,
2032.408011940, 0.991786395,
2032.428443506, 0.990861862,
2032.448875272, 0.991546232,
2032.469306938, 0.991607333,
2032.489738704, 0.991631531,
2032.510170270, 0.991659783,
2032.530601936, 0.991749070,
2032.551033702, 0.991236630,
2032.571465268, 0.991818621,
2032.591896935, 0.991477407,
2032.612328701, 0.991286859,
2032.632760267, 0.991601696,
2032.653192034, 0.991812596,
2032.673623700, 0.991658232,
2032.694055267, 0.991742353,
2032.714487033, 0.992086915,
2032.755350366, 0.991463781,
2032.775782033, 0.991860494,
2032.796213700, 0.991870511,
2032.816645367, 0.991653555,
2032.837077034, 0.991695388,
2032.857508701, 0.991688907,
2032.877940368, 0.991647871,
2032.898372135, 0.991832154,
2032.918803702, 0.991689625,
2032.939235469, 0.991756243,
2032.959667036, 0.991411339,
2033.000530471, 0.991657480,
2033.020962038, 0.991616969,
2033.041393806, 0.991729295,
2033.061825473, 0.991825115,
2033.082257041, 0.991873677,
2033.102688808, 0.991586294,
2033.123120476, 0.991701258,
2033.143552044, 0.992076280,
2033.163983811, 0.991823451,
2033.184415479, 0.991724852,
2033.204847047, 0.991784442,
2033.245710483, 0.991820179,
2033.266142251, 0.991827218,
2033.286573819, 0.991858454,
2033.307005488, 0.991763778,
2033.327437256, 0.991968479,
2033.347868824, 0.991631271,
2033.368300493, 0.991726651,
2033.388732261, 0.992051149,
2033.409163929, 0.992318922,
2033.429595598, 0.991500222,
2033.450027267, 0.991821866,
2033.511322273, 0.991949175,
2033.531753942, 0.992205028,
2033.552185711, 0.991517914,
2033.572617280, 0.991636371,
2033.593049049, 0.992024853,
2033.613480618, 0.992190853,
2033.633912287, 0.992081514,
2033.654344056, 0.992129423,
2033.674775626, 0.991800683,
2033.695207295, 0.992191570,
2033.736070634, 0.991993897,
2033.756502303, 0.992264525,
2033.776934073, 0.992087029,
2033.797365643, 0.992466800,
2033.817797412, 0.991803483,
2033.838229082, 0.991992145,
2033.858660652, 0.992220101,
2033.879092422, 0.992034460,
2033.899524092, 0.992319071,
2033.940387432, 0.992064872,
2033.981250873, 0.992122236,
2034.001682443, 0.991877400,
2034.022114113, 0.992457841,
2034.042545884, 0.991932912,
2034.062977554, 0.992126093,
2034.083409125, 0.992043773,
2034.103840896, 0.992554053,
2034.124272566, 0.992307688,
2034.144704137, 0.992424935,
2034.165135908, 0.992158415,
2034.185567579, 0.992501851,
2034.246862592, 0.992476762,
2034.267294264, 0.992352322,
2034.287725935, 0.992080625,
2034.308157606, 0.992864843,
2034.328589278, 0.992201838,
2034.349020949, 0.992603141,
2034.369452721, 0.992023825,
2034.389884292, 0.992681596,
2034.410315964, 0.992674413,
2034.430747736, 0.992744624,
2034.471610980, 0.992761363,
2034.492042752, 0.992876442,
2034.512474324, 0.992844175,
2034.532905996, 0.992978331,
2034.553337768, 0.992623809,
2034.573769340, 0.992972023,
2034.594201113, 0.993126645,
2034.614632785, 0.992571986,
2034.635064458, 0.992962129,
2034.655496130, 0.992945236,
2034.675927803, 0.993082697,
2034.737222821, 0.993204572,
2034.757654594, 0.992959842,
2034.778086267, 0.993348555,
2034.798517840, 0.993233132,
2034.818949613, 0.993010991,
2034.839381287, 0.993131553,
2034.859812860, 0.993205374,
2034.880244633, 0.993550717,
2034.900676307, 0.993660317,
2034.921107880, 0.993249640,
2034.982403001, 0.993537897,
2035.002834675, 0.993518646,
2035.023266249, 0.993628992,
2035.043698023, 0.993876394,
2035.064129697, 0.993718072,
2035.084561271, 0.993352764,
2035.104993045, 0.993745997,
2035.125424720, 0.993783249,
2035.145856494, 0.993881251,
2035.166288069, 0.994133053,
2035.207151518, 0.994205247,
2035.227583092, 0.994279257,
2035.248014767, 0.994115650,
2035.268446542, 0.994410018,
2035.288878217, 0.994135574,
2035.309309892, 0.994043721,
2035.329741567, 0.994408734,
2035.370604918, 0.994203906,
2035.391036593, 0.994594712,
2035.411468268, 0.994435780,
2035.472763295, 0.994345634,
2035.493195071, 0.994123019,
2035.513626647, 0.994467055,
2035.534058422, 0.994448450,
2035.554490098, 0.994750146,
2035.574921674, 0.994621066,
2035.595353451, 0.994934423,
2035.615785127, 0.994830764,
2035.636216703, 0.994922626,
2035.656648480, 0.994551729,
2035.717943509, 0.994816177,
2035.738375086, 0.995216880,
2035.758806863, 0.994931611,
2035.779238540, 0.994720812,
2035.799670217, 0.995035922,
2035.820101894, 0.995203429,
2035.840533571, 0.995174205,
2035.860965348, 0.995277696,
2035.881396925, 0.995395941,
2035.901828603, 0.995048388,
2035.963123636, 0.995669521,
2035.983555413, 0.995613026,
2036.003987091, 0.995193977,
2036.024418669, 0.995521509,
2036.044850447, 0.995503729,
2036.065282125, 0.995698233,
2036.085713903, 0.995945961,
2036.106145482, 0.995524135,
2036.147008938, 0.995488289,
2036.187872196, 0.995362288,
2036.208303974, 0.995530856,
2036.228735553, 0.995791078,
2036.249167332, 0.995906895,
2036.269598911, 0.995530464,
2036.290030590, 0.995975834,
2036.310462369, 0.995746818,
2036.330894048, 0.995903409,
2036.351325628, 0.995982221,
2036.371757407, 0.996227424,
2036.392188987, 0.996208370,
2036.453484026, 0.996262129,
2036.473915806, 0.995832001,
2036.494347486, 0.996043442,
2036.514779166, 0.996142730,
2036.535210846, 0.996628824,
2036.555642526, 0.996400425,
2036.576074206, 0.996286035,
2036.596505987, 0.996217704,
2036.616937567, 0.996403885,
2036.637369348, 0.996157395,
2036.698664390, 0.996617617,
2036.719096071, 0.996295248,
2036.739527652, 0.996728775,
2036.759959434, 0.996493655,
2036.780391115, 0.996317754,
2036.800822896, 0.996612292,
2036.821254478, 0.996684296,
2036.841686159, 0.996768225,
2036.862117941, 0.996537895,
2036.882549523, 0.997085036,
2036.943844569, 0.996790716,
2036.964276251, 0.996696102,
2036.984708033, 0.996901160,
2037.005139615, 0.996748645,
2037.025571398, 0.996882864,
2037.046002980, 0.996894061,
2037.066434663, 0.997091291,
2037.086866445, 0.996851640,
2037.107298128, 0.997023029,
2037.127729711, 0.997174419,
2037.189024861, 0.997284593,
2037.209456544, 0.997388298,
2037.229888227, 0.997329730,
2037.250319911, 0.997034905,
2037.270751594, 0.997419113,
2037.291183278, 0.997106513,
2037.311615062, 0.997182285,
2037.332046646, 0.997442667,
2037.352478430, 0.997484814,
2037.372910114, 0.997230460,
2037.434205167, 0.997346654,
2037.454636751, 0.997727456,
2037.475068536, 0.997646851,
2037.495500220, 0.997732337,
2037.515931805, 0.998099516,
2037.536363590, 0.997854099,
2037.556795275, 0.998053681,
2037.577227060, 0.997618848,
2037.597658646, 0.997841803,
2037.618090331, 0.997965969,
2037.679385387, 0.997875433,
2037.699817073, 0.998085817,
2037.720248759, 0.997979753,
2037.740680545, 0.997667088,
2037.761112131, 0.997730444,
2037.781543817, 0.998734955,
2037.801975603, 0.997887906,
2037.822407290, 0.998415001,
2037.842838876, 0.998185211,
2037.863270663, 0.997896407,
2037.904134036, 0.998217816,
2037.924565723, 0.997787820,
2037.944997410, 0.998743903,
2037.965429197, 0.998214922,
2037.985860784, 0.998490227,
2038.006292472, 0.998394414,
2038.026724259, 0.998244439,
2038.047155847, 0.998644144,
2038.067587534, 0.998531075,
2038.088019322, 0.998415664,
2038.108450910, 0.998102826,
2038.169745974, 0.998642941,
2038.190177762, 0.998260580,
2038.210609451, 0.998404384,
2038.231041039, 0.998313701,
2038.251472828, 0.998681363,
2038.271904516, 0.998668119,
2038.292336205, 0.998261804,
2038.312767894, 0.998313719,
2038.333199583, 0.998693304,
2038.353631272, 0.998740186,
2038.374062962, 0.998646972,
2038.394494651, 0.998735781,
2038.414926340, 0.998715639,
2038.435358030, 0.998562751,
2038.455789820, 0.998807944,
2038.476221510, 0.998828480,
2038.496653099, 0.999010631,
2038.517084889, 0.999320010,
2038.537516580, 0.998736559,
2038.557948170, 0.998831244,
2038.578379960, 0.998816614,
2038.598811651, 0.998850035,
2038.660106723, 0.999092335,
2038.680538514, 0.998965063,
2038.700970105, 0.999551249,
2038.721401796, 0.999237687,
2038.741833587, 0.999159597,
2038.762265179, 0.999471191,
2038.782696870, 0.999290726,
2038.803128662, 0.999176462,
2038.823560254, 0.999043999,
2038.843992045, 0.999331435,
2038.884855329, 0.999552906,
2038.905287122, 0.999561596,
2038.925718814, 0.999481934,
2038.946150506, 0.999708147,
2038.966582199, 0.999427048,
2038.987013892, 0.999429151,
2039.007445584, 0.999661263,
2039.027877277, 0.999607259,
2039.048308970, 0.999443421,
2039.068740663, 0.999661554,
2039.089172357, 0.999643766,
2039.130035844, 0.999672803,
2039.150467437, 0.999752908,
2039.170899131, 1.000517548,
2039.191330925, 0.999793772,
2039.211762519, 1.000006758,
2039.232194313, 1.000012848,
2039.252626007, 1.000105129,
2039.273057601, 0.999970244,
2039.293489396, 1.000082001,
2039.313921090, 1.000139115,
2039.334352685, 1.000144682,
2039.416079565, 1.000502546,
2039.436511260, 1.000209676,
2039.456943055, 1.000036385,
2039.477374651, 1.000409774,
2039.497806347, 1.000472655,
2039.518238142, 1.000459037,
2039.538669738, 1.000398038,
2039.559101434, 1.000244741,
2039.579533230, 1.000659821,
2039.599964927, 0.999972532,
2039.620396623, 1.000278857,
2039.640828319, 1.000664429,
2039.661259916, 1.000263618,
2039.681691713, 1.000403472,
2039.702123410, 1.000444643,
2039.722555007, 1.000882652,
2039.742986804, 1.000147942,
2039.763418501, 1.000538419,
2039.783850298, 1.000722484,
2039.804281896, 1.000591648,
2039.824713593, 1.001085912,
2039.886008687, 1.000411237,
2039.906440485, 1.000452409,
2039.926872083, 1.000929707,
2039.947303782, 1.000579784,
2039.967735580, 1.000693820,
2039.988167179, 1.000574648,
2040.008598978, 1.001197865,
2040.029030676, 1.000919294,
2040.049462275, 1.001052606,
2040.069894075, 1.001347064,
2040.131189173, 1.000876906,
2040.151620872, 1.001128192,
2040.172052672, 1.001289906,
2040.192484272, 1.001341250,
2040.212915972, 1.001153514,
2040.233347772, 1.001398487,
2040.253779472, 1.001270408,
2040.274211073, 1.001369065,
2040.294642873, 1.001183551,
2040.315074574, 1.001274225,
2040.376369677, 1.001647787,
2040.396801378, 1.001528440,
2040.417233079, 1.001432672,
2040.437664681, 1.001345872,
2040.458096482, 1.001553931,
2040.478528184, 1.001370901,
2040.498959786, 1.001263121,
2040.519391588, 1.001650346,
2040.539823290, 1.001525450,
2040.560255092, 1.001279121,
2040.601118397, 1.001460114,
2040.621550200, 1.001335923,
2040.641981802, 1.002140189,
2040.662413505, 1.001940775,
2040.682845308, 1.001613007,
2040.703276912, 1.001479004,
2040.723708715, 1.001720567,
2040.744140418, 1.001854192,
2040.764572122, 1.001546493,
2040.785003826, 1.001799509,
2040.846298938, 1.002057351,
2040.866730642, 1.002077777,
2040.887162446, 1.001792896,
2040.907594051, 1.001893601,
2040.928025755, 1.001781188,
2040.948457560, 1.001983451,
2040.968889265, 1.001548389,
2040.989320870, 1.001968088,
2041.009752675, 1.001835284,
2041.030184281, 1.001783680,
2041.050615986, 1.001896970,
2041.091479397, 1.001632711,
2041.111911203, 1.001710546,
2041.132342909, 1.001964994,
2041.152774515, 1.001666427,
2041.173206322, 1.002200280,
2041.193638028, 1.001992026,
2041.214069635, 1.002192205,
2041.234501441, 1.002310658,
2041.254933148, 1.002150374,
2041.275364955, 1.002005569,
2041.295796562, 1.002599186,
2041.377523392, 1.002071473,
2041.397955200, 1.002355960,
2041.418386808, 1.001634977,
2041.438818516, 1.002114984,
2041.459250324, 1.001999289,
2041.479682033, 1.001851069,
2041.500113741, 1.001844988,
2041.520545450, 1.001947166,
2041.540977159, 1.001721839,
2041.561408868, 1.001789894,
2041.581840577, 1.002112332,
2041.602272286, 1.002199238,
2041.622704096, 1.002072826,
2041.643135705, 1.002026151,
2041.663567515, 1.002073230,
2041.683999125, 1.002215223,
2041.704430835, 1.002115279,
2041.745294255, 1.002001153,
2041.765725965, 1.002376795,
2041.786157776, 1.002499306,
2041.827021197, 1.002559656,
2041.847452908, 1.002072679,
2041.867884519, 1.002365483,
2041.888316331, 1.001938518,
2041.908748042, 1.002088514,
2041.929179654, 1.002026995,
2041.949611465, 1.002194001,
2041.970043177, 1.002042314,
2042.010906601, 1.002175217,
2042.031338314, 1.002122898,
2042.092633451, 1.002503509,
2042.113065264, 1.002733369,
2042.133496977, 1.002539522,
2042.153928590, 1.001926321,
2042.174360404, 1.002345236,
2042.194792117, 1.001964842,
2042.215223831, 1.001962995,
2042.235655544, 1.002263248,
2042.256087258, 1.002180070,
2042.276519072, 1.002056705,
2042.337814115, 1.002083549,
2042.358245830, 1.002077941,
2042.378677645, 1.002280970,
2042.399109260, 1.002287389,
2042.419540975, 1.002745036,
2042.439972790, 1.002900220,
2042.460404406, 1.001907556,
2042.480836121, 1.002659792,
2042.501267937, 1.002313812,
2042.521699553, 1.002103891,
2042.542131269, 1.002192054,
2042.562563085, 1.002558543,
2042.582994701, 1.002047225,
2042.603426518, 1.002520616,
2042.623858234, 1.002400608,
2042.644289951, 1.002229167,
2042.664721668, 1.002202994,
2042.685153385, 1.001697945,
2042.705585102, 1.002049536,
2042.726016820, 1.001729382,
2042.746448537, 1.001752081,
2042.766880355, 1.002321601,
2042.828175509, 1.001755008,
2042.848607227, 1.002030821,
2042.869038846, 1.002177649,
2042.889470664, 1.001979487,
2042.909902383, 1.002402979,
2042.930334102, 1.001773508,
2042.950765821, 1.002045033,
2042.971197541, 1.001807131,
2042.991629260, 1.001879630,
2043.012060980, 1.002152548,
2043.073356139, 1.002071669,
2043.093787759, 1.001802955,
2043.114219580, 1.001809263,
2043.134651300, 1.001663378,
2043.155083121, 1.002231235,
2043.175514742, 1.002188575,
2043.195946463, 1.001927563,
2043.216378284, 1.001841757,
2043.236809905, 1.001900206,
2043.257241626, 1.001523902,
2043.318536892, 1.001677824,
2043.338968614, 1.001814519,
2043.359400336, 1.001885879,
2043.379832059, 1.001751681,
2043.400263781, 1.001746360,
2043.420695504, 1.002076069,
2043.441127327, 1.001278819,
2043.461558950, 1.001705008,
2043.481990773, 1.001570760,
2043.502422496, 1.001358465,
2043.543285944, 1.001632318,
2043.563717667, 1.001984944,
2043.584149292, 1.001502758,
2043.604581116, 1.001860461,
2043.625012840, 1.001435119,
2043.645444665, 1.001164232,
2043.665876289, 1.001833795,
2043.686308014, 1.001574126,
2043.706739739, 1.001843982,
2043.727171464, 1.001546312,
2043.747603090, 1.001712742,
2043.788466641, 1.001419069,
2043.808898267, 1.001771285,
2043.829330092, 1.001628648,
2043.849761819, 1.001827201,
2043.870193645, 1.001929610,
2043.890625271, 1.001693991,
2043.911056998, 1.001246022,
2043.931488825, 1.001434007,
2043.951920452, 1.001178373,
2043.972352179, 1.001226370,
2043.992784006, 1.001463000,
2044.033647461, 1.001445180,
2044.074510917, 1.001616581,
2044.094942645, 1.001226501,
2044.115374374, 1.001424164,
2044.135806102, 1.001144701,
2044.156237931, 1.001487218,
2044.176669560, 1.001596571,
2044.197101389, 1.001347926,
2044.217533118, 1.001173824,
2044.237964747, 1.001189648,
2044.299259936, 1.000982028,
2044.319691766, 1.001134268,
2044.340123496, 1.001110637,
2044.360555126, 1.001054103,
2044.380986957, 1.001051283,
2044.401418588, 1.000904889,
2044.421850418, 1.001007739,
2044.442282149, 1.001088396,
2044.462713781, 1.001132067,
2044.483145612, 1.000803617,
2044.544440807, 1.001146160,
2044.585304371, 1.000582358,
2044.605736004, 1.000995434,
2044.626167736, 1.000800522,
2044.646599569, 1.000763054,
2044.667031302, 1.000864026,
2044.687462935, 1.001156316,
2044.707894768, 1.000860578,
2044.728326502, 1.000988180,
2044.748758235, 1.000987672,
2044.769189969, 1.000866645,
2044.789621703, 1.000797215,
2044.810053537, 1.000625473,
2044.830485171, 1.000661437,
2044.850916906, 1.000862661,
2044.871348740, 1.000432271,
2044.891780375, 1.000676496,
2044.912212110, 1.000412966,
2044.932643945, 1.000421288,
2044.953075581, 1.000421889,
2044.973507416, 1.000640996,
2045.034802624, 1.000350547,
2045.055234360, 1.000429330,
2045.075665997, 1.000256539,
2045.096097833, 1.000722849,
2045.116529470, 1.000450915,
2045.136961307, 1.000303285,
2045.157393044, 1.000249373,
2045.177824681, 1.000468749,
2045.198256519, 1.000590848,
2045.218688256, 1.000202193,
2045.279983470, 0.999751761,
2045.300415309, 0.999850892,
2045.320847047, 0.999651453,
2045.341278686, 1.000270146,
2045.361710525, 1.000420503,
2045.382142264, 1.000060875,
2045.402573903, 1.000359968,
2045.423005742, 0.999809328,
2045.443437482, 1.000246848,
2045.463869122, 1.000192566,
2045.525164542, 0.999956261,
2045.545596183, 1.000112006,
2045.566027924, 0.999878407,
2045.586459764, 0.999700127,
2045.606891406, 0.999763140,
2045.627323147, 0.999490318,
2045.647754988, 0.999332005,
2045.668186630, 0.999606260,
2045.688618472, 0.999858011,
2045.709050214, 0.999532913,
2045.729481856, 0.999787578,
2045.749913698, 0.999520499,
2045.770345341, 0.999735438,
2045.790777083, 0.999957581,
2045.811208926, 0.999653851,
2045.831640669, 0.999813428,
2045.852072413, 0.999856841,
2045.872504156, 1.000299513,
2045.892935900, 0.999589268,
2045.913367643, 0.999810644,
2045.933799387, 0.999714226,
2045.954231132, 1.000063206,
2046.015526465, 0.999681316,
2046.035958210, 0.999735062,
2046.056389855, 0.999773936,
2046.076821701, 0.999658546,
2046.097253446, 0.999459316,
2046.117685092, 0.999649241,
2046.138116938, 0.999980556,
2046.158548684, 0.999616100,
2046.178980330, 0.999634668,
2046.199412176, 0.999353716,
2046.260707417, 0.999320069,
2046.281139164, 0.999427628,
2046.301571011, 0.999261184,
2046.322002659, 1.000051486,
2046.342434407, 0.999737093,
2046.362866155, 0.999403217,
2046.383297903, 0.999303291,
2046.403729751, 0.999571788,
2046.424161400, 0.999658761,
2046.444593148, 0.999614221,
2046.485456646, 0.999349716,
2046.505888395, 0.999044813,
2046.526320245, 0.999717128,
2046.546751995, 0.999339677,
2046.567183744, 0.999558455,
2046.587615494, 0.999721504,
2046.608047245, 0.999708445,
2046.628478995, 0.999185823,
2046.648910746, 0.999459392,
2046.669342497, 0.999491322,
2046.689774347, 0.999210666,
2046.730637750, 0.999338568,
2046.751069602, 0.999346613,
2046.771501253, 0.999513647,
2046.791933105, 0.999401462,
2046.812364858, 0.999174591,
2046.832796510, 0.999622699,
2046.853228362, 0.999430662,
2046.873660115, 0.999371698,
2046.894091768, 0.999401785,
2046.914523621, 0.999529694,
2046.934955375, 0.998964255,
2046.996250636, 0.999049543,
2047.016682390, 0.999192854,
2047.037114144, 0.998786971,
2047.057545899, 0.999061396,
2047.077977653, 0.999063882,
2047.098409408, 0.999153716,
2047.118841263, 0.999407402,
2047.139272918, 0.999227530,
2047.159704674, 0.999265395,
2047.180136530, 0.999306598,
2047.241431798, 0.999007186,
2047.261863554, 0.998620281,
2047.282295211, 0.999107961,
2047.302727068, 0.999327510,
2047.323158825, 0.998767076,
2047.343590682, 0.999075275,
2047.364022340, 0.998870224,
2047.384454097, 0.999254038,
2047.404885955, 0.998779720,
2047.425317613, 0.998831258,
2047.486612889, 0.998693419,
2047.507044747, 0.998808972,
2047.527476507, 0.998939063,
2047.547908166, 0.998668701,
2047.568340025, 0.998725126,
2047.588771785, 0.998438189,
2047.609203445, 0.998379546,
2047.629635305, 0.998029084,
2047.650067065, 0.998758627,
2047.670498826, 0.998914497,
2047.690930586, 0.998419301,
2047.711362347, 0.998307533,
2047.731794208, 0.998206700,
2047.752225869, 0.998245643,
2047.772657631, 0.998722968,
2047.793089393, 0.998610786,
2047.813521155, 0.998712561,
2047.833952917, 0.998340749,
2047.854384779, 0.998697596,
2047.895248304, 0.998201923,
2047.915680067, 0.998503888,
2047.976975357, 0.998052515,
2047.997407021, 0.998198512,
2048.017838885, 0.998357509,
2048.038270649, 0.998084576,
2048.058702513, 0.998308114,
2048.079134178, 0.998504356,
2048.099565942, 0.998311619,
2048.119997807, 0.998509151,
2048.140429473, 0.998732813,
2048.160861238, 0.998204723,
2048.181293104, 0.998749721,
2048.201724769, 0.998237018,
2048.222156635, 0.998511188,
2048.242588402, 0.998255518,
2048.263020068, 0.999002157,
2048.283451935, 0.998141787,
2048.303883701, 0.998437784,
2048.324315468, 0.998290411,
2048.344747236, 0.998428438,
2048.365179003, 0.998635777,
2048.385610671, 0.998551922,
2048.406042539, 0.998407775,
2048.467337844, 0.998373341,
2048.487769612, 0.998671975,
2048.508201481, 0.998823240,
2048.528633150, 0.998508042,
2048.549064920, 0.998664725,
2048.569496789, 0.998601627,
2048.589928459, 0.998401150,
2048.610360329, 0.998195598,
2048.630792099, 0.998925609,
2048.651223770, 0.998272711,
2048.712519082, 0.998382265,
2048.732950953, 0.998483542,
2048.753382725, 0.998459910,
2048.773814597, 1.000019758,
2048.794246269, 0.998574321,
2048.814678041, 0.998485867,
2048.835109913, 0.998388327,
2048.855541585, 0.998240846,
2048.875973358, 0.998515997,
2048.896405231, 0.998152361,
2048.916836904, 0.998958624,
2048.937268678, 0.998344477,
2048.957700551, 0.998495328,
2048.978132325, 0.998785078,
2048.998564099, 0.998537739,
2049.018995873, 0.998946368,
2049.039427648, 0.998516761,
2049.059859423, 0.998242559,
2049.080291197, 0.998596206,
2049.100722973, 0.998723807,
2049.121154748, 0.998254640,
2049.141586523, 0.998866851,
2049.202881851, 0.998065029,
2049.223313728, 0.998245542,
2049.243745404, 0.998499031,
2049.264177181, 0.998526498,
2049.284609058, 0.998557136,
2049.305040736, 0.998591639,
2049.325472513, 0.998462436,
2049.345904391, 0.998069867,
2049.366336069, 0.998696581,
2049.386767947, 0.998457640,
2049.407199725, 0.998657388,
2049.427631404, 0.998425022,
2049.448063283, 0.998276746,
2049.468495062, 0.997878978,
2049.488926841, 0.998762773,
2049.509358620, 0.998630062,
2049.529790400, 0.998773696,
2049.550222280, 0.998489546,
2049.570653960, 0.998112985,
2049.591085741, 0.998687750,
2049.611517621, 0.998485461,
2049.631949302, 0.998796676,
2049.672812964, 0.998668849,
2049.693244746, 0.998526248,
2049.713676527, 0.998528899,
2049.734108309, 0.998189213,
2049.754539991, 0.998616502,
2049.774971874, 0.998440706,
2049.795403656, 0.998793456,
2049.815835339, 0.998626344,
2049.836267222, 0.998372721,
2049.856699005, 0.998628164,
2049.877130689, 0.998483686,
2049.917994356, 0.998766664,
2049.938426241, 0.998878487,
2049.958857925, 0.998688511,
2049.979289710, 0.998808042,
2049.999721594, 0.998445476,
2050.020153279, 0.998570762,
2050.040585065, 0.998501654,
2050.061016950, 0.998691351,
2050.081448636, 0.998763958,
2050.101880522, 0.998888718,
2050.122312308, 0.998641117,
2050.163175881, 0.998497155,
2050.183607668, 0.999067469,
2050.204039455, 0.999141809,
2050.224471242, 0.998653101,
2050.244903030, 0.998604618,
2050.265334917, 0.998651100,
2050.285766605, 0.999421275,
2050.306198394, 0.999065911,
2050.326630282, 0.999330078,
2050.347062071, 0.998581228,
2050.367493760, 0.998951493,
2050.408357338, 0.999026298,
2050.428789128, 0.998963806,
2050.449221017, 0.999338815,
2050.469652707, 0.999159036,
2050.490084598, 0.998834150,
2050.510516388, 0.999545929,
2050.530948079, 0.998915655,
2050.551379970, 0.999221658,
2050.571811761, 0.999248838,
2050.592243452, 0.998898555,
2050.612675344, 0.998852738,
2050.653539028, 0.999358135,
2050.673970720, 0.998938481,
2050.694402513, 0.998936422,
2050.714834406, 0.999037282,
2050.735266099, 0.999209157,
2050.755697892, 0.998909654,
2050.776129785, 0.998813874,
2050.796561479, 0.999341295,
2050.816993373, 0.999333462,
2050.837425167, 0.999260103,
2050.857856962, 0.999447135,
2050.919152346, 0.998919425,
2050.939584142, 0.998943201,
2050.960015937, 0.999240626,
2050.980447733, 0.998970892,
2051.000879629, 0.999474449,
2051.021311326, 0.999344853,
2051.041743222, 0.999217284,
2051.062174919, 0.999236124,
2051.082606716, 0.999459743,
2051.103038613, 0.999420574,
2051.143902108, 0.999457582,
2051.164334006, 0.999593603,
2051.184765704, 0.999487972,
2051.205197603, 0.999847562,
2051.225629401, 0.999452373,
2051.246061100, 0.999250421,
2051.266492999, 0.999814462,
2051.286924799, 0.999476329,
2051.307356498, 0.999432091,
2051.327788398, 0.999283180,
2051.348220198, 0.999235200,
2051.368652099, 0.999614435,
2051.389083799, 0.999137457,
2051.409515600, 0.999444363,
2051.429947501, 0.999533956,
2051.450379202, 0.999277671,
2051.470811004, 0.999381254,
2051.491242905, 0.999584452,
2051.532106410, 0.999760741,
2051.552538312, 0.999337453,
2051.572970115, 0.999040413,
2051.593401918, 0.999430981,
2051.634265524, 0.999432107,
2051.654697328, 0.999230761,
2051.675129132, 0.999030361,
2051.695560936, 0.999660726,
2051.715992740, 0.999432513,
2051.736424545, 0.999534860,
2051.756856450, 0.999542244,
2051.777288155, 0.999520017,
2051.797719960, 0.999257745,
2051.818151866, 0.999417230,
2051.838583572, 0.999611893,
2051.879447284, 0.999284541,
2051.899878991, 0.999597042,
2051.920310898, 0.999352619,
2051.940742705, 0.999218314,
2051.961174412, 0.999642233,
2051.981606319, 0.999224612,
2052.002038127, 0.999668377,
2052.022469835, 0.999425279,
2052.042901744, 1.000163146,
2052.063333552, 0.999572775,
2052.083765461, 0.999778097,
2052.124628979, 0.999772145,
2052.145060888, 0.999395156,
2052.165492698, 0.998994279,
2052.185924408, 0.999493156,
2052.206356318, 0.999502167,
2052.226788129, 0.999621708,
2052.247219840, 0.999496922,
2052.288083562, 0.999440439,
2052.308515473, 0.999480079,
2052.328947185, 0.999761165,
2052.369810909, 1.000025988,
2052.390242622, 0.999680826,
2052.410674434, 1.000275582,
2052.431106247, 0.999889053,
2052.451538060, 0.999643331,
2052.471969974, 0.999671488,
2052.492401688, 0.999344058,
2052.512833502, 0.999839173,
2052.533265416, 0.999452034,
2052.553697130, 0.999467855,
2052.574128945, 0.999870953,
2052.614992575, 0.999668354,
2052.635424490, 0.999598416,
2052.655856306, 0.999680658,
2052.676288022, 0.999785277,
2052.696719938, 0.999238248,
2052.717151755, 0.999694312,
2052.737583571, 0.999776539,
2052.758015388, 0.999718430,
2052.778447205, 0.999673262,
2052.798879023, 0.999677759,
2052.819310841, 0.999834722,
2052.860174577, 1.000072417,
2052.880606395, 0.999812817,
2052.901038114, 0.999799061,
2052.921470033, 0.999878244,
2052.941901852, 0.999589682,
2052.962333572, 0.999855250,
2052.982765491, 1.000030836,
2053.003197311, 1.000130596,
2053.044060952, 0.999801242,
2053.064492773, 0.999828769,
2053.146220058, 1.000000167,
2053.166651880, 0.999757912,
2053.187083802, 0.999725050,
2053.207515525, 0.999972812,
2053.227947348, 1.000106356,
2053.248379271, 0.999561977,
2053.268810994, 0.999055341,
2053.289242817, 0.999480719,
2053.309674741, 0.999635304,
2053.350538390, 0.999854799,
2053.370970214, 1.000016263,
2053.391402039, 0.999257909,
2053.411833864, 0.999150092,
2053.432265689, 0.999763604,
2053.452697515, 0.999944360,
2053.473129341, 1.000041268,
2053.493561167, 1.000174017,
2053.513992993, 0.999788233,
2053.534424920, 0.999673250,
2053.554856647, 0.999927668,
2053.595720401, 1.000195647,
2053.616152129, 0.999740820,
2053.636584057, 0.999864858,
2053.657015885, 1.000039351,
2053.677447614, 1.000077741,
2053.697879542, 0.999974650,
2053.718311371, 0.999765103,
2053.738743200, 0.999928939,
2053.759175030, 1.000035209,
2053.779606860, 0.999954901,
2053.800038690, 0.999802302,
2053.840902250, 0.999921750,
2053.861334181, 0.999731439,
2053.881766012, 0.999940875,
2053.902197943, 0.999868560,
2053.922629675, 0.999564045,
2053.943061507, 0.999949304,
2053.963493439, 0.999900842,
2053.983925171, 1.000352148,
2054.004357004, 0.999540059,
2054.024788937, 0.999920734,
2054.045220770, 1.000022834,
2054.086084437, 0.999763154,
2054.106516271, 0.999953110,
2054.126948105, 0.999867480,
2054.147379940, 0.999701436,
2054.167811774, 0.999865555,
2054.188243709, 1.000084363,
2054.208675445, 1.000045478,
2054.229107280, 0.999593312,
2054.249539216, 1.000193382,
2054.269970952, 0.999756406,
2054.290402888, 1.000098777,
2054.331266462, 1.000074039,
2054.351698399, 0.999635294,
2054.372130236, 0.999858084,
2054.392561974, 0.999387974,
2054.412993912, 0.999458172,
2054.433425750, 0.999651968,
2054.453857588, 0.999644917,
2054.474289427, 1.000022936,
2054.494721166, 1.000025460,
2054.515153105, 0.999781207,
2054.535584945, 0.999693728,
2054.576448625, 0.999566707,
2054.596880465, 0.999556309,
2054.617312406, 0.999778436,
2054.637744147, 0.999464830,
2054.658175988, 0.999517088,
2054.678607929, 0.999993570,
2054.699039671, 0.999789239,
2054.719471513, 0.999955151,
2054.739903455, 0.999500840,
2054.760335297, 0.999403510,
2054.780767140, 0.999518809,
2054.821630827, 0.999637811,
2054.842062670, 0.999927464,
2054.862494514, 0.999773735,
2054.882926358, 0.999660093,
2054.903358302, 0.999454476,
2054.923790047, 0.999651889,
2054.944221892, 0.999243180,
2054.964653837, 0.999736302,
2054.985085583, 0.999464608,
2055.005517528, 0.999532671,
2055.025949374, 0.999185759,
2055.087244814, 0.999510648,
2055.107676661, 0.999770516,
2055.128108609, 0.999205161,
2055.148540356, 0.999382345,
2055.168972304, 0.999233246,
2055.189404152, 0.999334948,
2055.209835901, 0.998916651,
2055.230267849, 0.999410156,
2055.250699699, 0.999404982,
2055.271131548, 0.999377476,
2055.291563397, 0.999439374,
2055.311995247, 0.999448252,
2055.332427197, 0.999133357,
2055.352858948, 0.999429283,
2055.373290798, 0.999626398,
2055.393722749, 0.999410816,
2055.414154601, 0.998550492,
2055.434586352, 0.999414217,
2055.455018304, 0.998975499,
2055.475450156, 0.998837035,
2055.495882008, 0.998926473,
2055.516313861, 0.998744691,
2055.557177667, 0.999335612,
2055.577609420, 0.999059513,
2055.598041274, 0.998748555,
2055.618473228, 0.998857121,
2055.638904982, 0.998966704,
2055.659336837, 0.999274579,
2055.679768792, 0.999036865,
2055.700200547, 0.999141580,
2055.720632502, 0.998798298,
2055.741064258, 0.998707862,
2055.761496114, 0.999105554,
2055.802359826, 0.998718396,
2055.822791683, 0.998900724,
2055.843223640, 0.998801280,
2055.863655398, 0.998972089,
2055.884087355, 0.998443645,
2055.904519213, 0.998318534,
2055.924951071, 0.998817388,
2055.945382930, 0.998656242,
2055.965814789, 0.998389480,
2055.986246648, 0.998534619,
2056.006678507, 0.998815594,
2056.067974187, 0.998831109,
2056.088405947, 0.998924397,
2056.108837908, 0.998582215,
2056.129269769, 0.998590898,
2056.149701530, 0.998289531,
2056.170133492, 0.998573040,
2056.190565354, 0.998698150,
2056.210997316, 0.998527082,
2056.231429078, 0.998444474,
2056.251860941, 0.998016685,
2056.272292904, 0.998315223,
2056.292724667, 0.998229350,
2056.313156531, 0.998295174,
2056.333588494, 0.998388322,
2056.354020259, 0.998267471,
2056.374452123, 0.997996972,
2056.394883988, 0.998163706,
2056.415315853, 0.997996728,
2056.435747818, 0.998247543,
2056.456179684, 0.998214577,
2056.476611449, 0.997993184,
2056.497043416, 0.997705715,
2056.537907049, 0.997867472,
2056.558339016, 0.997811116,
2056.578770883, 0.998346205,
2056.599202751, 0.997815968,
2056.619634618, 0.997659848,
2056.640066486, 0.997341221,
2056.660498355, 0.997903879,
2056.680930224, 0.997509721,
2056.701362093, 0.997997882,
2056.721793962, 0.997682258,
2056.742225832, 0.997864701,
2056.783089672, 0.997544253,
2056.803521442, 0.997745624,
2056.823953413, 0.997341042,
2056.844385284, 0.997446057,
2056.864817055, 0.997539559,
2056.885249027, 0.997344439,
2056.905680899, 0.997252056,
2056.926112871, 0.997580690,
2056.946544643, 0.997030604,
2056.966976516, 0.997183232,
2056.987408489, 0.997668237,
2057.028272136, 0.997516259,
2057.048704110, 0.997145578,
2057.069135884, 0.997144929,
2057.089567759, 0.997533663,
2057.109999634, 0.997259387,
2057.130431509, 0.996806480,
2057.150863484, 0.997789834,
2057.171295260, 0.996937490,
2057.191727136, 0.997090656,
2057.212159112, 0.996642856,
2057.232590989, 0.997028952,
2057.293886620, 0.997083851,
2057.314318498, 0.996944596,
2057.334750376, 0.997366414,
