BJD - 2454833, Corrected Flux
1977.262463219, 1.049220680,
1977.282895488, 1.050975197,
1977.303327655, 1.048061481,
1977.364624557, 1.043508366,
1977.385056823, 1.042197829,
1977.405489089, 1.046765248,
1977.425921354, 1.036956696,
1977.446353719, 1.038460538,
1977.466785883, 1.036220449,
1977.487218247, 1.040658405,
1977.507650510, 1.039725870,
1977.528082673, 1.040395706,
1977.548515036, 1.040361884,
1977.568947298, 1.046098278,
1977.589379459, 1.044646440,
1977.609811820, 1.044887703,
1977.630244081, 1.039875537,
1977.650676240, 1.040134912,
1977.671108600, 1.041765646,
1977.691540859, 1.040577921,
1977.711973018, 1.041469958,
1977.732405376, 1.042021729,
1977.752837634, 1.043127249,
1977.773269791, 1.042158110,
1977.793702148, 1.040027848,
1977.814134404, 1.039765595,
1977.834566660, 1.037583558,
1977.854998915, 1.040476970,
1977.875431170, 1.039870920,
1977.895863424, 1.036503780,
1977.916295678, 1.039278453,
1977.936727932, 1.039570941,
1977.957160285, 1.044179567,
1977.977592437, 1.039896266,
1977.998024689, 1.041104683,
1978.018457041, 1.041106172,
1978.038889192, 1.042196574,
1978.059321442, 1.038919431,
1978.079753792, 1.042310857,
1978.100185942, 1.039253623,
1978.120618192, 1.042095881,
1978.141050540, 1.043785202,
1978.161482688, 1.041172670,
1978.181914937, 1.039968992,
1978.202347284, 1.039103697,
1978.222779431, 1.040499882,
1978.243211777, 1.042269748,
1978.263644023, 1.043447882,
1978.284076268, 1.041654176,
1978.304508514, 1.043571282,
1978.324940758, 1.042521830,
1978.345373002, 1.041587105,
1978.365805246, 1.043118776,
1978.386237489, 1.044355665,
1978.406669732, 1.047341267,
1978.427101974, 1.039483830,
1978.447534216, 1.042705024,
1978.467966457, 1.041734306,
1978.488398697, 1.044310432,
1978.508830938, 1.041692866,
1978.529263078, 1.041679189,
1978.590559795, 1.043174710,
1978.610992133, 1.039367693,
1978.631424370, 1.040651845,
1978.651856707, 1.044639932,
1978.672288844, 1.043722753,
1978.692721080, 1.045036912,
1978.713153416, 1.044077165,
1978.733585551, 1.042700285,
1978.754017786, 1.040388339,
1978.774450120, 1.043089985,
1978.794882354, 1.040376320,
1978.815314487, 1.039804283,
1978.835746820, 1.044156386,
1978.856179053, 1.042069347,
1978.876611185, 1.042569431,
1978.917475747, 1.043014409,
1978.937907878, 1.043584719,
1978.958340208, 1.041562277,
1978.978772438, 1.042892694,
1978.999204567, 1.045921494,
1979.019636896, 1.044551757,
1979.060501252, 1.043782160,
1979.080933579, 1.045961212,
1979.101365806, 1.040759262,
1979.121798133, 1.044002630,
1979.142230259, 1.045001809,
1979.162662484, 1.040722994,
1979.183094709, 1.043650583,
1979.203526934, 1.048318247,
1979.223959158, 1.042691089,
1979.244391382, 1.041860619,
1979.264823605, 1.041752880,
1979.285255828, 1.039321454,
1979.305688050, 1.042384479,
1979.326120272, 1.041653800,
1979.346552493, 1.042351233,
1979.366984814, 1.043439873,
1979.387416935, 1.042351418,
1979.407849155, 1.047053173,
1979.428281474, 1.042164733,
1979.448713594, 1.043703856,
1979.469145812, 1.044737643,
1979.489578130, 1.040849738,
1979.510010248, 1.044494092,
1979.530442465, 1.044624924,
1979.550874782, 1.046209763,
1979.571306898, 1.047073979,
1979.591739214, 1.043015652,
1979.612171430, 1.043499947,
1979.632603645, 1.042836684,
1979.653035859, 1.041968191,
1979.673468074, 1.044215319,
1979.693900287, 1.041544660,
1979.714332500, 1.042395082,
1979.734764713, 1.041778260,
1979.775629137, 1.045440360,
1979.796061348, 1.045192138,
1979.816493559, 1.046107959,
1979.836925870, 1.043120418,
1979.857357980, 1.044721554,
1979.877790189, 1.042966867,
1979.898222398, 1.040209069,
1979.918654607, 1.040651944,
1979.939086815, 1.041782048,
1979.959519023, 1.044886762,
1979.979951230, 1.042998821,
1980.000383437, 1.046314817,
1980.020815643, 1.044667985,
1980.041247849, 1.040778025,
1980.061680155, 1.042606096,
1980.082112260, 1.041089174,
1980.102544464, 1.039139556,
1980.122976768, 1.043206300,
1980.143408872, 1.041738062,
1980.163841075, 1.041993242,
1980.184273378, 1.045890036,
1980.204705580, 1.042677682,
1980.225137682, 1.042200194,
1980.245569983, 1.044795255,
1980.266002184, 1.043186257,
1980.286434285, 1.042945458,
1980.306866585, 1.045773253,
1980.327298784, 1.042946472,
1980.347730883, 1.042792392,
1980.368163182, 1.045091780,
1980.388595380, 1.042945289,
1980.409027478, 1.040558921,
1980.429459775, 1.046779850,
1980.449891972, 1.041093840,
1980.470324168, 1.040576035,
1980.490756365, 1.045584422,
1980.511188560, 1.041527643,
1980.531620855, 1.042592218,
1980.552052950, 1.037741900,
1980.572485144, 1.041442845,
1980.592917438, 1.039307703,
1980.613349531, 1.043314156,
1980.633781724, 1.040907932,
1980.654214016, 1.044293347,
1980.674646108, 1.041608852,
1980.695078300, 1.045031601,
1980.715510591, 1.042274532,
1980.735942682, 1.041154885,
1980.756374871, 1.041262366,
1980.776807161, 1.043190858,
1980.797239251, 1.043879336,
1980.817671439, 1.043165098,
1980.838103728, 1.044119182,
1980.858535815, 1.041122457,
1980.878968003, 1.043943224,
1980.899400290, 1.043593005,
1980.919832376, 1.040264922,
1980.940264563, 1.042007258,
1980.960696848, 1.040620629,
1980.981128934, 1.044625901,
1981.042425586, 1.043473818,
1981.062857770, 1.041688493,
1981.083289953, 1.041702051,
1981.103722135, 1.041154082,
1981.124154318, 1.045421717,
1981.144586500, 1.041755126,
1981.165018681, 1.044418456,
1981.185450961, 1.041675105,
1981.205883042, 1.042911846,
1981.226315222, 1.043982304,
1981.246747501, 1.043516217,
1981.267179580, 1.045454717,
1981.287611759, 1.042110471,
1981.308044037, 1.045527216,
1981.328476114, 1.041988266,
1981.348908292, 1.041460568,
1981.369340569, 1.040523014,
1981.389772645, 1.044255891,
1981.410204821, 1.041283931,
1981.430636996, 1.041283343,
1981.451069171, 1.041816897,
1981.471501446, 1.038891346,
1981.594094484, 1.045297180,
1981.614526656, 1.042384948,
1981.634958727, 1.042838945,
1981.655390998, 1.044046027,
1981.675823168, 1.045916758,
1981.696255238, 1.041893457,
1981.716687507, 1.045738436,
1981.737119676, 1.042804607,
1981.757551744, 1.045903587,
1981.777984012, 1.041216425,
1981.798416180, 1.042425444,
1981.818848247, 1.045912046,
1981.839280514, 1.046491100,
1981.859712680, 1.044485770,
1981.880144846, 1.045104335,
1981.900577011, 1.045038381,
1981.921009176, 1.045654782,
1981.941441440, 1.044863137,
1981.961873504, 1.041246167,
1981.982305668, 1.041091780,
1982.002737931, 1.043448533,
1982.023170094, 1.043640854,
1982.043602156, 1.044644886,
1982.064034418, 1.045501873,
1982.084466579, 1.043155632,
1982.104898641, 1.045260346,
1982.125330901, 1.042107740,
1982.145762961, 1.041857004,
1982.166195121, 1.045312616,
1982.186627380, 1.043174045,
1982.207059439, 1.044902406,
1982.227491597, 1.041873180,
1982.247923855, 1.042589439,
1982.268355913, 1.041863880,
1982.288788070, 1.043411031,
1982.309220326, 1.045851813,
1982.329652383, 1.043115534,
1982.350084538, 1.043012209,
1982.370516794, 1.045811195,
1982.390948949, 1.043661558,
1982.411381103, 1.043588424,
1982.431813257, 1.042116482,
1982.452245411, 1.042892845,
1982.472677564, 1.041964949,
1982.493109717, 1.046566084,
1982.513541869, 1.043790978,
1982.533974121, 1.042885328,
1982.554406173, 1.043694923,
1982.574838323, 1.042560705,
1982.595270574, 1.046166039,
1982.615702624, 1.040338501,
1982.636134774, 1.041669198,
1982.656567023, 1.040748654,
1982.676999072, 1.042222909,
1982.697431220, 1.044600092,
1982.717863468, 1.040971847,
1982.738295516, 1.043400553,
1982.758727663, 1.042399015,
1982.779159910, 1.047173617,
1982.799591956, 1.043809846,
1982.820024102, 1.042992666,
1982.840456347, 1.043976839,
1982.860888492, 1.048460992,
1982.881320637, 1.043498538,
1982.901752781, 1.040699033,
1982.922184825, 1.044857227,
1982.942617068, 1.042450478,
1982.983481253, 1.039719885,
1983.003913495, 1.045840161,
1983.024345637, 1.044838151,
1983.044777678, 1.044115321,
1983.065209918, 1.044855464,
1983.085642059, 1.044174615,
1983.106074099, 1.045232939,
1983.126506338, 1.043472865,
1983.146938477, 1.047615674,
1983.167370515, 1.046006986,
1983.187802754, 1.044239301,
1983.208234891, 1.041258217,
1983.228667028, 1.043219109,
1983.249099165, 1.047592859,
1983.269531302, 1.044943815,
1983.289963438, 1.044993695,
1983.310395573, 1.041958202,
1983.330827709, 1.042785060,
1983.351259943, 1.043488103,
1983.371692077, 1.037962730,
1983.392124112, 1.044682047,
1983.412556345, 1.033368073,
1983.432988478, 1.043833158,
1983.473852743, 1.043262107,
1983.494284875, 1.047185135,
1983.514716906, 1.038775344,
1983.535149137, 1.041956259,
1983.555581267, 1.045513531,
1983.576013297, 1.044994413,
1983.596445526, 1.045618912,
1983.616877656, 1.044487394,
1983.637309685, 1.041955443,
1983.657741913, 1.046272135,
1983.678173941, 1.044017324,
1983.698606169, 1.054170782,
1983.719038296, 1.044621206,
1983.739470322, 1.046336055,
1983.759902448, 1.043170145,
1983.780334674, 1.041662708,
1983.800766799, 1.042915956,
1983.821198925, 1.040954752,
1983.841631049, 1.038383703,
1983.862063173, 1.038709325,
1983.882495397, 1.042963069,
1983.902927420, 1.042517785,
1983.923359543, 1.042404518,
1983.943791765, 1.040387503,
1983.964223787, 1.045404721,
1983.984655909, 1.040703017,
1984.005088131, 1.042853067,
1984.025520151, 1.040286499,
1984.045952271, 1.044396299,
1984.066384491, 1.042509240,
1984.086816511, 1.041715428,
1984.107248630, 1.041306003,
1984.127680848, 1.041634489,
1984.148112867, 1.041763513,
1984.168544985, 1.041134226,
1984.188977202, 1.043494677,
1984.209409319, 1.042532696,
1984.229841336, 1.041124434,
1984.250273552, 1.041399926,
1984.270705667, 1.036988374,
1984.291137783, 1.036718239,
1984.311569898, 1.039098069,
1984.332002012, 1.042079645,
1984.352434226, 1.042750416,
1984.372866240, 1.040624089,
1984.393298253, 1.045736190,
1984.413730466, 1.039441040,
1984.475026802, 1.045186471,
1984.495458913, 1.037776489,
1984.515890924, 1.043788218,
1984.536323134, 1.045589095,
1984.556755244, 1.043156835,
1984.577187253, 1.040251908,
1984.597619462, 1.038272998,
1984.618051571, 1.041928040,
1984.638483679, 1.038900702,
1984.658915787, 1.036744057,
1984.679347895, 1.043251410,
1984.699780002, 1.042347252,
1984.720212208, 1.045711067,
1984.740644214, 1.044204634,
1984.761076420, 1.046572132,
1984.781508525, 1.042077327,
1984.801940531, 1.039128963,
1984.822372735, 1.041823083,
1984.842804839, 1.041722291,
1984.863236843, 1.038634584,
1984.883669046, 1.044502059,
1984.904101149, 1.040419722,
1984.985829456, 1.042078913,
1985.006261657, 1.044697105,
1985.026693757, 1.041663838,
1985.047125857, 1.043778204,
1985.067557957, 1.042025995,
1985.087990056, 1.046984710,
1985.108422155, 1.043898573,
1985.149286351, 1.045794076,
1985.169718349, 1.041128912,
1985.190150546, 1.046606975,
1985.210582642, 1.045083984,
1985.231014839, 1.044003844,
1985.251446835, 1.044583961,
1985.271878930, 1.041463185,
1985.292311125, 1.045549911,
1985.312743120, 1.042380895,
1985.333175214, 1.045943327,
1985.353607408, 1.044672297,
1985.374039401, 1.040835118,
1985.394471494, 1.044591683,
1985.455767771, 1.042916612,
1985.476199962, 1.040234947,
1985.496631954, 1.046785550,
1985.517064044, 1.043451454,
1985.537496234, 1.046850553,
1985.557928324, 1.041688475,
1985.578360313, 1.043103939,
1985.598792502, 1.043465287,
1985.619224591, 1.046798004,
1985.639656579, 1.044081440,
1985.660088766, 1.041328566,
1985.680520854, 1.047342077,
1985.700953041, 1.045888695,
1985.721385027, 1.041446675,
1985.741817113, 1.044664361,
1985.762249299, 1.039217272,
1985.782681284, 1.045139791,
1985.803113369, 1.041577041,
1985.823545554, 1.044520785,
1985.843977538, 1.043913539,
1985.864409622, 1.042295799,
1985.884841705, 1.040129759,
1985.946137952, 1.043078044,
1985.966570034, 1.043342395,
1985.987002115, 1.042641714,
1986.007434196, 1.045766172,
1986.027866276, 1.042784135,
1986.048298356, 1.043545842,
1986.068730536, 1.044798868,
1986.089162515, 1.040740386,
1986.109594594, 1.040202297,
1986.130026773, 1.040652837,
1986.150458751, 1.040754554,
1986.170890928, 1.042374029,
1986.191323005, 1.043851862,
1986.211754982, 1.044190913,
1986.232187158, 1.044488983,
1986.252619235, 1.046182837,
1986.273051210, 1.039700786,
1986.293483386, 1.042248988,
1986.313915460, 1.046704126,
1986.334347435, 1.044769797,
1986.354779609, 1.039508638,
1986.375211682, 1.040241081,
1986.395643756, 1.042253777,
1986.416075828, 1.046988137,
1986.436507901, 1.040838472,
1986.456939973, 1.040790462,
1986.477372044, 1.038280036,
1986.497804116, 1.044037743,
1986.518236186, 1.041140627,
1986.538668357, 1.049835276,
1986.579532397, 1.058714721,
1986.599964466, 1.064339055,
1986.681692739, 1.044724208,
1986.702124906, 1.041536624,
1986.722556873, 1.042259964,
1986.742988940, 1.041809938,
1986.763421105, 1.045735131,
1986.783853071, 1.041251350,
1986.804285137, 1.040490594,
1986.824717301, 1.040579384,
1986.845149266, 1.047225852,
1986.865581330, 1.044361959,
1986.926877520, 1.048689562,
1986.947309682, 1.044109560,
1986.967741745, 1.044675418,
1986.988173706, 1.043044195,
1987.008605868, 1.049443039,
1987.029037929, 1.043363463,
1987.049469889, 1.047750636,
1987.069902049, 1.044716783,
1987.090334109, 1.043280823,
1987.110766268, 1.043986203,
1987.172062444, 1.044681452,
1987.192494402, 1.042036233,
1987.212926459, 1.042319027,
1987.233358616, 1.044434852,
1987.253790573, 1.045030949,
1987.274222629, 1.047296636,
1987.294654785, 1.043221208,
1987.315086740, 1.047441991,
1987.335518795, 1.039751163,
1987.355950950, 1.043780251,
1987.376382904, 1.044977197,
1987.396814958, 1.044768532,
1987.417247011, 1.046970702,
1987.437679065, 1.049988423,
1987.458111117, 1.044332257,
1987.478543269, 1.045335859,
1987.498975221, 1.042288052,
1987.519407373, 1.044668357,
1987.539839424, 1.042700479,
1987.560271375, 1.046567860,
1987.580703525, 1.042011886,
1987.601135575, 1.042778875,
1987.662431723, 1.043164377,
1987.682863671, 1.044513220,
1987.703295819, 1.044623096,
1987.723727867, 1.045774231,
1987.744159914, 1.047277194,
1987.764591961, 1.041580226,
1987.785024007, 1.042912819,
1987.805456053, 1.040982166,
1987.825888099, 1.043179414,
1987.846320145, 1.039521817,
1987.907616278, 1.042411004,
1987.928048322, 1.043784073,
1987.948480465, 1.045916624,
1987.968912408, 1.041842190,
1987.989344551, 1.044617696,
1988.009776593, 1.042308325,
1988.030208535, 1.040866391,
1988.050640676, 1.043839304,
1988.071072717, 1.044833119,
1988.091504658, 1.042437403,
1988.111936798, 1.044474861,
1988.132368738, 1.047109330,
1988.152800778, 1.044608770,
1988.173232917, 1.037991900,
1988.193664855, 1.045380734,
1988.214096894, 1.041776767,
1988.234529032, 1.045074726,
1988.254960969, 1.040884351,
1988.275393007, 1.041306478,
1988.295825143, 1.046216968,
1988.316257180, 1.044105066,
1988.397985222, 1.044743620,
1988.418417357, 1.045161919,
1988.438849391, 1.045960709,
1988.459281525, 1.044551987,
1988.479713458, 1.043074219,
1988.500145491, 1.045967825,
1988.520577623, 1.043994674,
1988.541009556, 1.047840275,
1988.561441588, 1.040033912,
1988.581873719, 1.040903186,
1988.663601741, 1.040736288,
1988.684033771, 1.043419822,
1988.704465900, 1.065641757,
1988.724897829, 1.043849314,
1988.745329857, 1.042833173,
1988.765761985, 1.045393997,
1988.786194013, 1.042632237,
1988.806625940, 1.044572061,
1988.827058067, 1.041535769,
1988.908786072, 1.041523227,
1988.929218196, 1.043514889,
1988.949650221, 1.041388038,
1988.970082146, 1.042104707,
1988.990514269, 1.045582607,
1989.010946293, 1.040720090,
1989.031378216, 1.045420780,
1989.051810339, 1.042201430,
1989.072242361, 1.040570873,
1989.092674283, 1.044948515,
1989.113106405, 1.041795026,
1989.133538426, 1.040071579,
1989.153970447, 1.042899946,
1989.174402468, 1.043207898,
1989.194834488, 1.048313502,
1989.235698527, 1.039721493,
1989.256130546, 1.044032435,
1989.276562565, 1.046397492,
1989.296994683, 1.047133760,
1989.317426601, 1.050136356,
1989.378722652, 1.044642944,
1989.399154769, 1.048314126,
1989.419586785, 1.045878846,
1989.440018701, 1.045187179,
1989.460450816, 1.044745137,
1989.480882831, 1.042971941,
1989.501314745, 1.043078614,
1989.521746860, 1.048399732,
1989.542178873, 1.045484246,
1989.562610787, 1.045054396,
1989.583042900, 1.048351963,
1989.603474913, 1.045881908,
1989.623906825, 1.046803893,
1989.644338937, 1.041614203,
1989.664770949, 1.043257885,
1989.685202860, 1.043664105,
1989.705634971, 1.043034839,
1989.726066981, 1.047928638,
1989.746498891, 1.046817579,
1989.766931001, 1.047411590,
1989.787363011, 1.044667746,
1989.869091144, 1.046109549,
1989.889523052, 1.045417286,
1989.909955059, 1.044578847,
1989.930387166, 1.043208492,
1989.950819072, 1.043019210,
1989.971251078, 1.047739614,
1989.991683184, 1.043518729,
1990.012115089, 1.047394804,
1990.032547094, 1.041285694,
1990.052979199, 1.045056650,
1990.073411103, 1.043605801,
1990.093843107, 1.043223393,
1990.114275210, 1.042764213,
1990.134707213, 1.044530842,
1990.155139116, 1.047792098,
1990.175571218, 1.041035359,
1990.196003221, 1.043104385,
1990.216435122, 1.042291210,
1990.236867223, 1.046182788,
1990.257299224, 1.048119391,
1990.277731225, 1.045661049,
1990.298163225, 1.048568803,
1990.359459223, 1.045128523,
1990.379891122, 1.047008465,
1990.400323221, 1.045932797,
1990.441187116, 1.042608817,
1990.461619214, 1.044500446,
1990.482051210, 1.044543831,
1990.522915203, 1.043167232,
1990.604643184, 1.042472900,
1990.625075178, 1.041589085,
1990.645507272, 1.044557364,
1990.665939166, 1.048361482,
1990.686371159, 1.046626657,
1990.706803252, 1.042258542,
1990.727235145, 1.038556961,
1990.747667237, 1.039048194,
1990.768099229, 1.042437527,
1990.849827093, 1.043290150,
1990.870259183, 1.046718694,
1990.890691172, 1.047477616,
1990.911123061, 1.046993326,
1990.931555151, 1.045266610,
1990.951987139, 1.046487776,
1990.972419127, 1.046250211,
1990.992851115, 1.050108865,
1991.013283103, 1.045458034,
1991.033715090, 1.047479022,
1991.054147077, 1.044819803,
1991.074579063, 1.045804998,
1991.095010950, 1.045708919,
1991.115443035, 1.047217010,
1991.135875020, 1.043486609,
1991.156307105, 1.046867554,
1991.176738990, 1.045622592,
1991.197170975, 1.046715022,
1991.217603058, 1.052042829,
1991.238034942, 1.048055085,
1991.258466925, 1.049288769,
1991.278899008, 1.046681922,
1991.340194954, 1.049226072,
1991.360626836, 1.049523551,
1991.381058817, 1.047251890,
1991.401490898, 1.046192485,
1991.421922778, 1.045820856,
1991.442354758, 1.046460258,
1991.462786838, 1.047581744,
1991.483218817, 1.047691657,
1991.503650696, 1.044084769,
1991.524082775, 1.063539454,
1991.544514753, 1.043918879,
1991.564946631, 1.047665775,
1991.585378708, 1.050542573,
1991.605810685, 1.047503141,
1991.626242763, 1.043575766,
1991.667106615, 1.045816369,
1991.687538691, 1.042039904,
1991.707970566, 1.046665623,
1991.728402542, 1.043109743,
1991.748834516, 1.044526914,
1991.769266491, 1.045096688,
1991.789698465, 1.045497574,
1991.810130438, 1.049368655,
1991.830562412, 1.040410250,
1991.871426357, 1.046656078,
1991.891858330, 1.042733194,
1991.912290301, 1.048552106,
1991.932722273, 1.044320570,
1991.953154244, 1.042749677,
1991.973586215, 1.047894221,
1991.994018286, 1.048570255,
1992.014450156, 1.042316513,
1992.075746064, 1.041238601,
1992.096178133, 1.046802140,
1992.116610101, 1.041949366,
1992.137041969, 1.044661721,
1992.157474037, 1.046205778,
1992.198337872, 1.044433757,
1992.218769938, 1.046639192,
1992.239201905, 1.047836358,
1992.259633771, 1.049967022,
1992.300497801, 1.045117527,
1992.320929766, 1.045311941,
1992.341361731, 1.048561824,
1992.361793695, 1.047267489,
1992.382225659, 1.049282561,
1992.402657622, 1.045623293,
1992.423089586, 1.045847974,
1992.443521649, 1.047671455,
1992.463953611, 1.043668919,
1992.484385473, 1.043246097,
1992.504817535, 1.046847923,
1992.525249397, 1.043910897,
1992.545681358, 1.042444593,
1992.566113419, 1.042613118,
1992.586545279, 1.042255468,
1992.606977239, 1.046831904,
1992.647841158, 1.044961967,
1992.668273117, 1.042425476,
1992.688705176, 1.045915026,
1992.709137034, 1.043550362,
1992.729568992, 1.045613551,
1992.750001050, 1.042202705,
1992.811296921, 1.050348493,
1992.831728878, 1.047192679,
1992.852160833, 1.042416905,
1992.872592789, 1.048253434,
1992.893024745, 1.049132327,
1992.913456700, 1.043303108,
1992.933888654, 1.045971886,
1992.954320609, 1.047437858,
1992.974752662, 1.047021772,
1992.995184516, 1.049278861,
1993.015616469, 1.057051992,
1993.036048522, 1.047051788,
1993.056480375, 1.043538941,
1993.076912327, 1.042433291,
1993.097344379, 1.047231186,
1993.117776230, 1.044795885,
1993.138208182, 1.058877503,
1993.158640232, 1.048632521,
1993.179072083, 1.049323851,
1993.199504033, 1.051276575,
1993.219936083, 1.050434051,
1993.240367933, 1.045196546,
1993.301663779, 1.046114996,
1993.322095827, 1.049087890,
1993.342527775, 1.048736368,
1993.362959623, 1.040793556,
1993.383391670, 1.045360395,
1993.403823617, 1.044394888,
1993.424255463, 1.045520068,
1993.444687509, 1.049432504,
1993.465119455, 1.046691679,
1993.485551301, 1.045592240,
1993.546847135, 1.048577810,
1993.567279179, 1.045872024,
1993.587711123, 1.048414848,
1993.608142966, 1.046219617,
1993.628575009, 1.043919796,
1993.649006952, 1.044293315,
1993.669438995, 1.043311833,
1993.689870837, 1.045766871,
1993.710302779, 1.044380456,
1993.730734820, 1.042622838,
1993.751166661, 1.046244059,
1993.771598602, 1.044422626,
1993.792030642, 1.045908491,
1993.812462583, 1.048833113,
1993.832894422, 1.043894651,
1993.853326462, 1.044930704,
1993.873758401, 1.043554396,
1993.894190240, 1.045788874,
1993.914622278, 1.044540561,
1993.935054216, 1.045877551,
1993.955486054, 1.043079226,
1994.037213902, 1.045623251,
1994.057645738, 1.047827061,
1994.078077774, 1.047493073,
1994.098509709, 1.044553041,
1994.118941545, 1.044459547,
1994.139373579, 1.046887156,
1994.159805514, 1.046319118,
1994.180237448, 1.046920293,
1994.200669382, 1.044777943,
1994.221101315, 1.046908254,
1994.282397114, 1.045357258,
1994.302829046, 1.045023131,
1994.323260978, 1.044935779,
1994.343692909, 1.045922158,
1994.364124840, 1.045512910,
1994.384556871, 1.045418673,
1994.404988702, 1.044813081,
1994.425420632, 1.046508437,
1994.445852662, 1.047927102,
1994.466284492, 1.044843022,
1994.507148450, 1.043702335,
1994.527580278, 1.050608573,
1994.548012307, 1.042393387,
1994.568444234, 1.041934149,
1994.588876062, 1.044632612,
1994.609308089, 1.049019303,
1994.629740016, 1.039127152,
1994.650171943, 1.046001117,
1994.670603869, 1.044462586,
1994.691035795, 1.046412948,
1994.711467621, 1.042598312,
1994.772763396, 1.047968556,
1994.793195420, 1.048454627,
1994.813627344, 1.044940837,
1994.834059168, 1.046393217,
1994.854491191, 1.048872748,
1994.874923114, 1.046862372,
1994.895355137, 1.047818559,
1994.915786959, 1.047256995,
1994.936218881, 1.051108107,
1994.956650903, 1.045864800,
1995.017946667, 1.042794850,
1995.038378487, 1.046996100,
1995.058810407, 1.050198363,
1995.079242427, 1.045962681,
1995.099674246, 1.045286065,
1995.120106166, 1.042772737,
1995.140538185, 1.040901232,
1995.160970003, 1.041926149,
1995.181401921, 1.042216901,
1995.201833939, 1.045070197,
1995.263129691, 1.043772486,
1995.283561608, 1.042268574,
1995.303993524, 1.044080425,
1995.324425440, 1.044030912,
1995.344857356, 1.046067188,
1995.365289271, 1.047273052,
1995.385721186, 1.047427156,
1995.406153101, 1.041945203,
1995.426585015, 1.043301277,
1995.447016929, 1.045815408,
1995.467448843, 1.047422821,
1995.487880756, 1.049275763,
1995.508312670, 1.045724005,
1995.528744482, 1.043120911,
1995.549176495, 1.042213128,
1995.569608407, 1.045348397,
1995.590040319, 1.048645023,
1995.610472230, 1.043976304,
1995.630904141, 1.045479151,
1995.651336052, 1.045985449,
1995.671767963, 1.045717252,
1995.692199873, 1.046155744,
1995.753495602, 1.046844195,
1995.773927611, 1.048822284,
1995.794359520, 1.042264295,
1995.814791328, 1.044846235,
1995.835223336, 1.046492023,
1995.855655244, 1.044944907,
1995.876087051, 1.043428813,
1995.896519058, 1.044707266,
1995.916950965, 1.044847692,
1995.937382772, 1.045413081,
1995.998678490, 1.044715179,
1996.019110495, 1.045780062,
1996.039542400, 1.046595349,
1996.059974304, 1.044409141,
1996.080406209, 1.043813761,
1996.100838113, 1.043013960,
1996.121270016, 1.044380299,
1996.141701920, 1.042804351,
1996.162133823, 1.042316522,
1996.182565725, 1.040700455,
1996.202997628, 1.043710017,
1996.223429530, 1.045328347,
1996.243861532, 1.045039235,
1996.264293333, 1.041059165,
1996.284725234, 1.043769916,
1996.305157235, 1.043331411,
1996.325589036, 1.046209733,
1996.346020936, 1.038514873,
1996.366452936, 1.044910282,
1996.386884736, 1.048412308,
1996.407316635, 1.053240354,
1996.427748634, 1.046016783,
1996.489044329, 1.038038499,
1996.509476127, 1.042090569,
1996.529908125, 1.037648107,
1996.550340022, 1.041316057,
1996.570771918, 1.041490136,
1996.591203815, 1.037007842,
1996.611635711, 1.038346230,
1996.632067607, 1.040454469,
1996.652499503, 1.045352097,
1996.672931398, 1.052008528,
1996.734227082, 1.040567683,
1996.754658976, 1.044819418,
1996.775090970, 1.045989806,
1996.795522764, 1.045404604,
1996.815954657, 1.045900686,
1996.836386650, 1.044811837,
1996.856818442, 1.043364297,
1996.877250335, 1.042971341,
1996.897682227, 1.045149352,
1996.918114118, 1.050626984,
1996.979409791, 1.046676402,
1996.999841782, 1.039069777,
1997.020273572, 1.044488608,
1997.040705462, 1.042496636,
1997.061137451, 1.047277147,
1997.102001130, 1.043271806,
1997.122433118, 1.046181320,
1997.142865006, 1.043112568,
1997.163296794, 1.046248247,
1997.224592457, 1.047671261,
1997.245024443, 1.044830711,
1997.265456330, 1.043128529,
1997.285888116, 1.040512970,
1997.306320102, 1.046415048,
1997.326751988, 1.044530263,
1997.347183973, 1.044402069,
1997.367615758, 1.045106372,
1997.388047643, 1.044865162,
1997.408479627, 1.042065640,
1997.428911411, 1.045736637,
1997.449343295, 1.041415004,
1997.469775279, 1.043374403,
1997.490207062, 1.046656025,
1997.510638945, 1.041657903,
1997.531070927, 1.044383719,
1997.551502810, 1.038263852,
1997.571934592, 1.044853945,
1997.592366573, 1.042883561,
1997.612798355, 1.047327495,
1997.633230236, 1.045563903,
1997.714957857, 1.043480304,
1997.735389637, 1.042140393,
1997.755821616, 1.040936398,
1997.776253496, 1.044118378,
1997.796685274, 1.042105677,
1997.817117253, 1.043614415,
1997.837549131, 1.039458817,
1997.857980909, 1.043062583,
1997.878412886, 1.043765194,
1997.898844764, 1.043236285,
1997.960140394, 1.043475144,
1997.980572270, 1.041430299,
1998.001004146, 1.042575399,
1998.021436021, 1.046623729,
1998.041867896, 1.041115775,
1998.062299871, 1.042532378,
1998.082731646, 1.041876122,
1998.103163620, 1.039974538,
1998.123595494, 1.046914850,
1998.144027268, 1.041649759,
1998.164459241, 1.040313548,
1998.184891115, 1.041298785,
1998.205322887, 1.039813056,
1998.225754860, 1.037199120,
1998.246186732, 1.041456013,
1998.266618504, 1.043258140,
1998.287050476, 1.039280373,
1998.307482347, 1.040899472,
1998.348346089, 1.039770065,
1998.368777860, 1.041745325,
1998.450505339, 1.043125974,
1998.470937308, 1.039534186,
1998.491369177, 1.041640291,
1998.511801045, 1.038912704,
1998.532232914, 1.040888070,
1998.552664781, 1.040502179,
1998.573096749, 1.038898284,
1998.593528516, 1.041700204,
1998.613960383, 1.043213883,
1998.634392350, 1.039779105,
1998.695687949, 1.041878156,
1998.716119714, 1.041947483,
1998.736551580, 1.040200898,
1998.756983545, 1.041650400,
1998.777415310, 1.040198957,
1998.797847174, 1.044087778,
1998.818279138, 1.039244078,
1998.838710902, 1.039640352,
1998.859142766, 1.042037429,
1998.879574729, 1.041577635,
1998.900006592, 1.039631889,
1998.920438455, 1.043767075,
1998.940870317, 1.044271368,
1998.961302180, 1.040969541,
1998.981734042, 1.040715167,
1999.002165903, 1.038492693,
1999.022597764, 1.040219705,
1999.063461486, 1.044025474,
1999.083893347, 1.037951086,
1999.104325207, 1.039977380,
1999.124757067, 1.038718024,
1999.186052645, 1.038025331,
1999.206484404, 1.042443219,
1999.226916362, 1.040106276,
1999.247348220, 1.041256537,
1999.267780178, 1.039150799,
1999.288211936, 1.038132473,
1999.308643793, 1.040188387,
1999.329075750, 1.039514140,
1999.349507507, 1.038369218,
1999.369939364, 1.041401984,
1999.390371320, 1.042279564,
1999.410803176, 1.042291941,
1999.431234932, 1.039193298,
1999.451666887, 1.043702147,
1999.472098742, 1.041702028,
1999.492530497, 1.046217355,
1999.512962452, 1.045057041,
1999.533394306, 1.037082331,
1999.553826060, 1.041438549,
1999.574258014, 1.036711482,
1999.594689867, 1.043467953,
1999.676417378, 1.044078722,
1999.696849130, 1.040159769,
1999.717280982, 1.042285133,
1999.737712933, 1.035952463,
1999.758144684, 1.041740953,
1999.778576535, 1.039744146,
1999.799008486, 1.033447385,
1999.819440236, 1.042510778,
1999.839872086, 1.038991915,
1999.860303936, 1.040873712,
1999.921599484, 1.043209164,
1999.942031333, 1.038459983,
1999.962463181, 1.038338885,
1999.982895130, 1.040347575,
2000.003326877, 1.041233881,
2000.023758825, 1.039278654,
2000.044190672, 1.039271304,
2000.064622419, 1.036322256,
2000.085054366, 1.042471149,
2000.105486213, 1.042597475,
2000.125917959, 1.036849709,
2000.146349905, 1.042493843,
2000.166781751, 1.040624734,
2000.187213496, 1.041915313,
2000.207645441, 1.041512548,
2000.228077286, 1.038764656,
2000.268940975, 1.033969145,
2000.289372819, 1.036344485,
2000.309804663, 1.035881383,
2000.330236507, 1.042104925,
2000.350668350, 1.040522004,
2000.411963878, 1.039635706,
2000.432395820, 1.039858692,
2000.452827662, 1.039022771,
2000.473259404, 1.039316878,
2000.493691345, 1.040295057,
2000.514123186, 1.038824441,
2000.534554927, 1.039039699,
2000.554986867, 1.040623693,
2000.575418707, 1.039142465,
2000.595850447, 1.037575881,
2000.636714127, 1.035734434,
2000.657145966, 1.034537021,
2000.677577905, 1.038617339,
2000.698009643, 1.037586729,
2000.718441482, 1.043136129,
2000.738873420, 1.040362304,
2000.759305158, 1.040049091,
2000.779737095, 1.036881048,
2000.800168933, 1.042602833,
2000.820600770, 1.041748384,
2000.841032606, 1.034112077,
2000.861464443, 1.036715675,
2000.881896279, 1.036216120,
2000.902328115, 1.037413084,
2000.922759951, 1.039248013,
2000.963623721, 1.040620998,
2000.984055456, 1.041528367,
2001.004487291, 1.039384699,
2001.024919225, 1.039675859,
2001.045350960, 1.042849307,
2001.065782793, 1.039330684,
2001.086214727, 1.040168307,
2001.147510226, 1.044815667,
2001.167941959, 1.041331656,
2001.188373891, 1.039112748,
2001.208805723, 1.036385303,
2001.229237555, 1.038108485,
2001.249669386, 1.040052967,
2001.270101117, 1.035801721,
2001.290533048, 1.041549506,
2001.310964879, 1.040587172,
2001.331396710, 1.037835793,
2001.351828440, 1.035716611,
2001.372260370, 1.036891135,
2001.392692199, 1.036067375,
2001.413123929, 1.038410872,
2001.433555858, 1.038847172,
2001.453987686, 1.039384143,
2001.474419415, 1.038031983,
2001.494851343, 1.039453229,
2001.515283171, 1.041828429,
2001.535715099, 1.037467909,
2001.556146827, 1.036839998,
2001.576578654, 1.039186381,
2001.637874135, 1.037296183,
2001.658306061, 1.040143141,
2001.678737787, 1.032604644,
2001.699169612, 1.036200088,
2001.719601538, 1.038279947,
2001.740033263, 1.037627590,
2001.760465088, 1.036932514,
2001.780897013, 1.041189958,
2001.801328837, 1.034741185,
2001.821760561, 1.039392284,
2001.842192485, 1.041376422,
2001.862624309, 1.037747082,
2001.883056232, 1.044375370,
2001.903487955, 1.037933639,
2001.923919778, 1.037203884,
2001.944351701, 1.033122111,
2001.964783423, 1.035940600,
2001.985215245, 1.036328580,
2002.005647067, 1.039844228,
2002.026078889, 1.036830785,
2002.046510710, 1.037919537,
2002.066942531, 1.039409297,
2002.128237993, 1.034117061,
2002.148669813, 1.036442245,
2002.169101633, 1.035968971,
2002.189533453, 1.036991372,
2002.209965272, 1.030964749,
2002.230397191, 1.033157374,
2002.250828910, 1.036031573,
2002.271260728, 1.035616647,
2002.291692647, 1.033974785,
2002.312124465, 1.036050554,
2002.332556183, 1.038411369,
2002.352988100, 1.037105705,
2002.373419917, 1.035244511,
2002.393851634, 1.035505813,
2002.414283551, 1.034942601,
2002.434715368, 1.031259739,
2002.455147084, 1.034905403,
2002.475579000, 1.035406419,
2002.496010816, 1.038042258,
2002.516442532, 1.036789217,
2002.536874447, 1.031373115,
2002.557306262, 1.035602738,
2002.639033619, 1.035863689,
2002.659465333, 1.038400760,
2002.679897147, 1.037992971,
2002.700329060, 1.035828681,
2002.720760773, 1.031925055,
2002.741192586, 1.032473266,
2002.761624398, 1.033930714,
2002.782056211, 1.033331727,
2002.802488022, 1.036022780,
2002.822919934, 1.037388542,
2002.843351646, 1.034818059,
2002.863783457, 1.034461946,
2002.884215368, 1.033939399,
2002.904647079, 1.039628452,
2002.925078889, 1.036071771,
2002.945510800, 1.038742038,
2002.965942510, 1.031784472,
2002.986374420, 1.030187073,
2003.006806229, 1.029263717,
2003.027237938, 1.037390352,
2003.108965273, 1.033024809,
2003.129397082, 1.038488897,
2003.149828889, 1.029159329,
2003.170260697, 1.034860222,
2003.190692504, 1.036509085,
2003.211124311, 1.032282096,
2003.231556118, 1.035835577,
2003.251987925, 1.037408330,
2003.272419731, 1.033866306,
2003.292851637, 1.034889412,
2003.313283343, 1.033320162,
2003.333715249, 1.036258538,
2003.354147054, 1.034115975,
2003.374578759, 1.038161480,
2003.395010664, 1.029793058,
2003.415442469, 1.033420894,
2003.435874173, 1.034052986,
2003.456306078, 1.035612168,
2003.476737782, 1.033046558,
2003.497169585, 1.034813228,
2003.517601489, 1.029978798,
2003.538033192, 1.033920838,
2003.599328600, 1.037483295,
2003.619760402, 1.033020708,
2003.640192304, 1.033497111,
2003.660624106, 1.034203559,
2003.681055908, 1.036931227,
2003.701487709, 1.032703225,
2003.721919510, 1.037735260,
2003.742351311, 1.034086001,
2003.762783111, 1.036381592,
2003.783214912, 1.030789477,
2003.803646812, 1.051854222,
2003.824078512, 1.028520566,
2003.844510311, 1.036023021,
2003.864942211, 1.036557380,
2003.885373910, 1.032292345,
2003.905805709, 1.029867019,
2003.926237607, 1.027117716,
2003.946669306, 1.031593268,
2003.967101104, 1.035105190,
2003.987533002, 1.036924875,
2004.007964700, 1.043566078,
2004.028396597, 1.033099027,
2004.089691988, 1.035076718,
2004.110123785, 1.034578062,
2004.130555581, 1.030222966,
2004.171419173, 1.032252548,
2004.191850969, 1.032298761,
2004.212282764, 1.034867913,
2004.232714559, 1.031685233,
2004.253146254, 1.034162098,
2004.273578149, 1.032561922,
2004.294009943, 1.033816583,
2004.314441638, 1.035006676,
2004.334873531, 1.028326500,
2004.355305325, 1.031195564,
2004.375737219, 1.030071602,
2004.396168912, 1.030485179,
2004.416600705, 1.030423534,
2004.437032598, 1.033317552,
2004.457464290, 1.033785526,
2004.477896083, 1.035332207,
2004.498327975, 1.037615101,
2004.580055041, 1.032940880,
2004.600486832, 1.035263648,
2004.620918723, 1.036738227,
2004.641350513, 1.035757383,
2004.661782203, 1.036930318,
2004.682214093, 1.032348610,
2004.702645883, 1.029044248,
2004.723077673, 1.031938159,
2004.743509462, 1.033286357,
2004.763941251, 1.034611128,
2004.825236617, 1.030745940,
2004.845668405, 1.029737706,
2004.866100193, 1.031450030,
2004.886531981, 1.029486764,
2004.906963768, 1.033952110,
2004.927395556, 1.032107845,
2004.947827343, 1.030955042,
2004.968259130, 1.031263263,
2004.988690916, 1.033312797,
2005.009122702, 1.036768524,
2005.029554488, 1.035293009,
2005.049986275, 1.033282575,
2005.070418160, 1.027313229,
2005.090849846, 1.030234948,
2005.111281631, 1.028216483,
2005.131713516, 1.030616539,
2005.152145301, 1.031871559,
2005.172576985, 1.031852335,
2005.193008869, 1.024362013,
2005.213440654, 1.030740807,
2005.233872337, 1.030053735,
2005.254304221, 1.031966794,
2005.295167688, 1.028156683,
2005.315599571, 1.029995693,
2005.336031354, 1.029583705,
2005.356463036, 1.029176742,
2005.376894918, 1.026669102,
2005.397326700, 1.032563233,
2005.417758582, 1.029818634,
2005.438190264, 1.026625241,
2005.458622045, 1.028204553,
2005.479053927, 1.034553306,
2005.499485607, 1.028498045,
2005.519917388, 1.030701276,
2005.540349269, 1.028385306,
2005.560780949, 1.028490640,
2005.581212729, 1.029888252,
2005.601644609, 1.031087691,
2005.622076289, 1.034382002,
2005.642508068, 1.029058068,
2005.662939847, 1.028568908,
2005.683371626, 1.026337127,
2005.703803405, 1.032817772,
2005.724235284, 1.029371200,
2005.805962296, 1.030338743,
2005.826394173, 1.026963603,
2005.846825950, 1.029164019,
2005.867257627, 1.029332527,
2005.887689504, 1.028511882,
2005.908121281, 1.028274213,
2005.928552957, 1.029433338,
2005.948984833, 1.030089952,
2005.969416609, 1.030010959,
2005.989848385, 1.029846983,
2006.010280160, 1.027045460,
2006.030711936, 1.025514627,
2006.051143711, 1.030003911,
2006.071575485, 1.025774066,
2006.092007260, 1.029821903,
2006.112439135, 1.027823408,
2006.132870809, 1.021382034,
2006.153302583, 1.028650761,
2006.173734456, 1.028649947,
2006.194166230, 1.028182476,
2006.214597903, 1.024757617,
2006.235029776, 1.028470092,
2006.255461549, 1.029205022,
2006.275893222, 1.026116483,
2006.296325094, 1.029513763,
2006.316756867, 1.026460767,
2006.337188539, 1.024938905,
2006.357620411, 1.031343048,
2006.378052082, 1.023897121,
2006.398483854, 1.025643168,
2006.418915725, 1.027141826,
2006.439347396, 1.023897694,
2006.459779266, 1.028664432,
2006.480211037, 1.030822749,
2006.541506347, 1.026883755,
2006.561938117, 1.032479796,
2006.582369887, 1.024369132,
2006.602801656, 1.028336941,
2006.623233425, 1.025147307,
2006.643665294, 1.028979733,
2006.664096962, 1.025991001,
2006.684528731, 1.023284671,
2006.704960599, 1.028512312,
2006.725392267, 1.031315941,
2006.745824035, 1.025609416,
2006.766255902, 1.028384044,
2006.786687570, 1.027887888,
2006.807119437, 1.025384225,
2006.827551204, 1.023331634,
2006.847982871, 1.025171058,
2006.868414737, 1.027324172,
2006.888846504, 1.029718161,
2006.909278170, 1.024172569,
2006.929710036, 1.028300196,
2006.950141801, 1.028473782,
2006.970573467, 1.025112669,
2007.031868862, 1.027692712,
2007.052300627, 1.022704637,
2007.072732391, 1.027061215,
2007.093164156, 1.026947355,
2007.113595919, 1.027532404,
2007.134027683, 1.023498808,
2007.154459447, 1.023104718,
2007.174891210, 1.025931418,
2007.195322974, 1.027247543,
2007.215754837, 1.022768286,
2007.236186500, 1.025415860,
2007.256618262, 1.024646394,
2007.277050125, 1.027191075,
2007.297481787, 1.028774558,
2007.317913549, 1.023960435,
2007.338345410, 1.024436071,
2007.358777072, 1.025378781,
2007.379208834, 1.026344282,
2007.399640695, 1.021668146,
2007.420072356, 1.027225054,
2007.440504216, 1.026305243,
2007.460935977, 1.022774951,
2007.522231258, 1.021678056,
2007.542663017, 1.021254017,
2007.563094777, 1.022396549,
2007.583526536, 1.026065432,
2007.603958295, 1.022277586,
2007.624390154, 1.021677660,
2007.644821813, 1.022977304,
2007.665253572, 1.020960740,
2007.685685430, 1.020933219,
2007.706117088, 1.024175368,
2007.726548846, 1.023659379,
2007.746980604, 1.025391434,
2007.767412361, 1.022497251,
2007.787844219, 1.023368787,
2007.808275976, 1.024906083,
2007.828707633, 1.026453236,
2007.849139490, 1.027569526,
2007.869571146, 1.021780997,
2007.890002902, 1.025155507,
2007.910434759, 1.022582407,
2007.930866415, 1.020903355,
2007.951298170, 1.020875399,
2007.971730026, 1.021871665,
2007.992161681, 1.021926576,
2008.012593437, 1.018639689,
2008.033025291, 1.022654038,
2008.053457046, 1.023404015,
2008.073888701, 1.020727577,
2008.094320555, 1.022239309,
2008.114752309, 1.022149957,
2008.135184063, 1.021164726,
2008.155615817, 1.022306565,
2008.176047571, 1.021905371,
2008.257774683, 1.019989214,
2008.278206336, 1.023404791,
2008.298638088, 1.022077661,
2008.319069940, 1.022264254,
2008.339501592, 1.024172963,
2008.359933344, 1.020838235,
2008.380365196, 1.021601677,
2008.400796847, 1.025973806,
2008.421228599, 1.021591813,
2008.441660450, 1.019272030,
2008.523387452, 1.023042456,
2008.543819202, 1.025310017,
2008.564250952, 1.019327898,
2008.584682602, 1.022152457,
2008.605114451, 1.022929345,
2008.625546201, 1.021580586,
2008.645977850, 1.018294961,
2008.666409699, 1.025583653,
2008.686841447, 1.015584499,
2008.707273096, 1.021674460,
2008.727704945, 1.019267946,
2008.748136693, 1.019094261,
2008.768568541, 1.028396791,
2008.789000188, 1.022066533,
2008.809431936, 1.020999928,
2008.829863783, 1.023904565,
2008.850295431, 1.021263775,
2008.870727178, 1.020085761,
2008.891159025, 1.020453693,
2008.911590671, 1.018504319,
2008.932022418, 1.020959241,
2008.952454264, 1.021348828,
2008.972885910, 1.021034815,
2008.993317656, 1.015935997,
2009.013749502, 1.020258216,
2009.034181247, 1.019237445,
2009.054612893, 1.022188345,
2009.075044738, 1.021192631,
2009.095476483, 1.022212851,
2009.115908228, 1.020511056,
2009.136339972, 1.021514559,
2009.238498693, 1.016400563,
2009.258930436, 1.016121401,
2009.279362079, 1.017685738,
2009.299793922, 1.017462629,
2009.320225665, 1.017915962,
2009.340657308, 1.018866179,
2009.361089151, 1.017978459,
2009.381520893, 1.017386248,
2009.401952735, 1.021830888,
2009.422384377, 1.018959692,
2009.442816119, 1.019108748,
2009.463247961, 1.020465206,
2009.483679602, 1.015646180,
2009.504111344, 1.018265688,
2009.524543185, 1.016025445,
2009.544974926, 1.019701685,
2009.565406566, 1.012832098,
2009.585838407, 1.020005460,
2009.606270147, 1.017652573,
2009.626701788, 1.016723481,
2009.647133627, 1.017478493,
2009.667565367, 1.019805836,
2009.687997007, 1.015949326,
2009.708428847, 1.013319174,
2009.728860586, 1.016874279,
2009.749292425, 1.017405917,
2009.769724064, 1.015342289,
2009.790155803, 1.016940866,
2009.810587641, 1.016455198,
2009.831019279, 1.015468812,
2009.851451018, 1.017694324,
2009.871882756, 1.018341036,
2009.892314494, 1.017137644,
2009.974041443, 1.015568803,
2009.994473180, 1.019657735,
2010.014904917, 1.013640461,
2010.035336654, 1.014651286,
2010.055768390, 1.017202883,
2010.076200126, 1.017949314,
2010.096631962, 1.014086390,
2010.117063698, 1.016866031,
2010.137495334, 1.015916466,
2010.157927169, 1.012239361,
2010.178358905, 1.015773390,
2010.198790540, 1.018122570,
2010.219222375, 1.014070565,
2010.239654110, 1.012106828,
2010.260085745, 1.015322928,
2010.280517579, 1.011866463,
2010.300949314, 1.013641131,
2010.321380948, 1.016012309,
2010.341812781, 1.016048868,
2010.362244515, 1.013611508,
2010.382676349, 1.017329788,
2010.403107982, 1.014104224,
2010.464403182, 1.015761046,
2010.484834914, 1.015977132,
2010.505266747, 1.011122058,
2010.525698479, 1.018146889,
2010.546130111, 1.019141918,
2010.566561944, 1.010006156,
2010.586993675, 1.011825835,
2010.607425307, 1.015613180,
2010.627857139, 1.008642961,
2010.648288870, 1.013918816,
2010.668720501, 1.014364805,
2010.689152332, 1.012818075,
2010.709583963, 1.014123173,
2010.730015794, 1.013891966,
2010.750447524, 1.011244420,
2010.770879155, 1.013434600,
2010.791310985, 1.016650601,
2010.811742715, 1.014914706,
2010.832174345, 1.013317038,
2010.852606174, 1.013689379,
2010.873037904, 1.007016383,
2010.893469533, 1.010097183,
2010.913901363, 1.011849713,
2010.934333092, 1.015945936,
2010.954764820, 1.015864398,
2010.975196549, 1.011732274,
2010.995628277, 1.010627964,
2011.016060106, 1.012360804,
2011.036491834, 1.012081676,
2011.056923462, 1.012201586,
2011.077355290, 1.016516234,
2011.097787017, 1.012097436,
2011.118218645, 1.010621298,
2011.138650472, 1.011235503,
2011.179513826, 1.009813266,
2011.199945653, 1.012075178,
2011.220377380, 1.011147818,
2011.240809006, 1.012342649,
2011.261240833, 1.009717212,
2011.281672559, 1.014497068,
2011.302104185, 1.013189378,
2011.322536011, 1.010241904,
2011.342967736, 1.011576645,
2011.363399462, 1.014668738,
2011.383831187, 1.012129482,
2011.445126362, 1.008092787,
2011.465558087, 1.013096872,
2011.485989811, 1.011477424,
2011.506421535, 1.008428626,
2011.526853260, 1.014903060,
2011.547285084, 1.010841044,
2011.567716708, 1.009880449,
2011.588148431, 1.013955499,
2011.608580255, 1.014082316,
2011.629011878, 1.008993086,
2011.649443702, 1.009726618,
2011.669875424, 1.013555790,
2011.690307047, 1.012829853,
2011.710738870, 1.009476367,
2011.731170593, 1.009346693,
2011.751602215, 1.006600452,
2011.772034037, 1.008652616,
2011.792465759, 1.009398026,
2011.812897381, 1.007424618,
2011.833329203, 1.008305605,
2011.853760925, 1.012638073,
2011.874192646, 1.010538203,
2011.894624367, 1.007857277,
2011.915056089, 1.006138447,
2011.935487910, 1.008346539,
2011.955919530, 1.011463654,
2011.976351251, 1.008603746,
2011.996783072, 1.008518853,
2012.017214792, 1.008172130,
2012.037646412, 1.005343101,
2012.058078232, 1.008294979,
2012.078509852, 1.006296260,
2012.098941572, 1.005818086,
2012.119373391, 1.010989489,
2012.139805011, 1.008056528,
2012.160236730, 1.009055991,
2012.180668549, 1.010957150,
2012.201100168, 1.007946548,
2012.221531887, 1.009415651,
2012.241963705, 1.010277068,
2012.262395324, 1.005531821,
2012.282827142, 1.009104095,
2012.303258860, 1.005040526,
2012.323690478, 1.009087114,
2012.344122296, 1.008937280,
2012.364554014, 1.002207040,
2012.425849166, 1.010120108,
2012.446280883, 1.009814455,
2012.466712600, 1.007666105,
2012.487144317, 1.009273474,
2012.507576033, 1.008623450,
2012.528007750, 1.007709399,
2012.548439466, 1.004088960,
2012.568871282, 1.010827108,
2012.589302998, 1.006663235,
2012.609734614, 1.009268215,
2012.630166430, 1.012597525,
2012.650598145, 1.003283106,
2012.671029761, 1.010054564,
2012.691461576, 1.010667733,
2012.711893291, 1.008219081,
2012.732324906, 1.007624271,
2012.752756721, 1.011607979,
2012.773188435, 1.007458492,
2012.793620050, 1.007455545,
2012.814051864, 1.007364576,
2012.834483578, 1.012343126,
2012.854915293, 1.011402210,
2012.916210434, 1.005385798,
2012.936642147, 1.010579397,
2012.957073861, 1.006370203,
2012.977505574, 1.005475895,
2012.997937287, 1.011527069,
2013.018369000, 1.006642376,
2013.038800712, 1.005648089,
2013.059232425, 1.007530979,
2013.079664137, 1.004515088,
2013.100095949, 1.005772452,
2013.120527561, 1.004537005,
2013.140959373, 1.007676625,
2013.161391085, 1.007402726,
2013.181822697, 1.009345514,
2013.202254508, 1.011416101,
2013.222686220, 1.007970600,
2013.243117831, 1.003356438,
2013.263549642, 1.005537499,
2013.283981353, 1.004639270,
2013.304412964, 1.005828618,
2013.324844775, 1.003362588,
2013.345276485, 1.009772335,
2013.365708096, 1.007113485,
2013.386139906, 1.003764242,
2013.406571616, 1.009587571,
2013.427003326, 1.004171340,
2013.447435036, 1.005429008,
2013.467866745, 1.005759016,
2013.488298455, 1.005738503,
2013.508730164, 1.005926220,
2013.529161873, 1.004667574,
2013.549593582, 1.006273280,
2013.570025291, 1.006737020,
2013.590457000, 1.004808957,
2013.610888809, 1.008569940,
2013.631320417, 1.003404948,
2013.651752126, 1.004138694,
2013.672183934, 1.005053559,
2013.692615542, 1.003730948,
2013.713047250, 1.008080588,
2013.733479058, 1.009114439,
2013.753910665, 1.006161549,
2013.774342473, 1.004859463,
2013.794774180, 1.003532330,
2013.815205788, 1.005466801,
2013.835637595, 1.004467302,
2013.896932715, 1.000608992,
2013.917364422, 1.004656445,
2013.937796128, 1.003367020,
2013.958227834, 1.002203360,
2013.978659541, 1.002190650,
2013.999091247, 1.001228046,
2014.019522952, 1.005467309,
2014.039954658, 1.004574899,
2014.060386464, 1.001784189,
2014.080818169, 1.003512097,
2014.101249775, 1.003919176,
2014.121681580, 1.000752559,
2014.142113285, 1.004176972,
2014.162544889, 0.999800726,
2014.182976694, 1.002396932,
2014.203408399, 1.001913213,
2014.223840004, 1.004220628,
2014.244271808, 1.002413440,
2014.264703412, 0.999843310,
2014.285135116, 0.997606523,
2014.305566920, 0.999943054,
2014.325998524, 1.008094578,
2014.346430328, 1.000123250,
2014.366862031, 1.001624367,
2014.387293635, 1.003455253,
2014.407725438, 0.999346599,
2014.428157141, 1.004152576,
2014.448588844, 0.997143503,
2014.469020547, 1.003968043,
2014.489452250, 1.001320178,
2014.509883952, 1.004815280,
2014.530315655, 1.001628759,
2014.550747357, 1.003243547,
2014.571179059, 1.002230395,
2014.591610861, 0.997368308,
2014.612042463, 0.998275875,
2014.632474265, 1.002026593,
2014.652905967, 0.998252968,
2014.673337568, 0.999516578,
2014.693769370, 1.001359297,
2014.714201071, 1.001608675,
2014.734632672, 0.998137177,
2014.755064473, 1.000413606,
2014.775496174, 0.998966435,
2014.795927775, 0.997713900,
2014.816359576, 0.995506053,
2014.877654677, 1.000094304,
2014.898086377, 1.002008514,
2014.918518077, 1.002676566,
2014.938949777, 1.002789940,
2014.959381476, 0.999634298,
2014.979813176, 1.002028973,
2017.860682235, 0.999363545,
2017.881114019, 1.003015352,
2017.901545602, 1.003973161,
2017.921977285, 1.004104165,
2017.942409068, 1.000142069,
2017.962840652, 0.997851441,
2017.983272335, 1.004164366,
2018.003704117, 1.000145264,
2018.024135700, 1.004731214,
2018.044567383, 1.000114400,
2018.064999165, 0.999230694,
2018.085430748, 1.001088132,
2018.105862530, 0.999591304,
2018.126294213, 1.000732082,
2018.146725895, 1.002603332,
2018.167157577, 1.001201859,
2018.187589259, 0.999595876,
2018.208020941, 1.002803873,
2018.228452623, 0.998100910,
2018.248884305, 0.997355331,
2018.269315986, 0.999808533,
2018.289747768, 1.001709426,
2018.310179349, 1.000772261,
2018.330611031, 0.998303496,
2018.351042812, 0.999193056,
2018.371474393, 1.002843595,
2018.391906174, 1.008853968,
2018.412337855, 0.999637850,
2018.453201217, 1.000079526,
2018.473632897, 1.002650870,
2018.494064478, 1.001554021,
2018.514496258, 1.005117995,
2018.534927839, 0.999412053,
2018.555359519, 1.001308915,
2018.575791300, 0.998091703,
2018.596222880, 0.998551718,
2018.616654660, 1.004386591,
2018.637086340, 0.997608291,
2018.657518019, 1.000363545,
2018.677949699, 1.006367764,
2018.698381379, 1.000346619,
2018.718813059, 0.995413246,
2018.739244738, 1.002736556,
2018.800539876, 0.998038786,
2018.820971455, 1.000756122,
2018.841403234, 1.001498519,
2018.882266492, 1.000337899,
2018.902698271, 1.008119521,
2018.923129950, 1.004983388,
2018.943561528, 1.001464918,
2018.963993307, 1.001663376,
2018.984424985, 1.000998770,
2019.004856564, 1.001203559,
2019.025288342, 1.002317159,
2019.045720020, 0.999080053,
2019.066151598, 1.003252796,
2019.086583376, 1.002903086,
2019.107015054, 0.997658695,
2019.127446732, 0.998988825,
2019.147878410, 0.999578860,
2019.168310087, 1.001405157,
2019.209173442, 1.003300976,
2019.229605120, 1.000884918,
2019.250036797, 1.002160220,
2019.270468474, 1.000618894,
2019.290900151, 1.000908782,
2019.311331828, 0.998024779,
2019.331763505, 0.999766680,
2019.352195282, 0.998133242,
2019.372626959, 1.000534256,
2019.393058536, 1.004296606,
2019.413490313, 1.001981796,
2019.433921989, 1.004624772,
2019.454353566, 1.003817208,
2019.474785342, 1.000977838,
2019.495217018, 1.001943987,
2019.515648595, 0.999706278,
2019.536080371, 0.993831904,
2019.556512047, 1.001734134,
2019.576943623, 1.002123772,
2019.597375399, 1.000647561,
2019.617807074, 1.000846727,
2019.638238850, 0.999997714,
2019.658670426, 0.999124968,
2019.679102101, 0.999466554,
2019.699533877, 1.000747247,
2019.719965452, 0.999694275,
2019.781260578, 1.000305913,
2019.801692153, 0.999040954,
2019.822123928, 1.001724859,
2019.842555603, 1.001205439,
2019.862987278, 1.006403972,
2019.883418953, 1.000623750,
2019.903850527, 1.000759208,
2019.924282302, 1.000111545,
2019.944713977, 0.999320757,
2019.965145551, 1.002719688,
2019.985577325, 1.005293482,
2020.006009000, 0.996419725,
2020.026440574, 1.002002911,
2020.046872348, 1.001929215,
2020.067304022, 1.003139244,
2020.087735596, 1.000099981,
2020.108167370, 1.004505925,
2020.128599044, 0.999004236,
2020.149030818, 0.999632247,
2020.169462391, 1.005692881,
2020.189894065, 0.998051645,
2020.210325839, 1.002647698,
2020.230757412, 1.001022740,
2020.251189085, 1.000079795,
2020.271620859, 1.002765823,
2020.292052532, 0.997993984,
2020.312484105, 1.000032054,
2020.332915878, 1.001173718,
2020.353347551, 1.000334282,
2020.373779224, 1.001200522,
2020.394210897, 0.999503371,
2020.414642570, 0.998501616,
2020.435074343, 1.001901068,
2020.455505915, 0.999006484,
2020.475937588, 1.005014994,
2020.496369260, 0.998801438,
2020.516800933, 0.999538393,
2020.537232605, 1.003020895,
2020.557664277, 0.998022679,
2020.578095950, 0.999958320,
2020.598527622, 0.997183746,
2020.618959294, 1.001259035,
2020.639390966, 0.997552321,
2020.659822738, 1.002558383,
2020.680254310, 0.999753807,
2020.700685981, 1.005953209,
2020.721117753, 1.002068248,
2020.741549325, 1.003650476,
2020.761980996, 0.997927476,
2020.782412768, 1.000630678,
2020.802844439, 0.998136052,
2020.823276011, 1.002121676,
2020.843707782, 1.001108803,
2020.864139453, 1.002271874,
2020.884571125, 1.001320996,
2020.905002796, 0.997119536,
2020.925434467, 0.997665495,
2020.945866138, 0.999962044,
2020.966297809, 1.000623821,
2020.986729479, 0.998078510,
2021.007161250, 1.000810362,
2021.027592821, 1.003135462,
2021.048024491, 0.999446701,
2021.068456262, 1.001362381,
2021.088887832, 0.999725092,
2021.109319503, 1.009632591,
2021.129751273, 0.999371589,
2021.150182844, 0.997458745,
2021.170614614, 1.002521887,
2021.191046284, 0.997850569,
2021.211477854, 0.999547586,
2021.231909624, 0.999100342,
2021.252341294, 0.996900182,
2021.272772864, 0.999866877,
2021.293204634, 0.997831636,
2021.313636203, 1.000419142,
2021.334067873, 1.000715337,
2021.354499643, 0.999577480,
2021.374931312, 0.999982600,
2021.395362982, 0.996254269,
2021.415794651, 1.001157716,
2021.436226321, 0.996068203,
2021.456657990, 0.998562060,
2021.477089659, 1.000108034,
2021.497521329, 1.001806346,
2021.517953098, 1.001537627,
2021.538384667, 0.997027595,
2021.558816336, 1.001154289,
2021.579248105, 0.996644383,
2021.599679674, 1.001073827,
2021.620111442, 0.999848604,
2021.640543111, 0.999827901,
2021.660974680, 1.000110222,
2021.681406449, 1.000464075,
2021.722269686, 1.001307307,
2021.742701454, 0.997158773,
2021.763133123, 0.997219503,
2021.783564691, 0.999874753,
2021.803996459, 0.998466998,
2021.824428127, 0.998767241,
2021.844859796, 0.997038905,
2021.865291464, 0.993000925,
2021.885723132, 1.000551143,
2021.906154800, 0.994554215,
2021.926586468, 0.999349208,
2021.947018136, 0.999331594,
2021.967449803, 0.998945002,
2021.987881471, 1.002229794,
2022.008313139, 0.995662314,
2022.028744907, 0.998768678,
2022.049176474, 1.000088505,
2022.069608142, 1.000151191,
2022.090039909, 0.996443703,
2022.110471477, 0.999990286,
2022.130903244, 0.999934003,
2022.151334911, 0.998965802,
2022.171766479, 0.997729690,
2022.192198246, 0.994860260,
2022.212629913, 0.998191015,
2022.233061480, 0.997364065,
2022.253493247, 0.997899137,
2022.273924914, 0.999040666,
2022.294356481, 0.996201510,
2022.314788248, 1.001823807,
2022.335219915, 0.996530539,
2022.355651681, 0.999366529,
2022.376083248, 1.000540151,
2022.396514915, 0.996410939,
2022.416946681, 0.999033853,
2022.478241681, 0.998008491,
2022.498673347, 0.998017203,
2022.519104914, 0.996827797,
2022.539536680, 1.000205809,
2022.559968346, 0.997231454,
2022.580399912, 0.998466138,
2022.600831678, 0.995091331,
2022.621263345, 0.995411943,
2022.641695011, 0.997117275,
2022.662126677, 0.994623686,
2022.682558242, 0.996998370,
2022.702990008, 0.995732946,
2022.723421674, 0.995463686,
2022.743853240, 0.996886448,
2022.764285006, 0.997023221,
2022.784716671, 0.997797426,
2022.805148237, 0.997054851,
2022.825580003, 0.996249070,
2022.846011668, 0.997581094,
2022.866443434, 0.996771302,
2022.886874999, 1.001068905,
2022.907306664, 0.995821750,
2022.927738430, 0.994894347,
2022.948169995, 0.997246124,
2022.968601660, 0.999768246,
2022.989033426, 0.998681879,
2023.009465091, 0.995223131,
2023.029896656, 0.998437197,
2023.050328421, 0.994758864,
2023.070760086, 0.994974685,
2023.091191751, 0.999786079,
2023.111623416, 0.997087734,
2023.132055081, 0.992500331,
2023.152486845, 0.997529228,
2023.193350075, 0.998998174,
2023.234213404, 1.000560430,
2023.254645069, 0.996102689,
2023.275076833, 0.996387441,
2023.295508398, 0.995631233,
2023.315940062, 0.996206087,
2023.336371827, 0.997399055,
2023.356803391, 1.005158108,
2023.377235156, 0.997529784,
2023.397666720, 0.998135614,
2023.438530148, 0.996209590,
2023.458961713, 0.995624437,
2023.479393377, 0.997414041,
2023.499825141, 0.995601987,
2023.520256805, 1.008274209,
2023.540688369, 0.997920850,
2023.561120133, 1.001332310,
2023.581551797, 0.996640448,
2023.601983461, 0.999130727,
2023.622415125, 0.997289772,
2023.642846788, 0.994241453,
2023.724573543, 0.999196502,
2023.745005107, 1.000213512,
2023.765436770, 0.997709712,
2023.785868534, 0.999708524,
2023.806300097, 0.999413388,
2023.826731861, 0.992822478,
2023.847163524, 0.997449669,
2023.867595088, 0.995467355,
2023.888026851, 0.995958672,
2023.908458514, 0.996240570,
2023.928890077, 0.996837525,
2023.949321841, 0.995820348,
2023.969753504, 0.994791247,
2023.990185167, 0.997175179,
2024.010616830, 0.994089645,
2024.031048493, 0.993723494,
2024.051480156, 0.996342841,
2024.071911819, 0.993211860,
2024.092343482, 0.998219617,
2024.112775145, 0.996589906,
2024.133206808, 0.994423512,
2024.174070133, 0.996393980,
2024.194501796, 0.995938509,
2024.214933459, 0.995157511,
2024.235365222, 0.994823052,
2024.255796784, 0.994988199,
2024.276228547, 0.993157182,
2024.296660209, 0.997369555,
2024.317091772, 0.994429120,
2024.337523535, 0.994968769,
2024.357955197, 0.994399690,
2024.378386760, 0.993292323,
2024.419250184, 0.997414001,
2024.439681747, 0.993752890,
2024.460113509, 0.996799490,
2024.480545171, 0.993723628,
2024.500976934, 0.996854701,
2024.521408496, 0.998580363,
2024.541840158, 0.994743766,
2024.562271920, 0.995789582,
2024.582703482, 0.992398372,
2024.603135145, 0.996278975,
2024.623566907, 0.994540638,
2024.664430131, 0.995297755,
2024.684861893, 0.993851685,
2024.705293555, 0.997786778,
2024.725725217, 0.997282622,
2024.746156878, 0.994995417,
2024.766588440, 0.992723175,
2024.787020202, 1.000174236,
2024.807451864, 0.996286472,
2024.827883426, 0.990130011,
2024.848315188, 0.991357991,
2024.868746849, 0.996173987,
2024.909610173, 0.993668465,
2024.930041834, 0.992588221,
2024.950473596, 0.996995945,
2024.970905157, 0.994650664,
2024.991336819, 0.994754336,
2025.011768581, 0.998373270,
2025.032200142, 0.996142939,
2025.052631803, 0.986674795,
2025.073063565, 0.998867668,
2025.093495126, 0.989558306,
2025.113926788, 0.991948735,
2025.154790210, 0.992998323,
2025.175221872, 0.994919446,
2025.195653533, 0.996390227,
2025.216085194, 0.992727868,
2025.236516856, 0.993637713,
2025.256948517, 0.994379424,
2025.277380178, 0.995598258,
2025.297811939, 0.994362942,
2025.318243500, 0.996911796,
2025.338675162, 0.995891584,
2025.359106923, 0.992783791,
2025.399970245, 0.995268966,
2025.420401806, 0.995305785,
2025.440833467, 0.993369636,
2025.461265228, 0.994879789,
2025.481696789, 0.996067820,
2025.502128450, 0.995142383,
2025.522560211, 0.996702613,
2025.542991772, 0.996766792,
2025.563423433, 0.989833436,
2025.583855193, 0.986531085,
2025.604286754, 1.004324540,
2025.686013497, 0.994367836,
2025.706445158, 0.992267577,
2025.726876819, 0.997041068,
2025.747308480, 0.992631857,
2025.767740140, 0.998027513,
2025.788171801, 0.996787905,
2025.808603462, 0.992201834,
2025.829035122, 0.993191783,
2025.849466883, 0.992226544,
2025.890330104, 0.994547559,
2025.910761865, 0.994177148,
2025.931193525, 0.993250565,
2025.951625086, 0.988099391,
2025.972056846, 0.995178545,
2025.992488507, 0.992060316,
2026.012920067, 0.995624900,
2026.033351828, 0.991564982,
2026.053783488, 0.991758739,
2026.074215148, 0.994357193,
2026.094646809, 1.000172516,
2026.155941790, 0.994166997,
2026.176373350, 0.991703729,
2026.196805111, 0.995882203,
2026.217236771, 0.994161579,
2026.237668431, 0.994684238,
2026.258100092, 0.992827598,
2026.278531752, 0.992373366,
2026.298963512, 0.994810365,
2026.319395072, 0.992684024,
2026.339826733, 0.994888807,
2026.401121713, 0.994173778,
2026.421553473, 0.996012977,
2026.441985134, 0.995007111,
2026.462416694, 0.992315947,
2026.482848454, 0.986593596,
2026.503280114, 0.993921749,
2026.523711874, 0.994187102,
2026.544143434, 0.992937861,
2026.564575094, 0.989981304,
2026.585006854, 0.994867878,
2026.605438414, 0.991554640,
2026.625870075, 0.989766334,
2026.646301835, 0.991514609,
2026.666733395, 0.994152985,
2026.687165055, 0.993401695,
2026.707596815, 0.994736291,
2026.728028375, 0.989100753,
2026.748460135, 0.995303473,
2026.768891795, 0.991717724,
2026.789323355, 0.995761674,
2026.809755115, 0.994921690,
2026.830186675, 0.991440867,
2026.871050095, 0.990045627,
2026.891481655, 0.990446542,
2026.911913314, 0.992274249,
2026.932345074, 0.999550264,
2026.952776734, 0.989845844,
2026.973208394, 0.993284003,
2026.993640054, 0.995397230,
2027.014071714, 0.994320725,
2027.034503474, 0.984214507,
2027.054935034, 0.992847012,
2027.075366694, 0.995638033,
2027.116230014, 0.995767324,
2027.136661673, 0.993811429,
2027.157093433, 0.992412605,
2027.177524993, 0.993286243,
2027.197956753, 0.995335443,
2027.218388413, 0.990589726,
2027.238819973, 0.993799081,
2027.259251733, 0.992265127,
2027.279683392, 0.994109061,
2027.300114952, 0.992872971,
2027.320546712, 0.995409756,
2027.381841692, 0.995397640,
2027.402273351, 0.994600219,
2027.422705111, 0.990412390,
2027.443136671, 0.993593093,
2027.463568331, 0.993514026,
2027.483999991, 1.141243109,
2027.504431750, 0.995205178,
2027.524863310, 0.992133635,
2027.545295070, 0.994843562,
2027.565726630, 0.996593027,
2027.627021609, 0.992148239,
2027.647453369, 0.992790839,
2027.667885029, 0.993666951,
2027.688316589, 0.994170397,
2027.708748349, 0.991343800,
2027.729180008, 0.995530890,
2027.749611568, 0.996397528,
2027.770043328, 0.991581413,
2027.790474988, 0.994128371,
2027.810906748, 0.993807114,
2027.872201727, 0.989803798,
2027.892633287, 0.992806782,
2027.913064947, 0.993805978,
2027.933496707, 0.989193668,
2027.953928266, 0.991880048,
2027.974359926, 0.989599203,
2027.994791686, 0.992477765,
2028.015223346, 0.989556445,
2028.035655006, 0.992605556,
2028.056086666, 0.989610819,
2028.096949985, 0.994295829,
2028.178676625, 0.987072284,
2028.199108285, 0.992187365,
2028.219539945, 0.991296088,
2028.239971604, 0.997325547,
2028.260403364, 0.993464965,
2028.280834924, 0.987038436,
2028.301266584, 0.990762420,
2028.342129904, 0.990646173,
2028.362561564, 0.991131873,
2028.382993324, 0.991010273,
2028.403424884, 0.989126748,
2028.423856644, 0.990469422,
2028.444288304, 0.994109422,
2028.464719864, 0.989156558,
2028.485151624, 0.989417263,
2028.505583284, 0.989248990,
2028.526014844, 0.989871477,
2028.546446604, 0.990624828,
2028.607741584, 0.994101677,
2028.628173244, 0.986707909,
2028.648605004, 0.987468574,
2028.669036564, 0.988541744,
2028.689468224, 0.990388861,
2028.709899984, 0.991137913,
2028.750763204, 0.989036323,
2028.771194964, 0.992154695,
2028.791626625, 0.989159375,
2028.852921605, 0.987390644,
2028.873353265, 0.989769498,
2028.893784925, 0.992057532,
2028.914216486, 0.989274023,
2028.934648246, 0.988984088,
2028.955079906, 0.988557803,
2028.975511466, 0.989788806,
2028.995943227, 0.990531959,
2029.016374887, 0.990330080,
2029.036806447, 0.992349099,
2029.057238207, 0.990101235,
2029.077669868, 0.992253016,
2029.098101628, 0.987093559,
2029.118533188, 0.989651285,
2029.138964849, 0.986856802,
2029.159396609, 0.990375073,
2029.179828170, 0.993728612,
2029.200259830, 0.987217751,
2029.220691590, 0.989898043,
2029.241123251, 0.988381910,
2029.261554911, 0.987133655,
2029.281986572, 0.989216121,
2029.343281553, 0.991031321,
2029.363713214, 0.987748750,
2029.384144974, 0.987510445,
2029.404576535, 0.991770687,
2029.425008195, 0.987138311,
2029.445439956, 0.983307701,
2029.465871517, 0.991527676,
2029.486303277, 0.990084697,
2029.506734938, 0.986999594,
2029.527166499, 0.989108215,
2029.588461481, 0.990911119,
2029.608893242, 0.985534309,
2029.629324802, 0.987676001,
2029.649756463, 0.986214978,
2029.670188224, 0.988813615,
2029.690619785, 0.984842048,
2029.711051546, 0.986644704,
2029.731483207, 0.992650589,
2029.751914867, 0.987210459,
2029.772346528, 0.983494612,
2029.833641511, 0.986264274,
2029.854073172, 0.989896206,
2029.874504933, 0.988133274,
2029.894936594, 0.989210856,
2029.915368156, 0.989016251,
2029.935799917, 0.997763599,
2029.956231578, 0.989668277,
2029.976663139, 0.986543794,
2029.997094900, 0.998549216,
2030.017526561, 0.987379276,
2030.058389884, 0.987453512,
2030.078821545, 0.988740889,
2030.099253306, 0.985524507,
2030.119684868, 0.988057045,
2030.140116529, 0.988246223,
2030.160548290, 0.984276505,
2030.180979852, 0.985583602,
2030.201411513, 0.988338370,
2030.221843175, 0.987626648,
2030.242274836, 0.987075358,
2030.262706498, 0.987976495,
2030.283138159, 0.984437040,
2030.303569821, 0.984734873,
2030.324001582, 0.986502426,
2030.344433144, 0.985615767,
2030.364864806, 0.987253762,
2030.385296567, 0.986282541,
2030.405728229, 0.985564153,
2030.426159791, 0.985417896,
2030.446591552, 0.988321227,
2030.467023214, 0.984863683,
2030.487454876, 0.987825945,
2030.507886538, 0.986731013,
2030.548749862, 0.986527406,
2030.569181523, 0.983336186,
2030.589613185, 0.992665001,
2030.610044947, 0.987623121,
2030.630476509, 0.985530759,
2030.650908171, 0.987320340,
2030.671339934, 0.985963374,
2030.691771496, 0.987000209,
2030.712203258, 0.986895147,
2030.732634920, 0.984275630,
2030.753066482, 0.987217904,
2030.793929907, 0.982817186,
2030.814361469, 0.984731212,
2030.834793231, 0.986620708,
2030.855224894, 0.986908862,
2030.875656556, 0.983447990,
2030.896088218, 0.987818303,
2030.916519881, 0.986486753,
2030.936951543, 0.986606406,
2030.957383206, 0.982889221,
2030.977814868, 0.984700278,
2030.998246531, 0.987691403,
2031.059541619, 0.988762261,
2031.079973182, 0.985344698,
2031.100404944, 0.984451796,
2031.120836607, 0.986708409,
2031.141268170, 0.986193949,
2031.161699933, 0.988602358,
2031.182131596, 0.985477906,
2031.202563159, 0.986374915,
2031.222994922, 0.982445818,
2031.243426585, 0.983562815,
2031.284289911, 0.988936274,
2031.304721574, 0.985675783,
2031.325153337, 0.987364117,
2031.345584900, 0.987203283,
2031.366016564, 0.986274918,
2031.386448327, 0.987830226,
2031.406879890, 0.985962574,
2031.427311554, 0.985324978,
2031.447743317, 0.986726234,
2031.468174880, 0.984216045,
2031.488606644, 0.988206627,
2031.549901635, 0.986503822,
2031.570333298, 0.988058546,
2031.611196625, 0.983459531,
2031.631628289, 0.986063387,
2031.652059853, 0.985304125,
2031.672491617, 0.981872902,
2031.692923281, 0.982475158,
2031.713354945, 0.983923229,
2031.733786609, 0.983107466,
2031.795081601, 0.989604444,
2031.815513265, 0.984408377,
2031.835945029, 0.985828176,
2031.856376593, 0.984360071,
2031.876808357, 0.984291228,
2031.897240022, 0.987583957,
2031.917671586, 0.982736673,
2031.938103350, 0.985310645,
2031.958535015, 0.985688706,
2031.978966579, 0.984444646,
2032.019830008, 0.986319479,
2032.040261673, 0.984760941,
2032.060693337, 0.985957544,
2032.081125002, 0.985119348,
2032.101556767, 0.986130882,
2032.121988332, 0.982212303,
2032.142419996, 0.983734838,
2032.162851761, 0.986475257,
2032.183283326, 0.986171117,
2032.203714991, 0.982024993,
2032.224146756, 0.987854543,
2032.285441751, 0.988738855,
2032.305873317, 0.986395291,
2032.326305082, 0.983266359,
2032.346736747, 0.985275837,
2032.367168312, 0.985320086,
2032.387600078, 0.984171532,
2032.408031743, 0.987683233,
2032.428463309, 0.984424364,
2032.448895074, 0.987453376,
2032.469326740, 0.985086165,
2032.489758505, 0.985647745,
2032.510190071, 0.989930117,
2032.530621737, 0.984024482,
2032.551053503, 0.988098098,
2032.571485068, 0.984753726,
2032.591916734, 0.982452039,
2032.612348500, 0.984086244,
2032.632780066, 0.983240454,
2032.653211832, 0.982690259,
2032.673643498, 0.983766419,
2032.694075064, 0.981844284,
2032.714506831, 0.981521261,
2032.755370163, 0.984571922,
2032.775801829, 0.985017810,
2032.796233496, 0.987334468,
2032.816665162, 0.983734178,
2032.837096829, 0.985885455,
2032.857528495, 0.980181332,
2032.877960162, 0.984787801,
2032.898391928, 0.983429280,
2032.918823495, 0.990945461,
2032.939255262, 0.985515232,
2032.959686829, 0.983631652,
2033.000550262, 0.984148039,
2033.020981829, 0.987591569,
2033.041413596, 0.984859438,
2033.061845263, 0.990083642,
2033.082276831, 0.984802286,
2033.102708598, 0.986121374,
2033.123140265, 0.987059993,
2033.143571832, 0.983069293,
2033.164003600, 0.983636469,
2033.184435267, 0.985643816,
2033.204866835, 0.984493651,
2033.245730270, 0.987659566,
2033.266162037, 0.984788676,
2033.286593605, 0.982851779,
2033.307025273, 0.986961117,
2033.327457040, 0.984821561,
2033.347888608, 0.986080826,
2033.368320276, 0.985095484,
2033.388752044, 0.984343655,
2033.409183712, 0.986017160,
2033.429615380, 0.984423213,
2033.450047049, 0.987384043,
2033.511342053, 0.986147384,
2033.531773722, 0.985536667,
2033.552205490, 0.986145976,
2033.572637059, 0.986291671,
2033.593068827, 0.986366467,
2033.613500396, 0.986714126,
2033.633932065, 0.984930018,
2033.654363833, 0.988388774,
2033.674795402, 0.984923309,
2033.695227071, 0.983493191,
2033.736090409, 0.985716070,
2033.756522078, 0.985061026,
2033.776953847, 0.985604803,
2033.797385416, 0.987058123,
2033.817817186, 0.982883514,
2033.838248855, 0.981698018,
2033.858680424, 0.984123141,
2033.879112194, 0.984024365,
2033.899543863, 0.985313723,
2033.919975533, 0.984544972,
2033.940407202, 0.983276729,
2033.981270642, 0.987701693,
2034.001702212, 0.986293039,
2034.022133881, 0.987708374,
2034.042565651, 0.984367848,
2034.062997321, 0.985634699,
2034.083428891, 0.985785327,
2034.103860662, 0.985804793,
2034.124292332, 0.986675757,
2034.144723902, 0.985207811,
2034.165155672, 0.988203283,
2034.185587343, 0.983879841,
2034.246882354, 0.984619354,
2034.267314025, 0.988217221,
2034.287745696, 0.985705031,
2034.308177367, 0.986275756,
2034.328609037, 0.990160110,
2034.349040708, 0.987110704,
2034.369472479, 0.986231024,
2034.389904050, 0.985926064,
2034.410335722, 0.985246543,
2034.430767493, 0.986270783,
2034.471630735, 0.985909518,
2034.492062507, 0.986651161,
2034.512494078, 0.985584463,
2034.532925750, 0.990520353,
2034.553357521, 0.980773610,
2034.573789093, 0.987172003,
2034.594220865, 0.987234773,
2034.614652537, 0.988701705,
2034.635084209, 0.983138941,
2034.655515881, 0.986048387,
2034.675947553, 0.985860448,
2034.737242569, 0.984050142,
2034.757674342, 0.985986399,
2034.778106014, 0.986691228,
2034.798537587, 0.987725767,
2034.818969359, 0.991139934,
2034.839401032, 0.984832258,
2034.859832604, 0.986080799,
2034.880264377, 0.984452293,
2034.900696050, 0.984783393,
2034.921127623, 0.987298042,
2034.982422742, 0.986433557,
2035.002854415, 0.984424699,
2035.023285989, 0.985449165,
2035.043717762, 0.986753888,
2035.064149435, 0.985636932,
2035.084581009, 0.985019224,
2035.105012782, 0.987780424,
2035.125444456, 0.994082137,
2035.145876230, 0.988360543,
2035.166307804, 0.984823821,
2035.207171252, 0.987708410,
2035.227602826, 0.986772786,
2035.248034500, 0.985757626,
2035.268466274, 0.983909683,
2035.288897948, 0.987136090,
2035.309329623, 0.986283947,
2035.329761297, 0.985874961,
2035.350192971, 0.989430328,
2035.370624646, 0.987084850,
2035.391056321, 0.985670973,
2035.411487995, 0.988056032,
2035.472783020, 0.986663552,
2035.493214795, 0.986464366,
2035.513646370, 0.988296683,
2035.534078146, 0.987856885,
2035.554509821, 0.987066980,
2035.595373172, 0.985811287,
2035.615804847, 0.983176508,
2035.636236423, 0.981477743,
2035.656668198, 0.984348228,
2035.717963226, 0.986595596,
2035.738394802, 0.989249688,
2035.758826578, 0.991697799,
2035.779258254, 0.985615891,
2035.799689931, 0.989131683,
2035.820121607, 0.982864172,
2035.840553283, 0.989475133,
2035.860985060, 0.984677346,
2035.881416637, 0.990869509,
2035.901848313, 0.984285694,
2035.963143344, 0.985347140,
2035.983575121, 0.987391213,
2036.004006798, 0.988000221,
2036.024438375, 0.989972218,
2036.044870152, 0.988556007,
2036.065301830, 0.991929805,
2036.085733607, 0.986579538,
2036.106165185, 0.986703174,
2036.126596862, 0.990052514,
2036.147028640, 0.987578330,
2036.187891896, 0.994202297,
2036.208323674, 0.990349465,
2036.228755252, 0.987564011,
2036.249187030, 0.986578291,
2036.269618608, 0.989791713,
2036.290050286, 0.993089720,
2036.310482065, 0.990538307,
2036.330913743, 0.986387143,
2036.351345322, 0.988083441,
2036.371777100, 0.990029192,
2036.392208679, 0.988028195,
2036.453503716, 0.987661673,
2036.473935495, 0.986051717,
2036.494367174, 0.989407854,
2036.514798854, 0.988333695,
2036.535230533, 0.988177975,
2036.555662212, 0.989164106,
2036.576093892, 0.990553821,
2036.596525672, 0.986450033,
2036.616957251, 0.985895886,
2036.637389031, 0.989322291,
2036.698684071, 0.990544936,
2036.719115751, 0.989539200,
2036.739547332, 0.986715106,
2036.759979112, 0.988697302,
2036.780410792, 0.989358029,
2036.800842573, 0.991288027,
2036.821274154, 0.993343284,
2036.841705834, 0.988928802,
2036.862137615, 0.989539616,
2036.882569196, 0.987341353,
2036.943864239, 0.992898720,
2036.964295921, 0.989018608,
2036.984727702, 0.992333029,
2037.005159284, 0.994278128,
2037.025591065, 0.992544930,
2037.046022647, 0.992389019,
2037.066454329, 0.991824200,
2037.086886111, 0.992345932,
2037.107317793, 0.992887787,
2037.127749375, 0.993373294,
2037.189044521, 0.991530884,
2037.209476204, 0.988174818,
2037.229907886, 0.990557622,
2037.250339569, 0.993251821,
2037.270771252, 0.989418484,
2037.291202935, 0.987988381,
2037.311634717, 0.990144624,
2037.332066300, 0.988630708,
2037.352498084, 0.993601468,
2037.372929767, 0.993971474,
2037.434224817, 0.993563249,
2037.454656401, 0.994182280,
2037.475088184, 0.991113490,
2037.495519868, 0.991004540,
2037.515951452, 0.991567474,
2037.536383236, 0.991967678,
2037.556814920, 0.999407744,
2037.577246705, 0.995506445,
2037.597678289, 0.992735858,
2037.618109973, 0.991288351,
2037.679405027, 0.990404018,
2037.699836712, 0.994507287,
2037.720268397, 0.990742037,
2037.740700182, 0.991106024,
2037.761131767, 0.991973934,
2037.781563452, 0.991842629,
2037.801995238, 0.992668268,
2037.822426923, 0.995581558,
2037.842858509, 0.992541447,
2037.863290294, 0.994802287,
2037.904153666, 0.990143381,
2037.924585352, 0.992173602,
2037.945017038, 0.992816406,
2037.965448824, 0.992973357,
2037.985880410, 0.992327334,
2038.006312097, 0.991586830,
2038.026743883, 0.995050686,
2038.047175470, 0.990483034,
2038.067607156, 0.992120260,
2038.088038943, 0.996220654,
2038.108470530, 0.991830980,
2038.169765591, 0.993537334,
2038.190197379, 0.991694056,
2038.210629066, 0.991940090,
2038.231060654, 0.989787866,
2038.251492441, 0.994406319,
2038.271924129, 1.002957603,
2038.292355817, 0.993682318,
2038.312787505, 0.989711345,
2038.333219193, 0.994064342,
2038.353650881, 0.996852031,
2038.374082569, 0.992808344,
2038.394514258, 0.993970371,
2038.414945946, 0.992153826,
2038.435377635, 0.994273815,
2038.455809424, 0.993941804,
2038.476241112, 0.993897168,
2038.496672701, 0.993848240,
2038.517104490, 0.990596645,
2038.537536180, 0.990110603,
2038.557967769, 0.992042497,
2038.578399558, 0.990832228,
2038.598831248, 0.993448190,
2038.660126317, 0.990770520,
2038.680558107, 0.988948168,
2038.700989697, 0.992077956,
2038.721421387, 0.989436521,
2038.741853177, 0.995074595,
2038.762284768, 0.994321356,
2038.782716458, 0.993749153,
2038.803148249, 0.989007966,
2038.823579839, 0.995168216,
2038.844011630, 0.990408453,
2038.884874912, 0.989009258,
2038.905306703, 0.989267921,
2038.925738395, 0.992843882,
2038.946170086, 0.990955338,
2038.966601778, 0.995865919,
2038.987033469, 0.997058481,
2039.007465161, 0.991054605,
2039.027896853, 0.991558992,
2039.048328545, 0.995060905,
2039.068760237, 0.992736922,
2039.089191929, 0.986814620,
2039.130055414, 0.994703441,
2039.150487006, 0.993816761,
2039.170918699, 0.992223471,
2039.191350492, 0.990505076,
2039.211782085, 0.993917334,
2039.232213878, 0.995176618,
2039.273077164, 0.999094404,
2039.293508957, 0.990753383,
2039.313940651, 0.997206108,
2039.334372244, 1.006173805,
2039.416099120, 0.992970149,
2039.436530814, 0.995666456,
2039.456962609, 0.991882628,
2039.477394203, 0.993056600,
2039.497825898, 0.997281059,
2039.518257692, 0.992191171,
2039.538689287, 0.996127205,
2039.559120982, 0.994709154,
2039.579552777, 0.991275128,
2039.599984472, 0.994584108,
2039.620416167, 0.992878608,
2039.640847863, 0.999075591,
2039.661279458, 0.996860644,
2039.681711254, 0.994982749,
2039.702142950, 0.991475547,
2039.722574546, 0.991808399,
2039.743006342, 0.991017614,
2039.763438038, 0.996180757,
2039.783869834, 0.995142326,
2039.804301430, 0.996280449,
2039.824733127, 0.992935901,
2039.886028217, 0.994531650,
2039.906460014, 0.999572500,
2039.926891611, 0.994024111,
2039.967755106, 0.996758597,
2039.988186703, 0.995359101,
2040.008618501, 0.994806406,
2040.029050198, 0.991086869,
2040.049481796, 0.994957154,
2040.069913594, 0.995559769,
2040.110776891, 0.995310004,
2040.131208689, 0.995833321,
2040.151640387, 0.996798973,
2040.172072186, 0.997118786,
2040.192503785, 0.997260190,
2040.212935484, 1.051024969,
2040.233367283, 0.995224531,
2040.253798982, 0.994574021,
2040.274230581, 0.998183527,
2040.294662380, 0.997254075,
2040.315094080, 0.991816928,
2040.376389179, 0.995209079,
2040.396820879, 0.999803140,
2040.417252579, 0.999118872,
2040.437684179, 0.996320462,
2040.458115980, 0.992952622,
2040.478547680, 0.997372930,
2040.498979281, 0.998207432,
2040.519411082, 0.995670938,
2040.539842783, 0.995449571,
2040.560274584, 0.996135583,
2040.601137886, 0.995901931,
2040.621569688, 0.997984846,
2040.642001289, 0.995562687,
2040.662432991, 0.994591963,
2040.682864793, 0.996473897,
2040.703296395, 0.997495022,
2040.723728197, 0.998584937,
2040.744159899, 0.995872639,
2040.764591601, 0.996948171,
2040.785023304, 0.994962240,
2040.846318412, 0.996768868,
2040.866750115, 0.993307810,
2040.887181918, 0.992192441,
2040.907613521, 0.996674916,
2040.928045225, 0.993333925,
2040.948477028, 0.998835723,
2040.968908732, 1.000498247,
2040.989340336, 0.997605165,
2041.009772140, 0.998753809,
2041.030203744, 0.998079362,
2041.050635448, 0.993807858,
2041.091498857, 0.995735440,
2041.111930662, 1.000288894,
2041.132362366, 1.000631040,
2041.152793971, 0.999269375,
2041.173225776, 0.992928452,
2041.193657481, 0.996151182,
2041.214089087, 0.995718245,
2041.234520892, 0.999881186,
2041.254952598, 0.998906969,
2041.275384403, 0.994797981,
2041.295816009, 0.997202328,
2041.377542834, 0.995468281,
2041.397974641, 0.998873185,
2041.418406247, 0.994950676,
2041.438837954, 0.994064700,
2041.459269761, 0.995861176,
2041.479701468, 0.996312513,
2041.500133175, 0.998272842,
2041.520564883, 0.997175670,
2041.540996590, 0.997063040,
2041.561428298, 0.995223855,
2041.581860006, 0.992517781,
2041.602291714, 0.994744063,
2041.622723522, 0.997117620,
2041.643155130, 0.997233816,
2041.663586938, 0.992715729,
2041.684018547, 1.000164618,
2041.704450256, 0.998831759,
2041.745313673, 0.999881055,
2041.765745382, 0.996200086,
2041.786177192, 0.996361921,
2041.827040610, 1.001015529,
2041.847472320, 0.995709624,
2041.867903930, 0.994100524,
2041.888335740, 1.001506025,
2041.908767450, 0.992145143,
2041.929199060, 0.999289614,
2041.949630870, 0.997079846,
2041.970062581, 0.998943039,
2041.990494292, 0.995757781,
2042.010926002, 1.000110591,
2042.031357713, 0.998831091,
2042.092652847, 0.995276851,
2042.113084658, 0.996145514,
2042.133516370, 0.994726671,
2042.153947982, 0.997850750,
2042.174379794, 0.995146029,
2042.194811506, 0.995075515,
2042.215243218, 0.997405280,
2042.235674931, 0.999921105,
2042.256106643, 0.999139709,
2042.276538456, 0.990524662,
2042.337833495, 0.993241467,
2042.378697021, 0.997864006,
2042.399128635, 0.998265485,
2042.419560349, 0.994085878,
2042.439992163, 0.996169853,
2042.460423777, 0.996578440,
2042.480855491, 0.998126121,
2042.501287305, 0.993985509,
2042.521718920, 0.994011805,
2042.542150634, 0.999651388,
2042.562582449, 0.995344599,
2042.583014064, 0.997650566,
2042.603445879, 0.993927641,
2042.623877594, 0.992371430,
2042.644309309, 0.994954043,
2042.664741025, 0.999098981,
2042.685172741, 0.996159901,
2042.705604457, 0.998047110,
2042.726036172, 0.994772753,
2042.746467889, 0.998588742,
2042.766899705, 0.994965642,
2042.828194855, 0.995997587,
2042.848626572, 0.998806587,
2042.869058189, 0.993672296,
2042.889490006, 0.999149439,
2042.909921723, 0.996291598,
2042.930353441, 1.008546118,
2042.950785158, 0.996269975,
2042.971216876, 0.995391212,
2042.991648594, 0.998729227,
2043.012080312, 0.997293910,
2043.073375467, 0.996801137,
2043.093807086, 0.995804602,
2043.114238905, 0.997019733,
2043.134670624, 0.993196239,
2043.155102443, 0.996698339,
2043.175534063, 0.994674176,
2043.195965782, 0.995717853,
2043.216397602, 0.993872212,
2043.236829222, 0.995603570,
2043.257260942, 0.998385074,
2043.318556202, 0.994138685,
2043.338987923, 0.998396909,
2043.359419644, 0.997814520,
2043.379851365, 0.995831678,
2043.400283086, 0.997055473,
2043.420714807, 0.995329759,
2043.461578250, 0.998269108,
2043.482010072, 0.995784260,
2043.502441794, 0.996622289,
2043.543305238, 0.998229323,
2043.563736960, 0.995826438,
2043.584168583, 0.994834718,
2043.604600405, 0.996801156,
2043.625032128, 0.996260366,
2043.645463951, 0.993191993,
2043.665895574, 0.999383606,
2043.686327298, 0.995862725,
2043.706759021, 0.989448345,
2043.727190745, 0.992104546,
2043.747622369, 0.997547103,
2043.788485917, 0.992615603,
2043.808917541, 0.993868689,
2043.829349366, 0.995435205,
2043.849781090, 0.997088391,
2043.870212915, 0.995871962,
2043.890644540, 0.996584902,
2043.911076265, 0.992255466,
2043.931508090, 0.997770168,
2043.951939716, 0.996003860,
2043.972371441, 0.992664458,
2043.992803267, 0.990035233,
2044.033666719, 0.997479311,
2044.054098445, 0.994412955,
2044.074530172, 0.997139730,
2044.094961898, 0.993626425,
2044.115393625, 0.998904975,
2044.135825352, 0.994588476,
2044.156257179, 0.997083823,
2044.176688806, 1.001279824,
2044.197120634, 0.993787128,
2044.217552361, 0.996003410,
2044.237983989, 0.996214345,
2044.299279173, 0.993971175,
2044.319711002, 0.990916476,
2044.340142730, 0.997363821,
2044.360574359, 0.992206410,
2044.381006188, 0.996251691,
2044.401437817, 0.998528742,
2044.421869646, 0.994679199,
2044.442301376, 0.994024966,
2044.462733005, 0.995758217,
2044.483164835, 0.993648740,
2044.544460025, 0.995852308,
2044.585323586, 0.994979886,
2044.605755217, 0.998622535,
2044.626186948, 1.000648415,
2044.646618779, 0.991643579,
2044.667050510, 0.995307684,
2044.687482142, 0.996480325,
2044.707913974, 0.993693451,
2044.728345705, 0.994118535,
2044.748777437, 0.995758051,
2044.769209169, 0.995864008,
2044.789640902, 0.994575061,
2044.810072734, 0.994743624,
2044.830504367, 0.995100274,
2044.850936100, 0.992668457,
2044.871367933, 0.991310421,
2044.891799566, 0.992353096,
2044.912231299, 0.989349531,
2044.953094767, 0.993114386,
2044.973526600, 0.998219424,
2045.034821803, 0.997620141,
2045.055253538, 0.999479245,
2045.075685172, 0.994284832,
2045.096117007, 0.993357610,
2045.116548642, 0.993620940,
2045.136980478, 0.991381680,
2045.157412213, 0.992868560,
2045.177843849, 0.995674694,
2045.198275684, 0.996790871,
2045.218707420, 0.994844854,
2045.280002629, 0.989324148,
2045.300434466, 0.984084339,
2045.320866203, 0.993408243,
2045.341297840, 0.996035161,
2045.361729677, 1.022438756,
2045.382161415, 0.997137092,
2045.402593052, 0.996687297,
2045.423024890, 0.991584134,
2045.443456628, 0.996764295,
2045.463888266, 0.997622555,
2045.525183681, 0.996158758,
2045.545615320, 0.994742510,
2045.566047059, 0.993192221,
2045.586478898, 0.992932633,
2045.606910538, 0.992571506,
2045.627342277, 0.990854979,
2045.647774117, 0.993141038,
2045.668205757, 0.996208457,
2045.688637597, 0.994076591,
2045.709069337, 0.997332691,
2045.729500978, 0.993949974,
2045.749932818, 0.994320623,
2045.770364459, 0.996099982,
2045.790796200, 0.994931436,
2045.811228041, 1.002004069,
2045.831659782, 0.997815871,
2045.852091524, 0.993673396,
2045.872523266, 0.991852560,
2045.892955008, 0.996331835,
2045.913386750, 0.992046676,
2045.933818492, 0.996505101,
2045.954250234, 0.989905870,
2046.015545563, 0.996171478,
2046.035977306, 0.993762278,
2046.056408949, 0.995677028,
2046.076840793, 0.993772917,
2046.097272537, 0.995822089,
2046.117704181, 0.997794102,
2046.138136025, 0.992108815,
2046.158567769, 0.993704851,
2046.178999413, 0.999504912,
2046.199431258, 0.994920967,
2046.260726493, 0.993185991,
2046.281158239, 0.997207079,
2046.301590084, 0.998551462,
2046.322021730, 0.995726476,
2046.342453476, 0.999106378,
2046.362885222, 0.990721750,
2046.383316968, 0.995499649,
2046.403748815, 0.994190866,
2046.424180462, 0.995488794,
2046.444612209, 0.996128789,
2046.485475703, 0.996391104,
2046.505907450, 0.992700375,
2046.526339298, 0.995619148,
2046.546771046, 0.995089823,
2046.567202794, 0.995027746,
2046.587634542, 0.989814864,
2046.608066291, 0.991072948,
2046.628498039, 0.993396350,
2046.648929788, 0.991538181,
2046.669361537, 0.996034992,
2046.689793386, 0.993114727,
2046.730656785, 0.994059273,
2046.751088635, 0.993782295,
2046.771520285, 0.997119545,
2046.791952135, 0.998255093,
2046.812383885, 0.994109778,
2046.832815536, 0.995974124,
2046.853247387, 0.995680945,
2046.873679137, 0.998551670,
2046.894110788, 0.992360676,
2046.914542640, 0.995767657,
2046.934974391, 0.993635817,
2046.996269647, 0.993324176,
2047.016701399, 0.996224612,
2047.037133152, 0.991357369,
2047.057564904, 0.994947379,
2047.077996657, 0.993648366,
2047.098428410, 0.991723855,
2047.118860263, 0.993688209,
2047.139291917, 0.997047034,
2047.159723670, 0.997534524,
2047.180155524, 0.997568695,
2047.241450787, 0.997088942,
2047.261882541, 0.996972134,
2047.282314196, 0.994804557,
2047.302746051, 0.996383056,
2047.323177806, 0.997054499,
2047.343609662, 0.996517541,
2047.364041317, 0.996931371,
2047.384473073, 0.994939565,
2047.404904929, 0.993083495,
2047.425336585, 0.992974942,
2047.486631855, 0.995900547,
2047.507063712, 0.998610970,
2047.527495469, 1.000254107,
2047.547927126, 0.994611797,
2047.568358984, 0.993600805,
2047.588790742, 0.998342469,
2047.609222400, 0.996267123,
2047.629654258, 0.998494566,
2047.650086016, 0.997193870,
2047.670517775, 0.993473186,
2047.690949533, 0.997867489,
2047.711381292, 0.995680654,
2047.731813152, 0.995085741,
2047.752244811, 0.995088546,
2047.793108330, 0.996709938,
2047.813540090, 0.994161250,
2047.833971850, 0.994247442,
2047.854403711, 0.997086489,
2047.874835371, 0.995872692,
2047.895267232, 0.992351117,
2047.915698993, 0.992540587,
2047.976994277, 0.996687559,
2047.997425939, 0.993173565,
2048.017857801, 0.996634401,
2048.038289563, 0.992689509,
2048.058721426, 0.995603244,
2048.079153088, 0.995817857,
2048.099584851, 0.998514720,
2048.120016714, 0.994423944,
2048.140448377, 0.994936107,
2048.160880141, 0.994177096,
2048.181312004, 0.994721662,
2048.201743668, 0.994832334,
2048.222175532, 0.997748243,
2048.242607296, 0.994881353,
2048.263038961, 0.992940828,
2048.283470825, 0.994899143,
2048.303902590, 0.997032453,
2048.324334355, 0.995948622,
2048.344766121, 0.993066702,
2048.365197886, 0.994376297,
2048.385629552, 0.990951439,
2048.406061418, 0.998015940,
2048.467356717, 0.998274976,
2048.487788483, 0.995375174,
2048.508220350, 0.997312401,
2048.528652017, 0.999489388,
2048.549083785, 0.995745529,
2048.569515652, 0.995653345,
2048.589947320, 0.995293480,
2048.610379188, 0.996354944,
2048.630810956, 0.997487527,
2048.651242625, 0.995408490,
2048.712537931, 0.998508799,
2048.732969800, 0.994738784,
2048.753401570, 0.999397586,
2048.773833439, 0.997497654,
2048.794265109, 0.996622739,
2048.814696879, 0.995085693,
2048.835128750, 0.999396281,
2048.855560420, 0.996439233,
2048.875992191, 0.996025890,
2048.896424062, 0.999410901,
2048.916855733, 0.994065242,
2048.937287504, 0.997018206,
2048.957719376, 0.994648720,
2048.978151148, 0.996491151,
2048.998582920, 0.996816123,
2049.019014692, 0.995759738,
2049.039446464, 0.999439428,
2049.059878237, 0.996999542,
2049.080310010, 0.998734361,
2049.100741783, 0.995572205,
2049.121173556, 0.997398078,
2049.141605329, 0.999641585,
2049.202900651, 0.995359919,
2049.223332526, 0.995452427,
2049.243764200, 0.997453929,
2049.264195975, 0.999992903,
2049.284627850, 0.996345089,
2049.305059525, 0.997721930,
2049.325491301, 0.996549653,
2049.345923176, 0.993333435,
2049.366354852, 0.996363627,
2049.386786728, 0.998789894,
2049.407218504, 0.996216886,
2049.427650181, 0.996529075,
2049.448082058, 0.996172699,
2049.468513835, 0.994720298,
2049.488945612, 0.995420982,
2049.509377389, 0.994599058,
2049.529809167, 0.997712081,
2049.550241045, 0.996597341,
2049.570672723, 0.993719617,
2049.591104501, 0.995819042,
2049.611536379, 0.998605861,
2049.631968058, 0.995531343,
2049.672831716, 0.995008503,
2049.693263495, 0.995771744,
2049.713695275, 0.994773337,
2049.734127055, 0.993639134,
2049.754558735, 0.995965525,
2049.795422395, 1.002411188,
2049.815854076, 0.994655804,
2049.836285957, 0.999516144,
2049.856717738, 0.995290401,
2049.877149419, 0.993417641,
2049.918013083, 0.997169903,
2049.938444965, 0.999346692,
2049.958876647, 0.997753727,
2049.979308429, 1.000634444,
2049.999740312, 0.991618023,
2050.020171995, 0.996488004,
2050.040603778, 0.993919602,
2050.061035661, 0.996727880,
2050.081467345, 0.995136475,
2050.101899229, 0.995413824,
2050.122331013, 1.002186303,
2050.163194581, 0.995398310,
2050.183626366, 0.997511497,
2050.204058151, 0.995918034,
2050.224489936, 0.999927716,
2050.265353607, 0.998265934,
2050.285785293, 0.989983294,
2050.306217079, 0.996008219,
2050.326648965, 0.996180181,
2050.347080752, 0.997208512,
2050.367512438, 0.995196469,
2050.408376012, 0.994668270,
2050.428807800, 0.997020930,
2050.449239687, 0.995033015,
2050.469671375, 0.995963437,
2050.490103263, 0.998057228,
2050.510535052, 0.997119107,
2050.530966740, 0.999629144,
2050.551398629, 0.997038786,
2050.571830418, 0.991044344,
2050.612693997, 0.997156302,
2050.653557676, 0.997088919,
2050.673989366, 0.992714758,
2050.694421157, 0.992485398,
2050.714853047, 0.995344924,
2050.735284738, 0.992602087,
2050.755716529, 0.997024801,
2050.776148420, 0.993855154,
2050.796580112, 0.995470412,
2050.817012003, 0.995111895,
2050.837443795, 0.998932368,
2050.857875588, 0.998523682,
2050.919170966, 0.991587287,
2050.939602759, 0.996281136,
2050.960034552, 0.997705599,
2050.980466346, 0.994947502,
2051.000898240, 0.994590822,
2051.021329934, 0.995421029,
2051.041761828, 0.998153663,
2051.062193522, 0.995841092,
2051.082625317, 0.995070294,
2051.103057212, 1.000702101,
2051.143920703, 0.995313064,
2051.164352598, 0.995365696,
2051.184784294, 0.994145321,
2051.205216191, 0.993750138,
2051.225647987, 0.992193827,
2051.246079684, 0.998108606,
2051.266511580, 0.996908225,
2051.286943377, 0.994156711,
2051.307375075, 0.995428371,
2051.327806972, 0.991022296,
2051.348238770, 0.995478644,
2051.368670668, 0.996851253,
2051.389102366, 0.998469311,
2051.409534165, 0.996906301,
2051.429966064, 0.993951953,
2051.450397763, 0.994953095,
2051.470829562, 0.992876860,
2051.491261461, 0.997640553,
2051.511693261, 0.994190608,
2051.532124961, 0.993209676,
2051.552556861, 0.995679810,
2051.572988662, 0.993835551,
2051.593420462, 0.994116918,
2051.634284064, 0.994169411,
2051.654715866, 0.994251647,
2051.675147667, 0.990944286,
2051.695579469, 0.997459730,
2051.716011271, 0.997992552,
2051.736443073, 0.994607904,
2051.756874976, 0.992418312,
2051.777306679, 0.994849228,
2051.797738482, 0.997116857,
2051.818170385, 0.996190257,
2051.838602088, 0.997179199,
2051.879465796, 0.995702589,
2051.899897500, 0.995266950,
2051.920329405, 0.994245412,
2051.940761210, 0.994754722,
2051.961192915, 0.993712283,
2051.981624820, 0.995416050,
2052.002056625, 0.996229469,
2052.022488331, 0.997142696,
2052.042920237, 0.996625660,
2052.063352043, 0.994134291,
2052.083783949, 0.999420614,
2052.124647463, 0.992421056,
2052.145079370, 0.995203810,
2052.165511177, 0.994298320,
2052.185942885, 0.995747631,
2052.206374793, 0.997525986,
2052.226806601, 0.992583957,
2052.247238310, 0.994764706,
2052.267670218, 0.997444583,
2052.288102027, 0.995131185,
2052.308533936, 0.996662865,
2052.328965645, 0.996938888,
2052.369829365, 0.995328862,
2052.390261075, 0.995834096,
2052.410692885, 0.992681481,
2052.431124696, 0.998726306,
2052.451556506, 0.992539406,
2052.471988418, 0.996334587,
2052.492420129, 0.996118552,
2052.512851940, 0.995257048,
2052.533283852, 0.994176091,
2052.553715564, 0.994940254,
2052.574147377, 0.995787668,
2052.615011002, 0.994639779,
2052.635442915, 0.996616578,
2052.655874728, 0.996745464,
2052.676306442, 0.992103605,
2052.696738356, 0.996656938,
2052.717170170, 0.995375476,
2052.737601984, 0.995372086,
2052.758033798, 0.994678101,
2052.778465613, 0.993010254,
2052.798897428, 0.996006231,
2052.819329243, 0.993351061,
2052.860192975, 0.992164451,
2052.880624791, 0.991692184,
2052.901056507, 0.996085591,
2052.921488424, 0.992700028,
2052.941920240, 0.992706839,
2052.962351957, 0.994621700,
2052.982783875, 0.993336975,
2053.003215692, 0.994391412,
2053.023647610, 0.995614983,
2053.044079328, 0.996317942,
2053.064511146, 0.999806774,
2053.146238422, 0.994786943,
2053.166670242, 0.991784417,
2053.187102161, 0.994259914,
2053.207533881, 0.993736380,
2053.248397622, 0.998091926,
2053.268829343, 0.998601935,
2053.289261164, 0.997160434,
2053.309693085, 0.996796421,
2053.350556729, 0.996358353,
2053.370988551, 0.996067849,
2053.391420373, 0.989568336,
2053.411852196, 0.992184108,
2053.432284019, 0.990165072,
2053.452715842, 0.992708074,
2053.473147665, 0.995772999,
2053.493579489, 0.993647748,
2053.514011313, 0.995878066,
2053.534443237, 0.996954391,
2053.554874961, 0.991672437,
2053.595738711, 0.994854904,
2053.616170436, 0.994332460,
2053.636602361, 0.996677329,
2053.657034187, 0.994195108,
2053.677465913, 0.998108200,
2053.697897839, 0.997338221,
2053.718329666, 0.995800706,
2053.738761492, 0.996381319,
2053.759193319, 0.992422514,
2053.779625147, 0.991224452,
2053.800056974, 0.991764537,
2053.840920530, 0.995991029,
2053.861352458, 0.995375100,
2053.881784287, 0.997495568,
2053.902216215, 0.995465804,
2053.922647944, 0.993138402,
2053.943079774, 0.990777958,
2053.963511703, 0.992504082,
2053.983943433, 0.993202262,
2054.004375263, 0.991141019,
2054.024807194, 0.993869905,
2054.045239024, 0.994674088,
2054.106534517, 0.995585907,
2054.126966349, 0.996303031,
2054.147398181, 0.995932934,
2054.167830013, 0.994680648,
2054.208693678, 0.998630982,
2054.229125511, 0.995259259,
2054.249557445, 0.994448101,
2054.269989178, 0.989735945,
2054.290421112, 0.991180146,
2054.331284680, 0.995331505,
2054.351716615, 0.994950105,
2054.372148450, 0.994878515,
2054.392580185, 0.992791535,
2054.413012120, 0.996370701,
2054.433443956, 0.992956558,
2054.453875792, 0.995031991,
2054.474307628, 0.995099264,
2054.494739364, 0.996191264,
2054.515171301, 0.993873458,
2054.535603138, 0.991150290,
2054.576466812, 0.994910790,
2054.596898650, 0.991385241,
2054.617330588, 0.993976647,
2054.637762326, 0.993596738,
2054.658194165, 0.990854210,
2054.678626104, 0.992672824,
2054.699057843, 0.993962806,
2054.719489682, 0.991728097,
2054.739921622, 0.994786193,
2054.760353462, 0.994007313,
2054.780785302, 0.989292406,
2054.821648983, 0.990789335,
2054.842080824, 0.992589685,
2054.862512665, 0.996838191,
2054.882944506, 0.992128130,
2054.903376448, 0.991887641,
2054.923808190, 0.988950083,
2054.944240033, 0.993372820,
2054.964671975, 0.991736522,
2054.985103718, 0.996546138,
2055.005535661, 0.997432106,
2055.025967504, 0.993213418,
2055.087262936, 0.994652394,
2055.107694781, 0.994207214,
2055.128126725, 0.992926050,
2055.148558470, 0.987552013,
2055.168990416, 0.991272966,
2055.189422261, 0.992679878,
2055.209854007, 0.985481896,
2055.230285953, 0.988493624,
2055.250717800, 0.988197742,
2055.271149646, 0.992041076,
2055.291581493, 0.992737711,
2055.312013340, 0.995304001,
2055.332445288, 0.991595496,
2055.352877036, 0.993962778,
2055.373308883, 0.993767298,
2055.393740832, 0.992945973,
2055.414172680, 0.993314808,
2055.434604429, 0.989608164,
2055.455036378, 0.991328865,
2055.475468228, 0.994007661,
2055.495900077, 0.994644835,
2055.516331927, 0.991720408,
2055.557195728, 0.991455710,
2055.577627479, 0.989700999,
2055.598059330, 0.992516412,
2055.618491281, 0.993215388,
2055.638923033, 0.992358711,
2055.659354884, 0.992496684,
2055.679786837, 0.988669010,
2055.700218589, 0.989160863,
2055.720650542, 0.990969792,
2055.741082295, 0.985626999,
2055.761514148, 0.990864603,
2055.802377855, 0.990622185,
2055.822809709, 0.993061953,
2055.843241664, 0.987051012,
2055.863673418, 0.991182168,
2055.884105373, 0.993501374,
2055.904537228, 0.988978583,
2055.924969084, 0.998245980,
2055.965832796, 0.992286404,
2055.986264652, 0.987444051,
2056.006696509, 0.992599032,
2056.067992180, 0.989519535,
2056.088423938, 0.990008778,
2056.108855896, 0.986194281,
2056.129287754, 0.988057876,
2056.149719513, 0.993056702,
2056.170151471, 0.988782766,
2056.190583331, 0.989361969,
2056.211015290, 0.989242327,
2056.231447050, 0.991020960,
2056.251878910, 0.989941681,
2056.272310870, 0.984873337,
2056.292742630, 0.988739014,
2056.313174491, 0.994512340,
2056.333606452, 0.989502125,
2056.354038214, 0.991001712,
2056.374470075, 0.992459202,
2056.394901937, 0.986944336,
2056.415333799, 0.988279263,
2056.435765762, 0.987589751,
2056.456197625, 0.987397952,
2056.476629388, 0.989810726,
2056.497061351, 0.986990865,
2056.537924979, 0.987086657,
2056.558356943, 0.987803099,
2056.578788807, 0.987937557,
2056.599220672, 0.986595621,
2056.619652537, 0.989004568,
2056.640084403, 0.988235970,
2056.660516268, 0.987775511,
2056.680948134, 0.986295980,
2056.701380001, 0.986701435,
2056.721811867, 0.989052653,
2056.742243734, 0.990049313,
2056.783107568, 0.983900549,
2056.803539336, 0.987511772,
2056.823971304, 0.986827111,
2056.844403172, 0.989028353,
2056.864834941, 0.987149815,
2056.885266909, 0.987708455,
2056.905698779, 0.983305502,
2056.926130748, 0.988988743,
2056.946562517, 0.988766647,
2056.966994387, 0.990114928,
2056.987426358, 0.991260978,
2057.028289999, 0.988859353,
2057.048721970, 0.987446858,
2057.069153742, 0.991907506,
2057.089585613, 0.984141720,
2057.110017485, 0.981104029,
2057.130449357, 0.988344473,
2057.150881330, 0.986876230,
2057.171313103, 0.986203863,
2057.191744976, 0.986425975,
2057.212176950, 0.986159072,
2057.232608823, 0.986904002,
2057.293904446, 0.986473734,
2057.314336321, 0.985371753,
2057.334768196, 0.988391887,
