BJD - 2454833, Corrected Flux
1977.262449188, 1.013285320,
1977.282881452, 1.011879932,
1977.303313616, 1.027955319,
1977.364610506, 1.021796421,
1977.385042768, 1.019431039,
1977.405475030, 1.020823502,
1977.425907291, 1.020015837,
1977.446339652, 1.019043667,
1977.466771812, 1.020311663,
1977.487204172, 1.021335449,
1977.507636432, 1.019602890,
1977.528068591, 1.019965478,
1977.548500949, 1.020532943,
1977.568933207, 1.019980703,
1977.589365365, 1.020222388,
1977.609797722, 1.020207524,
1977.630229978, 1.020912943,
1977.650662135, 1.020237504,
1977.671094490, 1.019810793,
1977.691526745, 1.022837470,
1977.711958900, 1.020639592,
1977.732391254, 1.019711509,
1977.752823508, 1.020716967,
1977.773255661, 1.020753140,
1977.793688014, 1.020272988,
1977.814120267, 1.022829294,
1977.834552519, 1.019909132,
1977.854984770, 1.022497240,
1977.875417021, 1.020946714,
1977.895849271, 1.020948936,
1977.916281522, 1.021382017,
1977.936713771, 1.023036335,
1977.957146120, 1.019779448,
1977.977578269, 1.021392939,
1977.998010517, 1.022312511,
1978.018442865, 1.020600013,
1978.038875012, 1.022880967,
1978.059307259, 1.020114781,
1978.079739605, 1.020538026,
1978.100171751, 1.021819756,
1978.120603996, 1.022032189,
1978.141036341, 1.021682967,
1978.161468486, 1.021016559,
1978.181900729, 1.021750987,
1978.202333073, 1.021708753,
1978.222765216, 1.020767956,
1978.243197558, 1.021371536,
1978.263629801, 1.021293351,
1978.284062042, 1.021561732,
1978.304494283, 1.021308215,
1978.324926524, 1.021053050,
1978.345358764, 1.023609914,
1978.365791004, 1.021377914,
1978.386223243, 1.020959626,
1978.406655482, 1.022010933,
1978.427087720, 1.021598165,
1978.447519958, 1.018989562,
1978.467952196, 1.021803697,
1978.488384433, 1.019880993,
1978.508816669, 1.021167051,
1978.529248805, 1.029311856,
1978.590545511, 1.020959459,
1978.610977845, 1.021102356,
1978.631410079, 1.020962688,
1978.651842412, 1.021794973,
1978.672274545, 1.021038243,
1978.692706777, 1.021860328,
1978.713139109, 1.020952696,
1978.733571240, 1.019702309,
1978.754003471, 1.021522515,
1978.774435802, 1.020660402,
1978.794868032, 1.019183211,
1978.815300161, 1.021067091,
1978.835732490, 1.021653425,
1978.856164719, 1.022300484,
1978.876596848, 1.019021034,
1978.917461402, 1.019416042,
1978.937893529, 1.019494997,
1978.958325856, 1.019355699,
1978.978758081, 1.019568250,
1978.999190207, 1.021902808,
1979.019622532, 1.020495327,
1979.060486881, 1.021853181,
1979.080919204, 1.022274152,
1979.101351427, 1.020855374,
1979.121783750, 1.020701194,
1979.142215872, 1.021132761,
1979.162648094, 1.020876129,
1979.183080315, 1.019636744,
1979.203512536, 1.018783407,
1979.223944756, 1.020800845,
1979.244376976, 1.020882602,
1979.264809196, 1.019868413,
1979.285241414, 1.019121288,
1979.305673633, 1.020229813,
1979.326105851, 1.021157742,
1979.346538069, 1.020384517,
1979.366970386, 1.021366460,
1979.387402503, 1.019088944,
1979.407834719, 1.020788981,
1979.428267035, 1.021388509,
1979.448699150, 1.020575426,
1979.469131365, 1.020861490,
1979.489563679, 1.020216472,
1979.509995793, 1.019827242,
1979.530428007, 1.020949534,
1979.550860320, 1.020291915,
1979.571292433, 1.020929403,
1979.591724745, 1.019617969,
1979.612156956, 1.023234994,
1979.632589168, 1.021250978,
1979.653021378, 1.021285100,
1979.673453589, 1.019191230,
1979.693885799, 1.020995929,
1979.714318008, 1.019404025,
1979.734750217, 1.020118766,
1979.775614634, 1.018818321,
1979.796046841, 1.020902642,
1979.816479048, 1.020658870,
1979.836911355, 1.020437212,
1979.857343461, 1.020077378,
1979.877775667, 1.019372425,
1979.898207873, 1.018641480,
1979.918640078, 1.018666925,
1979.939072282, 1.019246599,
1979.959504486, 1.020529186,
1979.979936689, 1.018805269,
1980.000368892, 1.019809482,
1980.020801095, 1.020103199,
1980.041233297, 1.021124562,
1980.061665599, 1.020709421,
1980.082097700, 1.018356664,
1980.102529901, 1.019163983,
1980.122962201, 1.019731239,
1980.143394301, 1.021865805,
1980.163826501, 1.018231455,
1980.184258800, 1.018958068,
1980.204690998, 1.019272844,
1980.225123097, 1.019132762,
1980.245555394, 1.020545235,
1980.265987592, 1.018456994,
1980.286419688, 1.027616354,
1980.306851985, 1.018326332,
1980.327284181, 1.019571596,
1980.347716276, 1.019620673,
1980.368148571, 1.019423972,
1980.388580765, 1.018768487,
1980.409012860, 1.020111079,
1980.429445153, 1.019773383,
1980.449877346, 1.018958504,
1980.470309539, 1.019334903,
1980.490741731, 1.018746909,
1980.511173923, 1.019628944,
1980.531606214, 1.018848400,
1980.552038305, 1.018466337,
1980.592902786, 1.017607690,
1980.613334876, 1.017768884,
1980.633767065, 1.018173804,
1980.654199353, 1.018858054,
1980.674631442, 1.019321146,
1980.695063630, 1.019698468,
1980.715495917, 1.019146881,
1980.735928004, 1.017820646,
1980.756360190, 1.018081473,
1980.776792476, 1.018065368,
1980.797224562, 1.018216827,
1980.817656747, 1.018279554,
1980.838089032, 1.018979108,
1980.878953300, 1.019124595,
1980.899385583, 1.019699784,
1980.919817666, 1.019069953,
1980.940249849, 1.017616844,
1980.960682131, 1.019017801,
1980.981114212, 1.019385419,
1981.042410854, 1.017007399,
1981.062843034, 1.018414840,
1981.083275213, 1.019503702,
1981.103707393, 1.019270939,
1981.124139571, 1.017297743,
1981.144571749, 1.017431364,
1981.165003927, 1.015890970,
1981.185436204, 1.019905391,
1981.205868281, 1.017399653,
1981.226300457, 1.019094413,
1981.246732733, 1.017028513,
1981.267164808, 1.016271855,
1981.287596983, 1.017682934,
1981.308029257, 1.018097638,
1981.328461331, 1.018682556,
1981.348893505, 1.020649615,
1981.369325778, 1.016490504,
1981.389757851, 1.018464863,
1981.410190023, 1.016424730,
1981.430622195, 1.017217700,
1981.451054367, 1.018255444,
1981.471486637, 1.016353592,
1981.594079654, 1.018498184,
1981.614511822, 1.017468147,
1981.634943890, 1.017559020,
1981.655376157, 1.023323653,
1981.675808324, 1.017531301,
1981.696240390, 1.017764181,
1981.716672656, 1.017355182,
1981.737104821, 1.018474714,
1981.757536886, 1.017919136,
1981.777969150, 1.018423536,
1981.798401314, 1.015766184,
1981.818833377, 1.017281008,
1981.839265641, 1.017424672,
1981.859697803, 1.015563153,
1981.880129965, 1.016543945,
1981.900562127, 1.016689039,
1981.920994288, 1.019582746,
1981.941426550, 1.017093178,
1981.961858610, 1.016211682,
1981.982290770, 1.015705271,
1982.002723030, 1.016172203,
1982.023155189, 1.018014875,
1982.043587248, 1.018021575,
1982.064019506, 1.016256318,
1982.084451664, 1.017664762,
1982.104883721, 1.017531250,
1982.125315978, 1.018432412,
1982.145748035, 1.016188192,
1982.166180191, 1.016094559,
1982.186612447, 1.014704754,
1982.227476657, 1.017032040,
1982.247908911, 1.015980094,
1982.268340965, 1.016222222,
1982.288773119, 1.017258484,
1982.309205372, 1.015390943,
1982.329637424, 1.017025422,
1982.350069577, 1.014832468,
1982.370501828, 1.014852568,
1982.390933980, 1.015922761,
1982.411366131, 1.016168832,
1982.431798282, 1.016168870,
1982.452230431, 1.016615306,
1982.472662581, 1.018268007,
1982.513526879, 1.016675362,
1982.533959127, 1.014722648,
1982.554391176, 1.015821739,
1982.574823323, 1.014850283,
1982.595255570, 1.016083147,
1982.615687616, 1.015565255,
1982.636119763, 1.014648490,
1982.656552008, 1.013278866,
1982.676984054, 1.017239681,
1982.697416199, 1.015569052,
1982.717848443, 1.015722503,
1982.738280487, 1.015719715,
1982.758712631, 1.017206579,
1982.779144874, 1.014688680,
1982.799576917, 1.014453660,
1982.820009059, 1.016503658,
1982.840441301, 1.012500059,
1982.860873443, 1.015327660,
1982.881305584, 1.013754180,
1982.901737724, 1.013780633,
1982.922169764, 1.014879259,
1982.942602004, 1.016975975,
1982.983466183, 1.015309601,
1983.003898421, 1.015070444,
1983.024330559, 1.014828882,
1983.044762597, 1.015788305,
1983.065194834, 1.015790127,
1983.085626971, 1.014202296,
1983.106059007, 1.016387604,
1983.126491243, 1.015599594,
1983.146923379, 1.014508623,
1983.167355414, 1.016615512,
1983.187787648, 1.015790970,
1983.208219782, 1.014444783,
1983.228651916, 1.014686432,
1983.249084050, 1.015701484,
1983.269516183, 1.017439900,
1983.289948315, 1.015582885,
1983.310380447, 1.013285469,
1983.330812579, 1.013000948,
1983.351244810, 1.014165098,
1983.371676941, 1.014325925,
1983.392108971, 1.014460296,
1983.412541201, 1.014167447,
1983.432973331, 1.016917902,
1983.473837589, 1.015083665,
1983.494269717, 1.015574072,
1983.514701745, 1.015698251,
1983.535133972, 1.014582713,
1983.555566100, 1.016775645,
1983.575998126, 1.015110471,
1983.596430352, 1.014016889,
1983.616862478, 1.014267094,
1983.637294503, 1.016324888,
1983.657726728, 1.017601974,
1983.678158753, 1.015374413,
1983.698590977, 1.014937657,
1983.719023101, 1.014521752,
1983.739455124, 1.014213956,
1983.759887246, 1.015615283,
1983.780319469, 1.016106221,
1983.800751591, 1.017257652,
1983.821183712, 1.014302796,
1983.841615834, 1.013124808,
1983.862047954, 1.013177181,
1983.882480175, 1.014410543,
1983.902912194, 1.015118650,
1983.923344314, 1.015983532,
1983.943776533, 1.012948768,
1983.964208551, 1.014577856,
1983.984640670, 1.013211131,
1984.005072888, 1.012014311,
1984.025504905, 1.013867942,
1984.045937022, 1.013405679,
1984.066369238, 1.014724567,
1984.086801255, 1.013027068,
1984.127665586, 1.015586241,
1984.148097600, 1.016119567,
1984.168529715, 1.014432808,
1984.188961929, 1.015000877,
1984.209394042, 1.014828160,
1984.229826055, 1.013362671,
1984.250258268, 1.012870225,
1984.270690381, 1.014673346,
1984.291122493, 1.013781447,
1984.311554604, 1.014447816,
1984.331986715, 1.013274510,
1984.352418926, 1.014355242,
1984.372850936, 1.014152632,
1984.393282946, 1.012746895,
1984.413715156, 1.014483144,
1984.475011481, 1.015429504,
1984.495443589, 1.014892931,
1984.515875597, 1.016127197,
1984.536307804, 1.013857627,
1984.556739910, 1.015093111,
1984.577171916, 1.012438625,
1984.597604122, 1.012727194,
1984.618036227, 1.015025373,
1984.638468332, 1.013882941,
1984.658900436, 1.013896741,
1984.679332541, 1.014002337,
1984.699764644, 1.015942530,
1984.720196847, 1.014939610,
1984.740628850, 1.015610275,
1984.761061053, 1.013603453,
1984.781493155, 1.013630356,
1984.801925156, 1.013270045,
1984.822357357, 1.013173108,
1984.842789458, 1.015805163,
1984.863221458, 1.013990184,
1984.883653659, 1.013400241,
1984.904085758, 1.013942700,
1984.985814052, 1.014406501,
1985.006246250, 1.014441077,
1985.026678347, 1.014022364,
1985.047110444, 1.013680104,
1985.067542539, 1.015497386,
1985.087974635, 1.014008150,
1985.108406731, 1.015681689,
1985.128838826, 1.012387272,
1985.149270921, 1.012823899,
1985.169702915, 1.013671794,
1985.190135108, 1.013156464,
1985.210567202, 1.011932880,
1985.230999395, 1.012470373,
1985.251431388, 1.014969669,
1985.271863480, 1.014856503,
1985.292295672, 1.013850384,
1985.312727663, 1.014009592,
1985.333159754, 1.012611765,
1985.353591945, 1.015819087,
1985.374023934, 1.013862210,
1985.394456024, 1.014200562,
1985.455752291, 1.013702548,
1985.476184479, 1.019459634,
1985.496616467, 1.012785746,
1985.517048554, 1.014684045,
1985.537480741, 1.012731458,
1985.557912827, 1.015116192,
1985.578344813, 1.013770624,
1985.598776999, 1.013723163,
1985.619209084, 1.013627102,
1985.639641070, 1.013249958,
1985.660073254, 1.013123846,
1985.680505338, 1.018740891,
1985.700937521, 1.014744749,
1985.721369505, 1.015379427,
1985.741801588, 1.014835883,
1985.762233770, 1.012942979,
1985.782665752, 1.012352320,
1985.803097834, 1.014629005,
1985.823530015, 1.013978213,
1985.843961996, 1.013637191,
1985.864394076, 1.011164155,
1985.946122394, 1.011432002,
1985.966554472, 1.012471626,
1985.986986550, 1.013181339,
1986.007418628, 1.015153696,
1986.027850705, 1.012408024,
1986.048282782, 1.014050842,
1986.068714958, 1.015468691,
1986.089146935, 1.012855493,
1986.109579010, 1.015473944,
1986.130011185, 1.013472619,
1986.150443160, 1.013747112,
1986.170875334, 1.012612853,
1986.191307408, 1.014113050,
1986.211739382, 1.013183572,
1986.232171555, 1.013174413,
1986.252603628, 1.015619826,
1986.273035600, 1.012510679,
1986.293467773, 1.013264772,
1986.313899844, 1.013433501,
1986.334331815, 1.014700513,
1986.354763986, 1.012526071,
1986.375196057, 1.013273685,
1986.395628127, 1.014128295,
1986.416060196, 1.015203792,
1986.436492266, 1.014522706,
1986.456924334, 1.014305269,
1986.477356403, 1.013815231,
1986.497788471, 1.014448882,
1986.518220538, 1.013434725,
1986.538652706, 1.014100322,
1986.559084672, 1.014270811,
1986.579516739, 1.011059701,
1986.599948805, 1.011878519,
1986.620380871, 1.011694545,
1986.681677065, 1.012215492,
1986.702109229, 1.012567751,
1986.722541193, 1.011534984,
1986.742973256, 1.013398852,
1986.763405419, 1.012471512,
1986.783837382, 1.012819426,
1986.804269444, 1.013197027,
1986.824701605, 1.015245604,
1986.845133567, 1.012504730,
1986.865565628, 1.013615384,
1986.926861808, 1.013935149,
1986.947293968, 1.013838547,
1986.967726026, 1.015280959,
1986.988157985, 1.012747738,
1987.008590143, 1.013508677,
1987.029022201, 1.013255308,
1987.049454159, 1.012275185,
1987.069886315, 1.013625000,
1987.090318372, 1.013362782,
1987.110750528, 1.014859404,
1987.172046694, 1.015398810,
1987.192478649, 1.014470917,
1987.212910703, 1.014072463,
1987.233342857, 1.014833342,
1987.253774811, 1.014167348,
1987.274206864, 1.013629591,
1987.294639016, 1.013952593,
1987.315070969, 1.016074056,
1987.335503021, 1.013959686,
1987.355935172, 1.014958107,
1987.376367123, 1.015371800,
1987.396799174, 1.013943213,
1987.417231225, 1.015841953,
1987.437663274, 1.014857149,
1987.458095324, 1.016907397,
1987.478527473, 1.014038349,
1987.498959422, 1.014360641,
1987.519391570, 1.013618077,
1987.539823618, 1.012713284,
1987.560255566, 1.013150666,
1987.580687713, 1.014603205,
1987.601119760, 1.014379573,
1987.662415899, 1.014606169,
1987.682847844, 1.013086508,
1987.703279988, 1.013691359,
1987.723712033, 1.014649439,
1987.744144077, 1.014119646,
1987.764576121, 1.013246422,
1987.785008164, 1.014533616,
1987.805440207, 1.013837795,
1987.825872250, 1.013964859,
1987.846304292, 1.014555808,
1987.907600417, 1.013490500,
1987.928032457, 1.013058006,
1987.948464598, 1.013626355,
1987.968896538, 1.013225278,
1987.989328677, 1.014760198,
1988.009760716, 1.013635669,
1988.030192655, 1.014261942,
1988.050624793, 1.014381561,
1988.071056831, 1.016741710,
1988.091488769, 1.013161862,
1988.111920906, 1.014271253,
1988.132352843, 1.012920457,
1988.152784879, 1.013704521,
1988.173217016, 1.014107858,
1988.193648952, 1.012238432,
1988.214080987, 1.013725907,
1988.234513122, 1.013744398,
1988.254945056, 1.013340941,
1988.275377090, 1.013518159,
1988.295809224, 1.014317620,
1988.316241258, 1.013367703,
1988.336673191, 1.014569761,
1988.397969288, 1.014789638,
1988.418401419, 1.015484928,
1988.438833450, 1.014124483,
1988.459265581, 1.013688194,
1988.479697511, 1.015974345,
1988.500129541, 1.015941315,
1988.520561671, 1.014375301,
1988.540993600, 1.013399189,
1988.561425629, 1.013309056,
1988.581857757, 1.015575806,
1988.643153841, 1.016055922,
1988.663585768, 1.014922944,
1988.684017794, 1.013349977,
1988.704449920, 1.014703571,
1988.724881846, 1.014028810,
1988.745313871, 1.014969362,
1988.765745996, 1.013598245,
1988.786178021, 1.015059611,
1988.806609946, 1.015151597,
1988.827042070, 1.014712492,
1988.908770062, 1.015878449,
1988.929202184, 1.015052349,
1988.949634205, 1.014976704,
1988.970066127, 1.016030101,
1988.990498248, 1.015686804,
1989.010930268, 1.013487638,
1989.031362188, 1.015557061,
1989.051794308, 1.014117224,
1989.072226328, 1.014213800,
1989.092658247, 1.016043656,
1989.113090366, 1.014190723,
1989.133522384, 1.015314010,
1989.153954402, 1.015329300,
1989.174386419, 1.015428345,
1989.194818436, 1.015953365,
1989.215250453, 1.013523391,
1989.235682470, 1.014795813,
1989.256114486, 1.016008929,
1989.276546501, 1.014804665,
1989.296978617, 1.014544258,
1989.317410532, 1.014694825,
1989.378706574, 1.025595550,
1989.399138688, 1.014752813,
1989.419570701, 1.014705544,
1989.440002614, 1.014608294,
1989.460434726, 1.016026765,
1989.480866738, 1.014821778,
1989.501298650, 1.015583009,
1989.521730761, 1.015822964,
1989.542162772, 1.016222406,
1989.562594682, 1.015626490,
1989.583026793, 1.016683688,
1989.603458802, 1.016222447,
1989.623890712, 1.015037925,
1989.644322821, 1.013407085,
1989.664754829, 1.015388210,
1989.685186738, 1.014586308,
1989.705618846, 1.015776385,
1989.726050853, 1.015779382,
1989.746482761, 1.016090658,
1989.766914867, 1.014305476,
1989.787346874, 1.016392372,
1989.807778780, 1.014207282,
1989.869074996, 1.014740410,
1989.889506900, 1.016148309,
1989.909938905, 1.013789977,
1989.930371009, 1.015735580,
1989.950802912, 1.015364243,
1989.971234915, 1.014639873,
1989.991667018, 1.015632004,
1990.012098920, 1.015188432,
1990.032530923, 1.013886205,
1990.052963024, 1.014644794,
1990.073394926, 1.013989551,
1990.093826926, 1.015787800,
1990.114259027, 1.016908925,
1990.134691027, 1.014780609,
1990.155122927, 1.014323782,
1990.175555027, 1.016579446,
1990.195987026, 1.016846243,
1990.216418924, 1.017071278,
1990.236851023, 1.013807501,
1990.257283021, 1.018317897,
1990.277715019, 1.016021819,
1990.298147016, 1.013018046,
1990.359443006, 1.016537002,
1990.379874902, 1.015220043,
1990.400306997, 1.017551450,
1990.441170887, 1.017305558,
1990.461602982, 1.015699384,
1990.482034975, 1.016287343,
1990.502466969, 1.021146991,
1990.522898963, 1.015589920,
1990.543330956, 1.015625931,
1990.604626933, 1.016008997,
1990.625058924, 1.014959908,
1990.645491015, 1.014857314,
1990.665922906, 1.016049549,
1990.686354896, 1.018101762,
1990.706786986, 1.015885326,
1990.727218876, 1.014667498,
1990.747650965, 1.015993420,
1990.768082955, 1.018810114,
1990.788514843, 1.015173013,
1990.849810807, 1.015895644,
1990.870242894, 1.017158446,
1990.890674881, 1.015720095,
1990.911106767, 1.015862802,
1990.931538854, 1.016102054,
1990.951970840, 1.015781303,
1990.972402825, 1.016138880,
1990.992834810, 1.015617850,
1991.013266795, 1.016239556,
1991.033698779, 1.016341486,
1991.074562747, 1.015534867,
1991.094994630, 1.017289970,
1991.115426713, 1.015574946,
1991.135858696, 1.014233875,
1991.156290778, 1.016572391,
1991.176722660, 1.015177990,
1991.197154641, 1.017320992,
1991.217586722, 1.016936511,
1991.238018603, 1.016863365,
1991.258450583, 1.015104675,
1991.278882664, 1.019731455,
1991.340178602, 1.017274879,
1991.360610480, 1.017120925,
1991.381042459, 1.016876155,
1991.401474536, 1.015825657,
1991.421906414, 1.016168884,
1991.442338391, 1.017500569,
1991.462770468, 1.016969450,
1991.483202445, 1.016129903,
1991.503634321, 1.015997654,
1991.524066397, 1.016626655,
1991.544498372, 1.015761771,
1991.564930248, 1.017261281,
1991.585362322, 1.018017778,
1991.605794297, 1.017660795,
1991.626226371, 1.015793375,
1991.646658245, 1.015211021,
1991.667090218, 1.019205151,
1991.687522291, 1.016379290,
1991.707954164, 1.018001131,
1991.728386136, 1.014735358,
1991.748818108, 1.015909525,
1991.769250080, 1.017703474,
1991.789682051, 1.016061094,
1991.810114022, 1.015985382,
1991.830545992, 1.017315533,
1991.850977963, 1.017582021,
1991.871409933, 1.015366897,
1991.891841902, 1.015517299,
1991.912273871, 1.017128705,
1991.932705840, 1.015102487,
1991.953137809, 1.015568294,
1991.973569777, 1.016155388,
1991.994001844, 1.016614822,
1992.014433712, 1.014915843,
1992.075729612, 1.017385958,
1992.096161678, 1.015841555,
1992.116593644, 1.017243176,
1992.137025509, 1.016633566,
1992.157457574, 1.016151474,
1992.177889539, 1.017649113,
1992.198321404, 1.015339944,
1992.218753467, 1.018112425,
1992.239185431, 1.016350404,
1992.259617294, 1.014275907,
1992.300481320, 1.016190290,
1992.320913282, 1.016288868,
1992.341345244, 1.016797902,
1992.361777206, 1.016186135,
1992.382209167, 1.015701427,
1992.402641128, 1.014956649,
1992.423073088, 1.016449057,
1992.443505148, 1.017678627,
1992.463937108, 1.016404678,
1992.484368968, 1.017662120,
1992.504801027, 1.015411125,
1992.525232886, 1.016967712,
1992.545664844, 1.016056316,
1992.566096902, 1.016572062,
1992.586528760, 1.014054879,
1992.606960717, 1.016722950,
1992.647824631, 1.015566713,
1992.668256588, 1.016177875,
1992.688688644, 1.015994187,
1992.709120499, 1.016017926,
1992.729552455, 1.016431495,
1992.749984510, 1.017864903,
1992.811280373, 1.016719153,
1992.831712327, 1.015699810,
1992.852144280, 1.015921129,
1992.872576233, 1.015113104,
1992.893008186, 1.016422626,
1992.913440138, 1.016396402,
1992.933872090, 1.016865043,
1992.954304042, 1.017356565,
1992.974736093, 1.016686024,
1992.995167944, 1.016481161,
1993.015599895, 1.015294755,
1993.036031945, 1.016851623,
1993.056463795, 1.015350511,
1993.076895744, 1.015539708,
1993.097327794, 1.015712932,
1993.117759643, 1.015826647,
1993.138191591, 1.017025600,
1993.158623639, 1.013734512,
1993.179055487, 1.015859501,
1993.199487435, 1.018257217,
1993.219919482, 1.015812027,
1993.240351329, 1.016987620,
1993.301647168, 1.015611900,
1993.322079213, 1.017588817,
1993.342511159, 1.015387687,
1993.362943003, 1.016194598,
1993.383375048, 1.015225483,
1993.403806992, 1.016917280,
1993.424238836, 1.016004035,
1993.444670880, 1.016323568,
1993.465102823, 1.015208434,
1993.485534666, 1.016872539,
1993.546830493, 1.016024736,
1993.567262534, 1.015398840,
1993.587694475, 1.017391593,
1993.608126316, 1.018185259,
1993.628558357, 1.017032939,
1993.648990297, 1.016150745,
1993.669422337, 1.017272147,
1993.689854176, 1.015437189,
1993.710286116, 1.017957137,
1993.730718154, 1.018558130,
1993.751149993, 1.017251343,
1993.771581931, 1.015865407,
1993.792013969, 1.015858434,
1993.812445907, 1.016231676,
1993.832877744, 1.015536909,
1993.853309781, 1.016952287,
1993.873741717, 1.016353287,
1993.894173554, 1.016346084,
1993.914605590, 1.016227273,
1993.935037525, 1.017266905,
1993.955469360, 1.015803556,
1993.975901395, 1.017174935,
1994.037197198, 1.015627202,
1994.057629032, 1.017769526,
1994.078061065, 1.014465734,
1994.118924830, 1.016460362,
1994.139356863, 1.015570883,
1994.159788795, 1.015978195,
1994.180220726, 1.014906061,
1994.200652658, 1.015712745,
1994.221084589, 1.016156631,
1994.282380380, 1.017186041,
1994.302812309, 1.015136302,
1994.323244239, 1.016190721,
1994.343676167, 1.015726837,
1994.364108096, 1.015812177,
1994.384540125, 1.016404620,
1994.404971953, 1.016804583,
1994.425403880, 1.015500804,
1994.445835908, 1.017296925,
1994.466267735, 1.017288897,
1994.486699761, 1.014911015,
1994.507131688, 1.016395075,
1994.527563514, 1.017870495,
1994.547995540, 1.016118601,
1994.568427465, 1.015732535,
1994.588859290, 1.016166385,
1994.609291315, 1.016993508,
1994.629723239, 1.014380650,
1994.691019011, 1.016511810,
1994.711450834, 1.016244729,
1994.772746602, 1.016658470,
1994.793178623, 1.017445320,
1994.813610545, 1.017863768,
1994.834042366, 1.017060106,
1994.854474387, 1.017360678,
1994.874906308, 1.017430677,
1994.895338328, 1.016965147,
1994.915770148, 1.017411663,
1994.936202068, 1.016078549,
1994.956634087, 1.017342396,
1995.017929843, 1.017190388,
1995.038361661, 1.017531806,
1995.058793579, 1.015770282,
1995.079225596, 1.015694366,
1995.099657413, 1.018081948,
1995.120089330, 1.016647747,
1995.140521346, 1.016002265,
1995.160953162, 1.015045092,
1995.181385078, 1.014597393,
1995.201817093, 1.016816720,
1995.263112838, 1.015006431,
1995.283544752, 1.015021765,
1995.303976666, 1.015434899,
1995.324408579, 1.018491119,
1995.344840493, 1.016702703,
1995.365272406, 1.014355142,
1995.385704318, 1.015774753,
1995.406136231, 1.015439370,
1995.426568143, 1.016920380,
1995.447000054, 1.014149686,
1995.467431966, 1.015844690,
1995.487863877, 1.016785297,
1995.508295787, 1.017444412,
1995.528727598, 1.016023493,
1995.549159608, 1.015462770,
1995.569591518, 1.017555568,
1995.590023427, 1.015753317,
1995.610455336, 1.013257110,
1995.630887245, 1.016340664,
1995.651319154, 1.016973133,
1995.671751062, 1.014604043,
1995.692182970, 1.015436845,
1995.753478691, 1.015177445,
1995.773910698, 1.015448382,
1995.794342604, 1.014340568,
1995.814774410, 1.016121387,
1995.835206416, 1.015829556,
1995.855638321, 1.015007101,
1995.876070126, 1.014641667,
1995.896502131, 1.015201566,
1995.916934036, 1.014442048,
1995.937365840, 1.014769555,
1995.998661550, 1.015779731,
1996.019093553, 1.016821379,
1996.039525455, 1.015315810,
1996.059957358, 1.015006480,
1996.080389260, 1.015944526,
1996.100821161, 1.016031703,
1996.121253063, 1.017704294,
1996.141684964, 1.014311085,
1996.162116864, 1.016398107,
1996.182548765, 1.015744124,
1996.202980665, 1.016132064,
1996.223412565, 1.013986409,
1996.243844564, 1.016025455,
1996.264276363, 1.015952443,
1996.284708262, 1.014094452,
1996.305140261, 1.014411830,
1996.325572059, 1.015571544,
1996.346003957, 1.014593374,
1996.366435954, 1.020356763,
1996.386867752, 1.015734510,
1996.407299649, 1.015108293,
1996.427731645, 1.014089257,
1996.489027334, 1.014000336,
1996.509459129, 1.014861732,
1996.529891124, 1.015501959,
1996.550323019, 1.015495322,
1996.570754914, 1.013969078,
1996.591186808, 1.014321624,
1996.611618702, 1.014600476,
1996.632050595, 1.014880271,
1996.652482489, 1.016542616,
1996.672914382, 1.013305357,
1996.734210059, 1.014559990,
1996.775073942, 1.015416444,
1996.795505734, 1.015516940,
1996.815937624, 1.015879302,
1996.836369615, 1.015548542,
1996.856801405, 1.015000811,
1996.877233295, 1.015300605,
1996.897665185, 1.013788136,
1996.918097074, 1.015076401,
1996.979392741, 1.015023252,
1996.999824729, 1.015146537,
1997.020256517, 1.014180131,
1997.040688404, 1.014251308,
1997.061120392, 1.014873127,
1997.101984065, 1.015813744,
1997.122416052, 1.017683911,
1997.142847937, 1.014980115,
1997.163279723, 1.013435986,
1997.224575379, 1.013808799,
1997.245007363, 1.014559911,
1997.265439247, 1.013979616,
1997.285871032, 1.014323780,
1997.306303015, 1.014142177,
1997.326734899, 1.016354889,
1997.347166882, 1.013631509,
1997.367598664, 1.015045038,
1997.388030547, 1.014737329,
1997.408462529, 1.012281732,
1997.428894311, 1.014055158,
1997.449326192, 1.013532490,
1997.469758174, 1.016185163,
1997.490189955, 1.014250466,
1997.510621835, 1.015684033,
1997.531053816, 1.012950962,
1997.551485696, 1.011920216,
1997.571917476, 1.014225130,
1997.612781234, 1.015100564,
1997.633213113, 1.013721934,
1997.653645092, 1.014167553,
1997.714940726, 1.013718280,
1997.735372504, 1.013608413,
1997.755804481, 1.014966131,
1997.776236357, 1.014014565,
1997.796668134, 1.013839299,
1997.817100110, 1.013721495,
1997.837531986, 1.013871586,
1997.857963762, 1.014839756,
1997.878395737, 1.015519767,
1997.898827612, 1.012419231,
1997.960123236, 1.014664167,
1997.980555110, 1.013900011,
1998.000986983, 1.014149666,
1998.021418857, 1.015555377,
1998.041850730, 1.013304612,
1998.062282702, 1.014285004,
1998.082714475, 1.016231001,
1998.103146447, 1.014122104,
1998.123578319, 1.013800448,
1998.144010090, 1.014387655,
1998.164442062, 1.014793044,
1998.184873933, 1.011959656,
1998.205305703, 1.014634138,
1998.225737674, 1.016144724,
1998.246169544, 1.011849511,
1998.266601314, 1.013818517,
1998.287033283, 1.013909589,
1998.307465153, 1.014688253,
1998.348328890, 1.012403351,
1998.368760659, 1.012969117,
1998.389192627, 1.013414558,
1998.450488129, 1.011809673,
1998.470920096, 1.013847603,
1998.491351963, 1.011973345,
1998.511783829, 1.013081481,
1998.532215695, 1.013169416,
1998.552647561, 1.013413893,
1998.573079527, 1.014039578,
1998.593511292, 1.012922839,
1998.613943157, 1.013417440,
1998.634375121, 1.011409655,
1998.695670714, 1.013840402,
1998.716102477, 1.011207655,
1998.736534340, 1.014183397,
1998.756966303, 1.013572721,
1998.777398066, 1.012297089,
1998.797829928, 1.014979490,
1998.818261890, 1.014403343,
1998.838693652, 1.012988074,
1998.859125514, 1.012713538,
1998.879557475, 1.031830614,
1998.899989336, 1.012489803,
1998.920421196, 1.016083238,
1998.940853057, 1.012240408,
1998.961284917, 1.013850644,
1998.981716777, 1.013235368,
1999.002148636, 1.013060559,
1999.022580495, 1.013287516,
1999.043012454, 1.014135143,
1999.063444213, 1.014101619,
1999.083876071, 1.012434073,
1999.104307930, 1.013599406,
1999.124739787, 1.012767867,
1999.186035359, 1.013018060,
1999.206467116, 1.012492240,
1999.226899072, 1.012944472,
1999.247330929, 1.013757874,
1999.267762884, 1.012142408,
1999.288194640, 1.013976332,
1999.308626495, 1.014752028,
1999.329058450, 1.012321739,
1999.349490205, 1.013134194,
1999.369922059, 1.011971042,
1999.390354014, 1.013199425,
1999.431217621, 1.012089411,
1999.451649574, 1.011567831,
1999.472081427, 1.013366926,
1999.492513180, 1.013849610,
1999.512945133, 1.011459671,
1999.533376985, 1.013732285,
1999.553808737, 1.011538698,
1999.574240689, 1.009978916,
1999.594672540, 1.011606139,
1999.615104291, 1.013003478,
1999.676400043, 1.012632165,
1999.696831793, 1.013258028,
1999.717263643, 1.011091760,
1999.737695592, 1.011360083,
1999.758127341, 1.013566032,
1999.778559190, 1.012841190,
1999.798991139, 1.013070950,
1999.819422887, 1.012427635,
1999.839854735, 1.012463074,
1999.860286583, 1.011812010,
1999.921582125, 1.012662289,
1999.942013972, 1.012971967,
1999.962445818, 1.012355528,
1999.982877764, 1.012607550,
2000.003309510, 1.012873575,
2000.023741456, 1.012243449,
2000.044173301, 1.012190246,
2000.064605046, 1.012344120,
2000.085036991, 1.010689139,
2000.105468836, 1.011933370,
2000.125900580, 1.012091734,
2000.146332524, 1.012885207,
2000.166764367, 1.011447425,
2000.187196111, 1.013223376,
2000.207628054, 1.012134299,
2000.228059897, 1.011022503,
2000.248491740, 1.013258699,
2000.268923582, 1.011672145,
2000.289355424, 1.011214703,
2000.309787266, 1.012302516,
2000.330219108, 1.012555599,
2000.350650949, 1.015037959,
2000.411946471, 1.010976475,
2000.432378411, 1.013075964,
2000.452810251, 1.011640950,
2000.493673930, 1.012224499,
2000.514105769, 1.011910277,
2000.534537508, 1.010640047,
2000.554969447, 1.012469312,
2000.575401285, 1.011879029,
2000.595833023, 1.011989452,
2000.657128536, 1.013591100,
2000.677560473, 1.013394541,
2000.697992209, 1.011919772,
2000.718424046, 1.014527964,
2000.738855982, 1.013534496,
2000.759287718, 1.013301128,
2000.779719654, 1.011767757,
2000.800151489, 1.013393833,
2000.820583324, 1.009872252,
2000.841015159, 1.012128265,
2000.861446993, 1.011710815,
2000.881878828, 1.010780229,
2000.902310662, 1.013225731,
2000.922742496, 1.011851444,
2000.963606262, 1.011672003,
2000.984037995, 1.012333587,
2001.004469828, 1.011662268,
2001.024901761, 1.013052820,
2001.045333493, 1.011861067,
2001.065765325, 1.011203660,
2001.086197257, 1.012195771,
2001.147492750, 1.012780003,
2001.167924481, 1.011728654,
2001.188356411, 1.011402891,
2001.208788241, 1.012709086,
2001.229220071, 1.012180090,
2001.249651901, 1.012303000,
2001.270083630, 1.016903285,
2001.290515559, 1.010656464,
2001.310947388, 1.011312190,
2001.331379216, 1.012272898,
2001.351810945, 1.011198446,
2001.372242873, 1.012399653,
2001.392674700, 1.012987719,
2001.413106428, 1.011990956,
2001.433538355, 1.012622032,
2001.453970182, 1.010423479,
2001.474401909, 1.012349804,
2001.494833835, 1.012399348,
2001.515265662, 1.011919766,
2001.535697587, 1.011289122,
2001.556129313, 1.008629089,
2001.576561139, 1.010696254,
2001.637856613, 1.012964108,
2001.658288538, 1.012435858,
2001.678720262, 1.008156015,
2001.699152086, 1.009928033,
2001.719584009, 1.009320088,
2001.740015733, 1.011119186,
2001.760447556, 1.012196913,
2001.780879479, 1.009967180,
2001.801311301, 1.011644074,
2001.821743024, 1.012810210,
2001.842174946, 1.012023909,
2001.862606768, 1.010985176,
2001.883038689, 1.010309661,
2001.903470410, 1.011226197,
2001.923902232, 1.010633362,
2001.944334152, 1.010775913,
2001.964765873, 1.010463589,
2001.985197693, 1.011931633,
2002.005629513, 1.011930277,
2002.026061333, 1.009779283,
2002.046493153, 1.012960777,
2002.066924972, 1.011335241,
2002.128220428, 1.011054092,
2002.169084065, 1.011106953,
2002.209947700, 1.012120100,
2002.230379617, 1.011264003,
2002.250811334, 1.014009604,
2002.271243151, 1.010132347,
2002.291675067, 1.011591196,
2002.312106884, 1.011309795,
2002.332538600, 1.010882437,
2002.352970516, 1.009663512,
2002.373402331, 1.011782387,
2002.393834046, 1.010185989,
2002.414265961, 1.011240486,
2002.434697776, 1.012156387,
2002.455129490, 1.011030995,
2002.475561405, 1.009595702,
2002.495993219, 1.013625674,
2002.516424933, 1.009734845,
2002.536856846, 1.010870766,
2002.557288659, 1.010778395,
2002.639016010, 1.010133578,
2002.659447722, 1.010974366,
2002.679879534, 1.011124925,
2002.700311445, 1.009569274,
2002.720743156, 1.011599787,
2002.741174967, 1.010469596,
2002.761606778, 1.011103695,
2002.782038589, 1.009000317,
2002.802470399, 1.011467880,
2002.822902309, 1.010912296,
2002.843334019, 1.010633219,
2002.863765829, 1.010765286,
2002.884197738, 1.011732904,
2002.904629447, 1.012035355,
2002.925061256, 1.011616667,
2002.945493164, 1.010982156,
2002.965924873, 1.011092013,
2002.986356781, 1.010448618,
2003.006788589, 1.010806172,
2003.027220296, 1.011366561,
2003.047652203, 1.009928236,
2003.108947624, 1.011913210,
2003.129379430, 1.009798527,
2003.149811236, 1.009835988,
2003.170243042, 1.009386860,
2003.190674848, 1.011175708,
2003.211106653, 1.009589864,
2003.231538459, 1.009864931,
2003.251970264, 1.010461371,
2003.272402068, 1.009136700,
2003.292833973, 1.010554640,
2003.313265677, 1.009054849,
2003.333697581, 1.008964531,
2003.354129384, 1.009273048,
2003.374561088, 1.010534014,
2003.394992991, 1.009799552,
2003.415424794, 1.009968039,
2003.435856497, 1.009518342,
2003.456288400, 1.009766078,
2003.476720102, 1.010605002,
2003.497151904, 1.010070196,
2003.517583806, 1.009047989,
2003.538015507, 1.010103892,
2003.599310910, 1.010562652,
2003.619742711, 1.010302518,
2003.640174611, 1.011540020,
2003.660606411, 1.011344585,
2003.681038211, 1.011650906,
2003.701470011, 1.009026203,
2003.721901810, 1.010947773,
2003.742333609, 1.011536976,
2003.762765408, 1.009681375,
2003.783197207, 1.010348116,
2003.803629105, 1.008943083,
2003.824060804, 1.008578546,
2003.844492602, 1.009004275,
2003.864924499, 1.011170477,
2003.885356197, 1.009935765,
2003.905787994, 1.010440129,
2003.926219891, 1.009450410,
2003.946651588, 1.009882969,
2003.967083385, 1.012271120,
2003.987515281, 1.010871127,
2004.007946977, 1.009698154,
2004.028378873, 1.012243770,
2004.089674259, 1.010063766,
2004.110106054, 1.009065905,
2004.130537849, 1.010046608,
2004.150969643, 1.011190710,
2004.171401437, 1.011817408,
2004.191833231, 1.009744915,
2004.212265025, 1.009499149,
2004.232696819, 1.009251556,
2004.253128512, 1.011036419,
2004.273560405, 1.008413960,
2004.293992198, 1.008060927,
2004.314423890, 1.010074732,
2004.334855783, 1.008924123,
2004.355287575, 1.010869949,
2004.375719467, 1.009559322,
2004.396151159, 1.009033851,
2004.416582950, 1.008824158,
2004.437014841, 1.010358336,
2004.457446532, 1.010339755,
2004.477878323, 1.010245622,
2004.498310213, 1.010871594,
2004.518741904, 1.011158984,
2004.580037273, 1.009462637,
2004.620900952, 1.009900019,
2004.641332741, 1.009220670,
2004.661764429, 1.010680935,
2004.682196318, 1.011721478,
2004.702628106, 1.007577555,
2004.723059894, 1.008734229,
2004.743491682, 1.009987199,
2004.763923469, 1.008462542,
2004.825218831, 1.007998055,
2004.845650617, 1.010609012,
2004.866082404, 1.009011434,
2004.886514190, 1.009763265,
2004.906945976, 1.009571764,
2004.927377762, 1.010995500,
2004.947809547, 1.010218102,
2004.968241332, 1.008194431,
2004.988673117, 1.008509452,
2005.009104902, 1.008577564,
2005.029536687, 1.010297932,
2005.049968471, 1.010588421,
2005.070400355, 1.009938869,
2005.090832039, 1.007997100,
2005.111263823, 1.011029121,
2005.131695706, 1.009667009,
2005.152127490, 1.008359082,
2005.172559173, 1.009273186,
2005.213422838, 1.007354882,
2005.233854521, 1.009937627,
2005.254286403, 1.008394001,
2005.295149866, 1.008418120,
2005.315581748, 1.008938357,
2005.336013529, 1.009064603,
2005.356445210, 1.009988532,
2005.376877091, 1.010760813,
2005.397308871, 1.008027921,
2005.417740752, 1.008386526,
2005.438172432, 1.009194566,
2005.458604212, 1.007909098,
2005.479036092, 1.009686108,
2005.499467771, 1.008085307,
2005.519899550, 1.008084671,
2005.540331429, 1.008705731,
2005.560763108, 1.009369096,
2005.581194887, 1.008068165,
2005.601626765, 1.007912729,
2005.622058443, 1.010083523,
2005.642490221, 1.007767374,
2005.662921999, 1.010175980,
2005.683353776, 1.008335025,
2005.703785554, 1.008970890,
2005.724217431, 1.008056394,
2005.744649108, 1.008988431,
2005.805944437, 1.008653231,
2005.826376313, 1.006432394,
2005.846808089, 1.009387018,
2005.867239764, 1.008340562,
2005.887671640, 1.009592882,
2005.908103415, 1.010379855,
2005.928535090, 1.009413930,
2005.948966965, 1.009095047,
2005.969398739, 1.008885156,
2005.989830513, 1.008550762,
2006.010262287, 1.008240595,
2006.030694061, 1.009064012,
2006.051125835, 1.008611196,
2006.071557608, 1.008677178,
2006.091989381, 1.009960930,
2006.112421254, 1.007236075,
2006.132852927, 1.008350142,
2006.153284700, 1.007010722,
2006.173716572, 1.006816838,
2006.194148344, 1.008565479,
2006.214580016, 1.010472189,
2006.235011888, 1.007086751,
2006.255443659, 1.006535683,
2006.275875330, 1.007758557,
2006.296307201, 1.008417491,
2006.316738972, 1.008228262,
2006.357602513, 1.009527461,
2006.378034184, 1.008953681,
2006.398465954, 1.006967813,
2006.439329493, 1.006554209,
2006.459761362, 1.008602049,
2006.480193131, 1.008758550,
2006.541488438, 1.006940742,
2006.561920206, 1.009597495,
2006.582351974, 1.008984166,
2006.602783742, 1.009757491,
2006.623215510, 1.008580973,
2006.643647377, 1.008825692,
2006.664079044, 1.008339242,
2006.684510811, 1.008480823,
2006.704942678, 1.008907111,
2006.725374345, 1.006845138,
2006.745806111, 1.009401349,
2006.766237977, 1.009550016,
2006.786669644, 1.006977655,
2006.807101509, 1.006516550,
2006.827533275, 1.007833742,
2006.847964940, 1.010067065,
2006.868396805, 1.009265887,
2006.888828570, 1.008158850,
2006.909260235, 1.007260991,
2006.929692100, 1.007869121,
2006.950123864, 1.009003615,
2006.970555528, 1.008704772,
2007.031850919, 1.008348299,
2007.052282683, 1.008229759,
2007.072714446, 1.007206524,
2007.093146209, 1.006471983,
2007.113577971, 1.008718157,
2007.134009734, 1.007848627,
2007.154441496, 1.007280720,
2007.174873258, 1.007515767,
2007.195305020, 1.008000889,
2007.215736882, 1.008451760,
2007.236168543, 1.006096909,
2007.256600305, 1.007774257,
2007.277032166, 1.007835435,
2007.297463827, 1.008258067,
2007.317895587, 1.007415317,
2007.338327448, 1.006635951,
2007.358759108, 1.010903054,
2007.379190868, 1.007245912,
2007.399622728, 1.007751670,
2007.420054388, 1.007784442,
2007.440486247, 1.006531913,
2007.460918006, 1.007660841,
2007.522213283, 1.007587685,
2007.542645042, 1.007311430,
2007.563076800, 1.007021529,
2007.583508558, 1.008260561,
2007.603940316, 1.007515863,
2007.624372173, 1.007730891,
2007.644803831, 1.007343136,
2007.665235588, 1.007279372,
2007.685667445, 1.007727664,
2007.706099102, 1.005851249,
2007.726530859, 1.007225240,
2007.746962615, 1.006500141,
2007.767394372, 1.006623822,
2007.787826228, 1.008982883,
2007.808257984, 1.007631371,
2007.828689639, 1.007059082,
2007.849121495, 1.008515674,
2007.869553150, 1.009411584,
2007.889984905, 1.008741122,
2007.910416760, 1.007998127,
2007.930848415, 1.007404620,
2007.951280169, 1.006852528,
2007.971712023, 1.006529304,
2007.992143678, 1.009560251,
2008.012575431, 1.006577750,
2008.033007285, 1.005699555,
2008.053439039, 1.008206943,
2008.073870692, 1.007282381,
2008.094302545, 1.006561872,
2008.114734298, 1.007262368,
2008.135166051, 1.007990294,
2008.155597804, 1.008178212,
2008.176029556, 1.008461895,
2008.196461408, 1.006240801,
2008.257756663, 1.009132353,
2008.278188315, 1.009227713,
2008.298620066, 1.010679896,
2008.319051917, 1.005162404,
2008.339483568, 1.007544213,
2008.359915318, 1.007494645,
2008.380347169, 1.007183715,
2008.400778819, 1.008081266,
2008.421210569, 1.006850968,
2008.441642419, 1.008737180,
2008.523369416, 1.007223857,
2008.543801165, 1.007080237,
2008.564232914, 1.007759508,
2008.584664563, 1.007668423,
2008.605096411, 1.007183421,
2008.625528159, 1.008485960,
2008.645959807, 1.007340496,
2008.666391655, 1.008090770,
2008.686823402, 1.007224960,
2008.707255050, 1.005645912,
2008.727686897, 1.007510926,
2008.748118644, 1.005283216,
2008.768550491, 1.006809075,
2008.788982137, 1.006768319,
2008.809413884, 1.007892100,
2008.829845730, 1.006769068,
2008.850277376, 1.004910150,
2008.870709122, 1.007050751,
2008.891140968, 1.007336735,
2008.911572613, 1.006465584,
2008.932004358, 1.007147513,
2008.952436204, 1.007938415,
2008.972867849, 1.007065446,
2008.993299593, 1.004158725,
2009.013731438, 1.007487966,
2009.034163182, 1.005689813,
2009.054594827, 1.004990625,
2009.075026670, 1.006799329,
2009.095458414, 1.007115051,
2009.115890158, 1.007243718,
2009.136321901, 1.005269777,
2009.156753645, 1.004767827,
2009.177185488, 1.006776323,
2009.238480616, 1.006498972,
2009.258912358, 1.006506809,
2009.279344001, 1.005878390,
2009.299775843, 1.005390819,
2009.320207584, 1.006303091,
2009.340639226, 1.005078261,
2009.361071067, 1.004671917,
2009.381502809, 1.007142312,
2009.401934650, 1.006842163,
2009.422366291, 1.006583677,
2009.442798032, 1.005394113,
2009.463229872, 1.005774322,
2009.483661512, 1.005422766,
2009.504093253, 1.007522246,
2009.524525093, 1.006080344,
2009.544956833, 1.005527410,
2009.565388472, 1.007677596,
2009.585820311, 1.005207045,
2009.606252051, 1.005185511,
2009.626683690, 1.007264804,
2009.647115529, 1.007613680,
2009.667547268, 1.005806765,
2009.687978906, 1.006031161,
2009.708410744, 1.007629096,
2009.728842483, 1.005461182,
2009.749274321, 1.006973445,
2009.769705959, 1.006304334,
2009.790137696, 1.005806508,
2009.810569534, 1.006456009,
2009.831001171, 1.006975218,
2009.851432908, 1.003570180,
2009.871864645, 1.008030148,
2009.892296382, 1.004814542,
2009.912728118, 1.007826543,
2009.974023327, 1.005208357,
2009.994455063, 1.005759887,
2010.014886799, 1.005385146,
2010.035318534, 1.004203525,
2010.055750270, 1.005795850,
2010.076182005, 1.005312926,
2010.096613840, 1.004668844,
2010.117045575, 1.005511159,
2010.137477210, 1.004755687,
2010.157909044, 1.007035950,
2010.178340778, 1.004851680,
2010.198772413, 1.005509085,
2010.219204246, 1.004371052,
2010.239635980, 1.005644859,
2010.260067614, 1.005642253,
2010.280499447, 1.004362120,
2010.300931181, 1.005548294,
2010.321362814, 1.006331562,
2010.341794647, 1.005823964,
2010.362226379, 1.006128208,
2010.382658212, 1.004941597,
2010.403089844, 1.006168496,
2010.464385041, 1.005104259,
2010.484816772, 1.006854345,
2010.505248604, 1.006097760,
2010.525680335, 1.006521514,
2010.546111967, 1.005714750,
2010.586975528, 1.004861148,
2010.627838990, 1.003689001,
2010.648270720, 1.005262182,
2010.668702350, 1.004326642,
2010.689134180, 1.005706957,
2010.709565810, 1.005425943,
2010.729997640, 1.007213499,
2010.750429369, 1.003432541,
2010.770860999, 1.004787231,
2010.791292828, 1.006008912,
2010.811724557, 1.004952639,
2010.832156186, 1.005655607,
2010.852588014, 1.005830047,
2010.873019743, 1.004270070,
2010.893451371, 1.004683781,
2010.913883199, 1.004858142,
2010.934314927, 1.005962867,
2010.954746655, 1.004773047,
2010.975178383, 1.007289665,
2010.995610111, 1.003839636,
2011.016041938, 1.003518997,
2011.036473665, 1.006336812,
2011.056905292, 1.005764047,
2011.077337119, 1.003246371,
2011.097768846, 1.003409580,
2011.118200472, 1.004739673,
2011.138632299, 1.004182641,
2011.179495651, 1.004864604,
2011.199927477, 1.003828932,
2011.220359202, 1.003821209,
2011.240790828, 1.003499478,
2011.261222653, 1.003166713,
2011.281654379, 1.005349551,
2011.302086004, 1.004024554,
2011.322517828, 1.004754845,
2011.342949553, 1.002805930,
2011.363381278, 1.004638980,
2011.383813002, 1.005207378,
2011.445108174, 1.005640361,
2011.465539898, 1.005175687,
2011.485971622, 1.005358713,
2011.506403345, 1.003601049,
2011.526835069, 1.005389471,
2011.547266891, 1.005027097,
2011.567698514, 1.004818022,
2011.588130237, 1.004775018,
2011.608562060, 1.006181225,
2011.628993682, 1.002121298,
2011.649425505, 1.004530575,
2011.669857227, 1.003284478,
2011.690288849, 1.002774473,
2011.710720671, 1.004272082,
2011.731152392, 1.003047612,
2011.751584014, 1.005206879,
2011.772015835, 1.003344852,
2011.792447556, 1.002653443,
2011.812879178, 1.003159065,
2011.833310998, 1.003765751,
2011.853742719, 1.003850687,
2011.894606160, 1.003858304,
2011.915037880, 1.003181905,
2011.935469700, 1.003762060,
2011.955901320, 1.003881550,
2011.976333040, 1.002330059,
2011.996764860, 1.005737111,
2012.017196579, 1.003476629,
2012.037628198, 1.004705295,
2012.058060018, 1.002768140,
2012.078491637, 1.004522963,
2012.098923356, 1.002309360,
2012.119355174, 1.003107582,
2012.139786793, 1.001796370,
2012.160218511, 1.003313829,
2012.180650329, 1.004960915,
2012.201081948, 1.004956772,
2012.221513665, 1.004657497,
2012.241945483, 1.002360752,
2012.262377101, 1.002292766,
2012.282808918, 1.005439433,
2012.303240636, 1.001481396,
2012.323672253, 1.003060610,
2012.344104070, 1.001970767,
2012.364535786, 1.001893664,
2012.425830936, 1.003689590,
2012.446262652, 1.002379765,
2012.466694368, 1.004915849,
2012.487126084, 1.003947177,
2012.507557800, 1.000497269,
2012.527989516, 1.004029459,
2012.548421231, 1.003639052,
2012.568853047, 1.000537965,
2012.589284762, 1.001571141,
2012.609716377, 1.005213869,
2012.630148192, 1.002881033,
2012.650579906, 1.000533057,
2012.671011521, 1.000855388,
2012.691443336, 1.002670181,
2012.711875050, 1.003190803,
2012.732306664, 1.002019648,
2012.752738478, 1.003428706,
2012.773170192, 1.003459659,
2012.793601805, 1.002077789,
2012.814033619, 1.001299113,
2012.834465332, 1.004187778,
2012.854897046, 1.003218018,
2012.916192185, 1.002994759,
2012.936623897, 1.003646288,
2012.957055610, 1.003008707,
2012.977487322, 1.001948448,
2012.997919035, 1.000869905,
2013.018350747, 1.003743414,
2013.038782458, 1.002698220,
2013.059214170, 1.002902511,
2013.079645882, 1.002436597,
2013.100077693, 1.001570532,
2013.120509305, 1.000961315,
2013.140941116, 1.001073397,
2013.161372827, 1.002426163,
2013.181804438, 1.001902694,
2013.202236249, 1.002571305,
2013.222667959, 1.002488630,
2013.243099570, 1.002860621,
2013.263531380, 1.003720576,
2013.283963090, 1.001424521,
2013.304394700, 1.001712951,
2013.324826510, 1.002133303,
2013.345258220, 1.002083494,
2013.365689830, 1.001127853,
2013.386121639, 1.002004720,
2013.406553349, 1.000366804,
2013.426985058, 1.003251860,
2013.447416767, 1.002064868,
2013.467848476, 1.001898221,
2013.488280184, 1.001998288,
2013.508711893, 1.004316878,
2013.529143602, 1.001426328,
2013.549575310, 1.000744644,
2013.570007018, 1.003976441,
2013.590438726, 1.000996255,
2013.610870534, 1.002673269,
2013.631302142, 1.002062206,
2013.651733850, 1.001011921,
2013.672165657, 1.001581181,
2013.692597265, 0.999569200,
2013.713028972, 0.999967058,
2013.733460779, 1.000743611,
2013.753892386, 1.001996267,
2013.774324193, 1.000489887,
2013.794755899, 1.001697819,
2013.815187506, 1.000125314,
2013.835619312, 1.001898369,
2013.896914431, 0.998975403,
2013.917346137, 1.000330590,
2013.937777842, 1.001434870,
2013.958209548, 0.999910817,
2013.978641253, 1.001759938,
2013.999072959, 1.001365883,
2014.019504664, 1.001622493,
2014.039936369, 1.001894534,
2014.060368174, 1.000540274,
2014.080799879, 1.001537617,
2014.101231483, 0.999837025,
2014.121663288, 0.999867143,
2014.142094992, 1.001836887,
2014.162526596, 1.001046540,
2014.182958401, 0.999967721,
2014.203390105, 1.000761643,
2014.223821708, 0.999186437,
2014.244253512, 1.000516153,
2014.264685116, 1.000836107,
2014.285116819, 1.001237494,
2014.305548622, 0.999535399,
2014.325980225, 0.999704703,
2014.346412029, 1.000592667,
2014.366843731, 1.001165540,
2014.387275334, 1.002550646,
2014.407707137, 1.000565056,
2014.428138839, 1.001647029,
2014.448570542, 1.002071499,
2014.469002244, 1.000598984,
2014.489433946, 1.001324042,
2014.509865648, 1.000353804,
2014.530297350, 0.999571473,
2014.550729052, 0.999483431,
2014.571160753, 1.000037064,
2014.591592555, 0.999677691,
2014.612024156, 0.998317682,
2014.632455957, 1.000899509,
2014.652887658, 0.999830488,
2014.673319259, 0.999356421,
2014.693751060, 0.999350214,
2014.714182761, 0.998455005,
2014.734614361, 0.999250154,
2014.755046162, 1.000314912,
2014.775477862, 0.998970475,
2014.795909462, 1.000827863,
2014.816341262, 0.999438141,
2014.877636361, 0.996420262,
2014.898068061, 0.998835257,
2014.918499760, 0.999257060,
2014.938931460, 0.998049161,
2014.959363159, 0.998702333,
2014.979794858, 0.998493194,
2017.860663854, 1.000898573,
2017.881095637, 1.004583981,
2017.901527220, 1.003970776,
2017.921958903, 1.004796930,
2017.942390686, 1.002746693,
2017.962822269, 1.003051268,
2018.003685734, 1.003989853,
2018.024117317, 1.005608218,
2018.044548999, 1.000913291,
2018.064980781, 1.002734826,
2018.085412364, 1.003392162,
2018.105844146, 1.002330900,
2018.126275828, 1.000645361,
2018.146707510, 1.002442254,
2018.167139192, 1.003784035,
2018.187570873, 1.003775938,
2018.208002555, 1.004630553,
2018.228434237, 1.003068315,
2018.248865918, 1.001202556,
2018.269297599, 1.001980947,
2018.289729381, 1.001862769,
2018.310160962, 1.005260200,
2018.330592643, 1.003727540,
2018.351024424, 1.002998761,
2018.371456005, 1.001966951,
2018.391887786, 1.002822610,
2018.412319466, 1.001339353,
2018.432751047, 1.002378746,
2018.453182828, 1.003483974,
2018.473614508, 1.000089882,
2018.494046088, 1.003382653,
2018.514477869, 1.003177774,
2018.534909449, 1.003185167,
2018.555341129, 1.003235542,
2018.575772909, 1.004014810,
2018.596204489, 1.003293937,
2018.616636268, 1.002219261,
2018.637067948, 1.003464388,
2018.657499628, 1.003162278,
2018.698362987, 1.004675887,
2018.718794666, 1.003496586,
2018.739226346, 1.004815377,
2018.800521483, 1.004525011,
2018.820953062, 1.002988405,
2018.841384841, 1.005284764,
2018.861816519, 1.001360755,
2018.882248098, 1.001985214,
2018.902679877, 1.004522346,
2018.923111555, 1.004156412,
2018.943543134, 1.003807946,
2018.963974912, 1.003137250,
2018.984406590, 1.004031224,
2019.004838168, 1.003832473,
2019.025269946, 1.003339335,
2019.045701624, 1.004041177,
2019.066133202, 1.002348110,
2019.086564980, 1.003285532,
2019.106996658, 1.001623267,
2019.127428336, 1.003859015,
2019.147860013, 1.003754504,
2019.168291691, 1.003602461,
2019.188723368, 1.003182100,
2019.209155045, 1.004050631,
2019.229586722, 1.002524729,
2019.250018400, 1.002929441,
2019.270450077, 1.004594920,
2019.290881754, 1.002978053,
2019.311313431, 1.003466539,
2019.331745107, 1.003901014,
2019.352176884, 1.003505779,
2019.372608561, 1.003220751,
2019.393040137, 1.004735868,
2019.413471914, 1.003175734,
2019.433903590, 1.002197900,
2019.454335166, 1.003466571,
2019.474766943, 1.003086598,
2019.495198619, 1.001245475,
2019.515630195, 1.003376420,
2019.536061971, 1.003198462,
2019.556493647, 1.004514135,
2019.576925223, 1.003227947,
2019.597356998, 1.003722752,
2019.617788674, 1.003753362,
2019.638220450, 1.003626865,
2019.658652025, 1.002752923,
2019.679083701, 1.002798474,
2019.699515476, 1.003111279,
2019.719947051, 1.001530325,
2019.781242177, 1.003554932,
2019.801673752, 1.003621821,
2019.822105527, 1.005560187,
2019.842537201, 1.002625322,
2019.862968876, 1.004251146,
2019.883400551, 1.005386811,
2019.903832125, 1.004776873,
2019.924263900, 1.003396977,
2019.944695574, 1.002097697,
2019.965127149, 1.004363527,
2019.985558923, 1.004160430,
2020.005990597, 1.003276158,
2020.026422171, 1.002432840,
2020.046853945, 1.004432044,
2020.067285619, 1.005066510,
2020.087717193, 1.003769656,
2020.108148967, 1.002843420,
2020.128580641, 1.002196521,
2020.149012415, 1.001295898,
2020.169443988, 1.003583441,
2020.189875662, 1.001772677,
2020.210307435, 1.002931498,
2020.230739009, 1.003625005,
2020.251170682, 1.003330491,
2020.271602455, 1.001614311,
2020.292034128, 1.003484634,
2020.312465701, 1.004541807,
2020.332897474, 1.002210410,
2020.353329147, 1.002701662,
2020.373760820, 1.001883654,
2020.394192493, 1.003468690,
2020.414624166, 1.003274248,
2020.435055938, 1.003330318,
2020.455487511, 1.003707426,
2020.475919183, 1.003514141,
2020.496350856, 1.000749221,
2020.516782528, 1.000949150,
2020.537214201, 1.004768419,
2020.557645873, 1.002135883,
2020.578077545, 1.004292307,
2020.598509217, 1.009755828,
2020.618940889, 1.002732475,
2020.639372561, 1.002557934,
2020.659804333, 1.003577160,
2020.680235905, 1.000241696,
2020.700667577, 1.003505003,
2020.721099348, 1.003167072,
2020.741530920, 1.002873320,
2020.761962592, 1.002551232,
2020.782394363, 1.002471284,
2020.802826034, 1.003483493,
2020.823257606, 1.003309397,
2020.843689377, 1.002709699,
2020.864121048, 1.003595402,
2020.884552719, 1.003146082,
2020.904984390, 1.003833834,
2020.925416061, 1.002233777,
2020.945847732, 1.001685627,
2020.986711074, 1.005442659,
2021.007142845, 1.002071384,
2021.027574416, 1.003203277,
2021.048006086, 1.002934861,
2021.068437857, 1.003397264,
2021.088869427, 1.001244884,
2021.109301098, 1.002284167,
2021.129732868, 1.000332772,
2021.150164438, 1.003729053,
2021.170596209, 1.003729146,
2021.191027879, 1.001564833,
2021.211459449, 1.003489752,
2021.231891219, 1.001761700,
2021.252322889, 1.000249418,
2021.272754459, 1.002814833,
2021.293186229, 1.003079427,
2021.313617798, 1.001998982,
2021.334049468, 1.003894421,
2021.354481238, 1.001454998,
2021.374912907, 1.002325154,
2021.395344577, 1.003713959,
2021.415776247, 1.002398552,
2021.436207916, 1.005101773,
2021.456639585, 1.002673633,
2021.477071255, 1.002065588,
2021.497502924, 1.001194224,
2021.517934693, 1.002424023,
2021.538366262, 1.003796491,
2021.558797931, 1.000625728,
2021.579229700, 1.002830021,
2021.599661269, 1.003488373,
2021.620093038, 1.002534823,
2021.640524707, 1.001556851,
2021.660956276, 1.002794184,
2021.681388044, 1.001853812,
2021.722251282, 1.003739199,
2021.742683050, 1.003036460,
2021.763114719, 1.004759192,
2021.783546287, 1.002695319,
2021.803978055, 1.002801013,
2021.824409724, 1.001095522,
2021.844841392, 1.002521859,
2021.865273060, 1.003291087,
2021.885704728, 1.002996795,
2021.906136396, 1.001398577,
2021.926568064, 1.002277217,
2021.946999732, 1.003034178,
2021.967431400, 1.004498948,
2021.987863068, 1.001076482,
2022.008294736, 1.003436573,
2022.028726504, 1.001608301,
2022.049158071, 1.002124207,
2022.069589739, 1.001228880,
2022.090021507, 1.000859975,
2022.110453074, 1.003165119,
2022.130884842, 1.001555488,
2022.151316509, 1.001674383,
2022.171748076, 1.000771531,
2022.192179844, 1.003603816,
2022.212611511, 1.001210908,
2022.233043078, 1.002856255,
2022.253474845, 1.003910229,
2022.273906512, 1.003053861,
2022.294338079, 1.001887606,
2022.314769846, 1.001472412,
2022.335201513, 1.002677695,
2022.355633280, 1.003181474,
2022.376064847, 1.000891291,
2022.396496514, 1.002228506,
2022.416928281, 1.001881032,
2022.478223281, 1.001423231,
2022.498654947, 1.000530683,
2022.519086513, 1.002636793,
2022.539518280, 1.004514690,
2022.559949946, 1.003664532,
2022.580381513, 0.999775943,
2022.600813279, 1.001472836,
2022.621244945, 1.000793503,
2022.641676611, 1.001724798,
2022.662108277, 1.000617467,
2022.682539844, 1.000862499,
2022.702971610, 1.001602583,
2022.723403276, 1.004221855,
2022.743834842, 1.006383286,
2022.764266607, 1.002957282,
2022.784698273, 0.999065692,
2022.805129839, 1.002578921,
2022.825561605, 1.001094975,
2022.845993270, 1.001661859,
2022.866425036, 1.000980946,
2022.886856602, 1.002096820,
2022.907288267, 1.001161475,
2022.927720033, 1.000548207,
2022.948151598, 1.000737338,
2022.968583264, 1.000013244,
2022.989015029, 1.001840892,
2023.009446694, 1.001135972,
2023.029878260, 1.002308932,
2023.070741690, 0.999852505,
2023.091173355, 1.001896039,
2023.111605021, 1.000788070,
2023.132036686, 1.000481796,
2023.152468451, 1.000137735,
2023.193331681, 0.999920150,
2023.213763445, 1.001346076,
2023.234195010, 1.000769592,
2023.254626675, 1.003572064,
2023.275058440, 1.001352537,
2023.295490005, 1.000390096,
2023.315921669, 1.001939074,
2023.336353434, 1.001184613,
2023.356784998, 1.002201448,
2023.397648328, 1.001412581,
2023.438511757, 1.000547296,
2023.458943321, 1.001653669,
2023.479374985, 1.000847507,
2023.499806750, 1.001319888,
2023.520238414, 1.000833970,
2023.540669978, 0.999634170,
2023.561101743, 1.002156019,
2023.581533407, 1.000644420,
2023.601965071, 1.000830468,
2023.622396735, 1.001379058,
2023.642828399, 1.001925357,
2023.724555155, 0.998783326,
2023.744986719, 1.001835261,
2023.765418382, 0.999198866,
2023.785850146, 1.001470433,
2023.806281710, 1.000437112,
2023.826713474, 1.000508608,
2023.847145137, 0.999303179,
2023.867576701, 0.999506920,
2023.888008465, 0.999535195,
2023.908440128, 1.000368144,
2023.928871692, 1.000969810,
2023.949303455, 0.999229504,
2023.969735119, 1.001227670,
2023.990166782, 1.000882993,
2024.010598445, 1.000078763,
2024.031030109, 1.000266830,
2024.051461772, 1.000714236,
2024.071893435, 1.000382807,
2024.092325099, 0.998904607,
2024.112756762, 0.999880255,
2024.133188425, 1.003252978,
2024.174051751, 0.999050120,
2024.194483414, 0.997645060,
2024.214915077, 1.000253916,
2024.235346840, 1.000151073,
2024.255778403, 1.000085834,
2024.276210166, 1.000919396,
2024.296641829, 0.999518230,
2024.317073392, 1.000336802,
2024.337505155, 1.000045649,
2024.357936818, 0.999230361,
2024.378368380, 0.998800209,
2024.419231806, 0.999736199,
2024.439663369, 1.000089554,
2024.460095131, 1.000650466,
2024.480526794, 0.999772223,
2024.500958556, 1.000906035,
2024.521390119, 1.003025731,
2024.541821782, 0.997919501,
2024.562253544, 1.000196701,
2024.582685107, 0.999280282,
2024.603116769, 1.003429460,
2024.623548531, 1.000617185,
2024.664411756, 0.999158048,
2024.684843518, 1.000918833,
2024.705275181, 1.002268817,
2024.725706843, 1.000930257,
2024.746138505, 0.999055462,
2024.766570068, 0.998872275,
2024.787001830, 1.000417330,
2024.807433492, 0.999718382,
2024.827865054, 0.997380208,
2024.848296816, 1.000238123,
2024.868728478, 1.000491647,
2024.909591802, 1.000122588,
2024.930023464, 1.000203472,
2024.950455226, 0.999230768,
2024.970886788, 1.001251076,
2024.991318450, 0.999580251,
2025.011750212, 0.998694215,
2025.032181774, 0.998176029,
2025.052613436, 0.999866890,
2025.073045198, 1.001432602,
2025.093476760, 0.999304633,
2025.113908421, 0.998441202,
2025.154771845, 0.999896997,
2025.175203507, 0.999134951,
2025.195635168, 0.998685133,
2025.216066830, 0.999121676,
2025.236498492, 0.997083551,
2025.256930153, 0.999263843,
2025.277361815, 0.998598389,
2025.297793576, 0.997711755,
2025.318225138, 0.998848688,
2025.338656800, 1.000955124,
2025.359088561, 0.999680163,
2025.399951884, 0.999137263,
2025.420383446, 0.998161970,
2025.440815107, 0.998955647,
2025.461246868, 0.997965901,
2025.481678430, 0.998163854,
2025.502110091, 0.999119378,
2025.522541853, 0.999702926,
2025.542973414, 1.001031752,
2025.563405075, 0.997298553,
2025.583836837, 0.997168566,
2025.604268398, 1.001137766,
2025.685995143, 0.998572050,
2025.706426804, 0.998342351,
2025.726858465, 1.000116538,
2025.747290126, 0.999659703,
2025.767721787, 0.995342467,
2025.788153449, 0.998878147,
2025.808585110, 0.998659084,
2025.829016771, 0.998705341,
2025.849448532, 0.998915124,
2025.890311754, 0.998702683,
2025.910743515, 0.997407530,
2025.931175176, 0.998028381,
2025.951606737, 0.996409459,
2025.972038498, 1.000852743,
2025.992470159, 0.997251610,
2026.012901720, 0.998480015,
2026.033333481, 0.997122280,
2026.053765142, 1.000204557,
2026.074196803, 0.998330850,
2026.094628463, 0.996451796,
2026.155923446, 0.997937042,
2026.176355007, 0.999069319,
2026.196786768, 0.997872034,
2026.217218429, 0.997265408,
2026.237650089, 0.997385487,
2026.258081750, 0.996628391,
2026.278513411, 0.998795222,
2026.298945172, 0.997637933,
2026.319376732, 0.996715438,
2026.339808393, 1.000270641,
2026.401103375, 0.997661350,
2026.421535136, 0.998584098,
2026.441966797, 0.997914226,
2026.462398357, 0.998196469,
2026.482830118, 0.999060977,
2026.503261779, 0.998829551,
2026.523693539, 0.996603040,
2026.544125100, 0.997794619,
2026.564556761, 0.998519011,
2026.584988521, 0.996417433,
2026.605420082, 0.997897343,
2026.625851742, 0.997579514,
2026.646283503, 0.997075207,
2026.666715064, 0.997867688,
2026.687146724, 0.997600482,
2026.707578485, 0.998371235,
2026.728010045, 0.997687520,
2026.748441806, 0.996511776,
2026.768873466, 1.004714143,
2026.789305027, 1.000500209,
2026.809736787, 0.997878887,
2026.830168348, 0.997901903,
2026.871031769, 0.998240367,
2026.891463330, 0.998651022,
2026.911894990, 0.999528446,
2026.932326751, 0.999621275,
2026.952758411, 0.997997789,
2026.973190071, 0.999066701,
2026.993621732, 0.998739811,
2027.014053392, 0.997999557,
2027.034485153, 0.994918021,
2027.054916713, 1.000635664,
2027.075348374, 0.997763415,
2027.116211695, 0.998800572,
2027.136643355, 0.996367876,
2027.157075116, 0.997394326,
2027.177506676, 0.997982606,
2027.197938437, 0.998228091,
2027.218370097, 0.997273885,
2027.238801658, 0.997319412,
2027.259233418, 0.998903374,
2027.279665078, 0.998001145,
2027.300096639, 0.997245718,
2027.320528399, 0.998445185,
2027.381823381, 0.996420903,
2027.402255041, 0.997262420,
2027.422686801, 0.997029520,
2027.443118362, 0.996755874,
2027.463550022, 0.997780581,
2027.483981683, 0.997421250,
2027.504413443, 0.997710063,
2027.524845004, 0.997930852,
2027.545276764, 0.998501881,
2027.565708324, 0.998065856,
2027.627003306, 0.997662542,
2027.647435066, 0.997447558,
2027.667866727, 1.000327934,
2027.688298287, 0.996827049,
2027.708730048, 0.996607030,
2027.729161708, 0.997154676,
2027.749593268, 0.996847658,
2027.770025029, 0.999469109,
2027.790456689, 0.996164047,
2027.810888450, 0.996832979,
2027.872183431, 0.996810214,
2027.892614992, 0.996732857,
2027.913046652, 0.998677831,
2027.933478413, 0.995155885,
2027.953909973, 0.997888685,
2027.974341634, 0.998038733,
2027.994773394, 0.997632049,
2028.015205055, 0.997565151,
2028.035636715, 0.995566401,
2028.056068376, 0.996654202,
2028.076500036, 0.996111334,
2028.096931697, 0.998169554,
2028.178658339, 0.997140997,
2028.199090000, 0.997028250,
2028.219521660, 0.996492562,
2028.239953321, 0.997679749,
2028.260385081, 0.997025318,
2028.280816642, 0.994343811,
2028.301248302, 0.996814686,
2028.342111624, 0.995660562,
2028.362543284, 0.995834006,
2028.382975045, 0.995879807,
2028.403406606, 0.996203373,
2028.423838366, 0.996299433,
2028.444270027, 0.996345432,
2028.464701588, 0.997218480,
2028.485133348, 0.995362418,
2028.505565009, 0.995277386,
2028.525996570, 0.997416366,
2028.607723313, 0.997937369,
2028.628154974, 0.995621294,
2028.648586734, 0.996385335,
2028.669018295, 0.996851646,
2028.689449956, 0.995832154,
2028.709881717, 0.996772272,
2028.750744938, 0.994320864,
2028.771176699, 0.993544739,
2028.791608360, 0.997885271,
2028.852903343, 0.995303268,
2028.873335004, 0.995447536,
2028.893766665, 0.995132311,
2028.914198226, 0.995242025,
2028.934629987, 0.996360315,
2028.955061648, 0.996707809,
2028.975493209, 0.993618502,
2028.995924970, 0.996596597,
2029.016356631, 0.995710559,
2029.036788192, 0.995864408,
2029.057219953, 0.997100242,
2029.077651614, 0.996174634,
2029.118514936, 0.995726518,
2029.138946597, 0.993984536,
2029.159378358, 0.995439770,
2029.179809920, 0.997246978,
2029.200241581, 0.995545867,
2029.220673342, 0.995099731,
2029.241105003, 0.995581791,
2029.261536664, 0.995009417,
2029.281968326, 0.996075926,
2029.343263310, 0.996106269,
2029.363694971, 0.995548475,
2029.384126732, 0.993131961,
2029.404558294, 0.995602424,
2029.424989955, 0.994472393,
2029.445421716, 0.993247275,
2029.465853278, 0.996085348,
2029.486285039, 0.995417472,
2029.506716701, 0.994096713,
2029.527148262, 0.995394469,
2029.588443247, 0.994413405,
2029.608875008, 0.993423910,
2029.629306570, 0.994935008,
2029.649738232, 0.992573397,
2029.670169993, 0.993938598,
2029.690601555, 0.993634379,
2029.711033317, 0.994909619,
2029.731464978, 0.996529730,
2029.751896640, 0.993676313,
2029.772328302, 0.993499512,
2029.833623287, 0.994185146,
2029.854054949, 0.993840321,
2029.874486711, 0.995039941,
2029.894918373, 0.994501946,
2029.915349935, 0.994183667,
2029.935781697, 0.992469154,
2029.956213359, 0.993469519,
2029.976644921, 0.995946015,
2029.997076683, 0.992776958,
2030.017508345, 0.994621631,
2030.058371669, 0.993835231,
2030.078803331, 0.995744674,
2030.099235093, 0.993797147,
2030.119666656, 0.994556569,
2030.140098318, 0.992209674,
2030.160530080, 0.994070035,
2030.180961642, 0.992302737,
2030.201393305, 0.993057641,
2030.221824967, 0.992478911,
2030.242256629, 0.994127348,
2030.262688292, 0.992687953,
2030.283119954, 0.994424303,
2030.303551617, 0.991933290,
2030.323983379, 0.994577805,
2030.344414942, 0.992112186,
2030.364846604, 0.992783041,
2030.385278367, 0.992429819,
2030.405710029, 0.993763076,
2030.426141592, 0.993181846,
2030.446573354, 0.994032820,
2030.467005017, 0.991208352,
2030.487436680, 0.993027994,
2030.507868343, 0.998332697,
2030.548731668, 0.992194192,
2030.569163331, 0.993273246,
2030.589594994, 0.992278495,
2030.610026757, 0.993128649,
2030.630458320, 0.991983805,
2030.650889983, 0.993849871,
2030.671321746, 0.992310346,
2030.691753309, 0.993684682,
2030.712185072, 0.993296119,
2030.732616735, 0.992573974,
2030.753048298, 0.993648724,
2030.793911724, 0.992786529,
2030.814343288, 0.995354769,
2030.834775051, 0.993126320,
2030.855206714, 0.992718531,
2030.875638377, 0.992696814,
2030.896070041, 0.992338082,
2030.916501704, 0.992881305,
2030.936933368, 0.992124089,
2030.957365031, 0.990743284,
2030.977796695, 0.990648548,
2030.998228358, 0.991089556,
2031.059523449, 0.993473657,
2031.079955013, 0.992662486,
2031.100386776, 0.991792236,
2031.120818440, 0.991769855,
2031.141250004, 0.991421257,
2031.161681768, 0.992631715,
2031.182113432, 0.992258081,
2031.202544996, 0.991027091,
2031.222976760, 0.991826086,
2031.243408423, 0.988828298,
2031.284271752, 0.992351945,
2031.304703416, 0.990659405,
2031.325135180, 0.990912753,
2031.345566744, 0.993603863,
2031.365998408, 0.992650215,
2031.386430173, 0.991305212,
2031.406861737, 0.992306548,
2031.427293401, 0.991298120,
2031.447725166, 0.990107203,
2031.468156730, 0.991892115,
2031.488588494, 0.991211536,
2031.549883488, 0.991916990,
2031.570315153, 0.993547525,
2031.590746717, 0.990270145,
2031.611178482, 0.994322482,
2031.631610147, 0.992323267,
2031.652041712, 0.992016201,
2031.672473476, 0.990492660,
2031.692905141, 0.989622122,
2031.713336806, 0.993089585,
2031.733768471, 0.992585658,
2031.795063466, 0.991070459,
2031.815495132, 0.990098500,
2031.835926897, 0.990329772,
2031.856358462, 0.992681569,
2031.876790227, 0.992811556,
2031.897221893, 0.990530155,
2031.917653458, 0.989843900,
2031.938085223, 0.990577035,
2031.958516889, 0.992529177,
2031.978948454, 0.991719663,
2032.019811885, 0.989921604,
2032.040243551, 0.991983613,
2032.060675217, 0.993355052,
2032.101538648, 0.991706159,
2032.121970214, 0.990834700,
2032.162833646, 0.990845571,
2032.183265212, 0.990420392,
2032.203696878, 0.992691921,
2032.224128644, 0.989241669,
2032.285423642, 0.988644370,
2032.305855209, 0.990925281,
2032.326286975, 0.988962523,
2032.346718641, 0.992685299,
2032.367150208, 0.990320692,
2032.387581974, 0.990362145,
2032.408013641, 0.992792522,
2032.428445207, 0.991147393,
2032.448876974, 0.989670227,
2032.469308641, 0.992726388,
2032.489740407, 0.991057072,
2032.510171974, 0.990790139,
2032.530603641, 0.989637736,
2032.551035408, 0.991894743,
2032.571466975, 0.991602754,
2032.591898642, 0.992441639,
2032.612330409, 0.991711140,
2032.632761976, 0.991867912,
2032.653193743, 0.990337388,
2032.673625410, 0.990620990,
2032.694056977, 0.990516299,
2032.714488745, 0.991924435,
2032.755352079, 0.993574925,
2032.775783747, 0.991895669,
2032.796215414, 0.990654749,
2032.816647082, 0.988777047,
2032.837078749, 0.991279505,
2032.857510417, 0.990631607,
2032.877942085, 0.989544763,
2032.898373852, 0.991977316,
2032.918805420, 0.992230496,
2032.939237188, 0.990777832,
2032.959668756, 0.990953490,
2033.000532192, 0.989651531,
2033.020963760, 0.991570991,
2033.041395528, 0.989588761,
2033.061827197, 0.990988321,
2033.082258765, 0.988755019,
2033.102690533, 0.990836294,
2033.123122202, 0.992477250,
2033.143553770, 0.990000178,
2033.163985539, 0.989353795,
2033.184417207, 0.991182379,
2033.204848776, 0.990043228,
2033.245712213, 0.990325625,
2033.266143982, 0.991483971,
2033.286575551, 0.990285680,
2033.307007220, 0.991575291,
2033.327438989, 0.990262715,
2033.347870558, 0.991178626,
2033.368302227, 0.991260702,
2033.388733996, 0.991003383,
2033.409165665, 0.990453119,
2033.429597335, 0.991801050,
2033.450029004, 0.988658989,
2033.511324012, 0.990290624,
2033.531755682, 0.989558738,
2033.552187451, 0.991523323,
2033.572619021, 0.990963242,
2033.593050791, 0.993994104,
2033.613482361, 0.992183744,
2033.633914031, 0.988372210,
2033.654345801, 0.991905052,
2033.674777371, 0.992917718,
2033.695209041, 0.988269678,
2033.736072381, 0.990673761,
2033.756504051, 0.989986059,
2033.776935822, 0.989536744,
2033.797367392, 0.991388256,
2033.817799162, 0.992460008,
2033.838230833, 0.990401130,
2033.858662404, 0.989620025,
2033.879094174, 0.990039410,
2033.899525845, 0.990587901,
2033.919957516, 0.989592496,
2033.940389187, 0.991776140,
2033.981252628, 0.990943901,
2034.001684200, 0.990160290,
2034.022115871, 0.990431051,
2034.042547642, 0.991757051,
2034.062979313, 0.989875160,
2034.083410884, 0.991588516,
2034.103842656, 0.990611111,
2034.124274327, 0.989859687,
2034.144705899, 0.990846019,
2034.165137670, 0.989831956,
2034.185569342, 0.990182377,
2034.246864357, 0.990366354,
2034.267296029, 0.989702639,
2034.287727701, 0.989905241,
2034.308159373, 0.990095651,
2034.328591045, 0.990529104,
2034.349022718, 0.990544424,
2034.369454490, 0.989451280,
2034.389886062, 0.992029179,
2034.410317735, 0.989355171,
2034.430749507, 0.988525488,
2034.471612752, 0.989096098,
2034.492044525, 0.990881401,
2034.512476098, 0.989210930,
2034.532907771, 0.991418611,
2034.553339544, 0.991357535,
2034.573771117, 0.990978374,
2034.594202890, 0.989506941,
2034.614634563, 0.991057798,
2034.635066236, 0.991193197,
2034.655497909, 0.991540195,
2034.675929583, 0.991576143,
2034.737224603, 0.990250750,
2034.757656377, 0.989965279,
2034.778088050, 0.990300827,
2034.818951398, 0.990370904,
2034.839383072, 0.990705257,
2034.859814646, 0.990008034,
2034.880246420, 0.990077265,
2034.900678094, 0.991533815,
2034.921109668, 0.989607289,
2034.982404792, 0.990415439,
2035.002836466, 0.992604507,
2035.023268041, 0.991397141,
2035.043699815, 0.990229483,
2035.064131490, 0.993617838,
2035.084563065, 0.989672140,
2035.104994840, 0.992205926,
2035.125426515, 0.989672658,
2035.145858290, 0.992848304,
2035.166289865, 0.990942545,
2035.207153316, 0.990115834,
2035.227584891, 0.990036018,
2035.248016567, 0.989321785,
2035.268448342, 0.989431534,
2035.288880018, 0.989731894,
2035.309311694, 0.991879908,
2035.329743369, 0.989068358,
2035.350175045, 0.991241294,
2035.370606721, 0.992046218,
2035.391038397, 0.992103253,
2035.411470073, 0.991369308,
2035.472765102, 0.992310925,
2035.493196879, 0.989754963,
2035.513628455, 0.989160939,
2035.534060232, 0.990524822,
2035.554491908, 0.989687827,
2035.574923485, 0.990470281,
2035.595355262, 0.991290130,
2035.615786939, 0.990398253,
2035.636218516, 0.990980785,
2035.656650293, 0.989165679,
2035.717945325, 0.991644554,
2035.738376902, 0.990727887,
2035.758808680, 0.990456375,
2035.779240357, 0.989691640,
2035.799672035, 0.990750063,
2035.820103713, 0.991358275,
2035.840535390, 0.991131065,
2035.860967168, 0.989064426,
2035.881398746, 0.992453655,
2035.901830425, 0.990945296,
2035.963125459, 0.991102625,
2035.983557238, 0.990615397,
2036.003988916, 0.990266132,
2036.044852274, 0.990348925,
2036.065283952, 0.990379908,
2036.085715731, 0.989332353,
2036.106147310, 0.991718910,
2036.126578989, 0.990962877,
2036.147010768, 0.990248784,
2036.187874027, 0.991198158,
2036.208305806, 0.991837936,
2036.228737386, 0.991761749,
2036.249169165, 0.990438781,
2036.269600745, 0.990584825,
2036.290032425, 0.990183433,
2036.310464205, 0.991077383,
2036.330895885, 0.989727207,
2036.351327465, 0.991188105,
2036.371759245, 0.991198802,
2036.392190825, 0.989942553,
2036.453485866, 0.991236178,
2036.473917647, 0.991704196,
2036.494349327, 0.991389014,
2036.514781008, 0.991158331,
2036.535212689, 0.990624926,
2036.555644370, 0.989660417,
2036.576076051, 0.991274948,
2036.596507832, 0.991557286,
2036.616939413, 0.991462329,
2036.637371195, 0.990520742,
2036.698666239, 0.991942484,
2036.719097921, 0.991118787,
2036.739529502, 0.990843919,
2036.759961284, 0.990346657,
2036.780392966, 0.991324697,
2036.800824748, 0.989633599,
2036.821256330, 0.988848911,
2036.841688013, 0.991687997,
2036.862119795, 0.990769042,
2036.882551377, 0.989918745,
2036.943846425, 0.991325114,
2036.964278108, 0.990901131,
2036.984709891, 0.989760773,
2037.025573257, 0.992283222,
2037.046004840, 0.990528396,
2037.066436524, 0.989807398,
2037.086868307, 0.991424306,
2037.107299991, 0.991909183,
2037.127731574, 0.991192400,
2037.189026725, 0.990793647,
2037.209458409, 0.990804763,
2037.229890094, 0.990869715,
2037.250321778, 0.992674292,
2037.270753462, 0.991697599,
2037.291185146, 0.990827500,
2037.311616931, 0.990692483,
2037.332048515, 0.991252137,
2037.352480300, 0.991237490,
2037.372911985, 0.989282236,
2037.434207040, 0.990385764,
2037.454638625, 0.991463840,
2037.475070410, 0.992366813,
2037.495502096, 0.992626543,
2037.515933681, 0.990913841,
2037.536365467, 0.990002985,
2037.556797152, 0.990423605,
2037.577228938, 0.990520180,
2037.597660524, 0.990991077,
2037.618092210, 0.991083017,
2037.679387269, 0.990887080,
2037.699818955, 0.991700864,
2037.720250642, 0.990230047,
2037.740682428, 0.990544684,
2037.761114015, 0.990958900,
2037.781545702, 0.990771313,
2037.801977489, 0.991004010,
2037.822409176, 0.991288401,
2037.842840763, 0.994518679,
2037.863272550, 0.990235073,
2037.904135925, 0.991940509,
2037.924567612, 0.989447238,
2037.944999300, 0.990456835,
2037.965431088, 0.990823300,
2037.985862676, 0.991279109,
2038.006294364, 0.992698428,
2038.026726152, 0.991565405,
2038.047157740, 0.992623614,
2038.067589428, 0.991597912,
2038.088021217, 0.992156001,
2038.108452805, 0.990426588,
2038.169747871, 0.990171456,
2038.190179660, 0.991468504,
2038.210611349, 0.991754620,
2038.231042938, 0.989919368,
2038.251474728, 0.989578003,
2038.271906417, 0.993613728,
2038.292338107, 0.992934904,
2038.312769796, 0.989774164,
2038.333201486, 0.990716478,
2038.353633176, 0.990013601,
2038.374064866, 0.991396729,
2038.394496556, 0.990709172,
2038.414928246, 0.990033339,
2038.435359936, 0.989983641,
2038.455791726, 0.994171935,
2038.476223417, 0.991017404,
2038.496655008, 0.989994644,
2038.517086798, 0.989498592,
2038.537518489, 0.990596740,
2038.557950080, 0.988971320,
2038.578381871, 0.991042146,
2038.598813562, 0.990536755,
2038.660108636, 0.992050034,
2038.680540428, 0.990052289,
2038.700972020, 0.989327031,
2038.721403711, 0.990761053,
2038.741835503, 0.991508250,
2038.762267096, 0.990670813,
2038.782698788, 0.993359836,
2038.803130580, 0.992741285,
2038.823562172, 0.991314895,
2038.843993965, 0.992391328,
2038.884857250, 0.990939366,
2038.905289043, 0.994180824,
2038.925720736, 0.991093408,
2038.946152429, 0.991077541,
2038.966584122, 0.989340983,
2038.987015816, 0.990155162,
2039.007447509, 0.990122816,
2039.027879203, 0.991632746,
2039.048310896, 0.990853549,
2039.068742590, 0.991204734,
2039.089174284, 0.989630408,
2039.130037772, 0.991735416,
2039.150469366, 0.989297743,
2039.170901061, 0.991254516,
2039.191332855, 0.991213900,
2039.211764450, 0.991636784,
2039.232196245, 0.990515250,
2039.252627940, 0.990931345,
2039.273059535, 0.990219758,
2039.293491330, 0.990968073,
2039.313923025, 0.994558152,
2039.334354620, 0.995447458,
2039.416081503, 0.992631004,
2039.436513199, 0.991573942,
2039.456944995, 0.990609623,
2039.477376591, 0.991380348,
2039.497808287, 0.990860883,
2039.518240084, 0.991057363,
2039.538671680, 0.992125752,
2039.559103377, 0.993112856,
2039.579535174, 0.991278840,
2039.599966870, 0.992601848,
2039.620398568, 0.992101401,
2039.640830265, 0.993717165,
2039.661261862, 0.991677981,
2039.681693659, 0.992100861,
2039.702125357, 0.991207845,
2039.722556954, 0.990228544,
2039.742988752, 0.989601845,
2039.763420450, 0.992558535,
2039.783852248, 0.991400169,
2039.804283846, 0.991091059,
2039.824715545, 0.991964983,
2039.886010640, 0.990959337,
2039.906442439, 0.991804050,
2039.926874038, 0.990143003,
2039.947305737, 0.990544050,
2039.967737536, 0.991893062,
2039.988169135, 0.990658637,
2040.008600935, 0.991296004,
2040.029032634, 0.990819077,
2040.049464234, 0.990491845,
2040.069896034, 0.990495338,
2040.110759333, 0.989729791,
2040.131191134, 0.990833121,
2040.151622834, 0.992812992,
2040.172054634, 0.992027497,
2040.192486235, 0.992387371,
2040.212917936, 0.991416952,
2040.233349736, 0.990350927,
2040.253781437, 0.992060445,
2040.274213038, 0.991357120,
2040.294644839, 0.992397933,
2040.315076541, 0.993816971,
2040.376371646, 0.992466568,
2040.396803347, 0.992128644,
2040.417235049, 0.990891914,
2040.437666651, 0.990782271,
2040.458098454, 0.989175820,
2040.478530156, 0.991032835,
2040.498961758, 0.991559272,
2040.519393561, 0.992159706,
2040.560257067, 0.991627138,
2040.601120373, 0.990878419,
2040.621552176, 0.990896251,
2040.641983780, 0.991011200,
2040.662415483, 0.991434821,
2040.682847287, 0.991490558,
2040.723710695, 0.991800667,
2040.744142399, 0.989276962,
2040.764574103, 0.990189032,
2040.785005807, 0.992073950,
2040.846300921, 0.990328288,
2040.866732626, 0.989483219,
2040.887164431, 0.991415971,
2040.907596036, 0.989912521,
2040.928027741, 0.991801550,
2040.948459547, 0.991796179,
2040.968891252, 0.991237798,
2040.989322858, 0.990251982,
2041.009754664, 0.990942215,
2041.030186270, 0.992376927,
2041.050617976, 0.989717930,
2041.091481389, 0.989669819,
2041.111913195, 0.991318858,
2041.132344902, 0.988392721,
2041.152776509, 0.990459942,
2041.173208316, 0.992937316,
2041.193640023, 0.992861916,
2041.214071630, 0.989627184,
2041.234503437, 0.991150997,
2041.254935145, 0.990372436,
2041.275366952, 0.989856994,
2041.295798560, 0.991868426,
2041.377525393, 0.990295842,
2041.397957201, 0.989979414,
2041.418388810, 0.989591029,
2041.438820518, 0.992391968,
2041.459252327, 0.988868977,
2041.479684036, 0.989914303,
2041.500115745, 0.990759450,
2041.520547455, 0.991229429,
2041.540979164, 0.989502435,
2041.561410874, 0.992627438,
2041.581842583, 0.989860436,
2041.602274293, 0.988564617,
2041.622706103, 0.991665584,
2041.643137714, 0.990165800,
2041.663569524, 0.991228365,
2041.684001134, 0.991631550,
2041.704432845, 0.989944868,
2041.745296267, 0.993075625,
2041.765727978, 0.989789805,
2041.786159789, 0.990544757,
2041.827023211, 0.990448084,
2041.847454923, 0.989159578,
2041.867886535, 0.989937335,
2041.888318347, 0.992726017,
2041.908750059, 0.991165041,
2041.929181671, 0.991527564,
2041.949613483, 0.989195614,
2041.970045196, 0.990068861,
2041.990476908, 0.990892552,
2042.010908621, 0.988040110,
2042.031340334, 0.991144064,
2042.092635474, 0.990629255,
2042.113067287, 0.991391506,
2042.133499001, 0.988890032,
2042.153930615, 0.991509532,
2042.174362429, 0.989740009,
2042.194794143, 0.988972171,
2042.215225857, 0.990154054,
2042.235657571, 0.990152028,
2042.256089286, 0.990240434,
2042.276521100, 0.989425702,
2042.337816145, 0.988104142,
2042.358247861, 0.989879809,
2042.378679676, 0.988296369,
2042.399111292, 0.990728283,
2042.419543007, 0.990114530,
2042.439974823, 0.989016887,
2042.460406439, 0.990494704,
2042.480838156, 0.989853496,
2042.501269972, 0.987108147,
2042.521701588, 0.989268820,
2042.542133305, 0.991022185,
2042.562565122, 0.989118594,
2042.582996739, 0.989334108,
2042.603428556, 0.988457373,
2042.623860273, 0.988096809,
2042.644291991, 0.988837790,
2042.664723708, 0.989776828,
2042.685155426, 0.988630455,
2042.705587144, 0.990276055,
2042.726018862, 0.988873546,
2042.746450580, 0.989523108,
2042.766882398, 0.990062897,
2042.828177554, 0.988862032,
2042.848609273, 0.991371581,
2042.869040892, 0.990793232,
2042.889472711, 0.989838320,
2042.909904431, 0.989497066,
2042.930336150, 0.989390957,
2042.950767870, 0.988887571,
2042.971199590, 0.989635679,
2042.991631310, 0.990431152,
2043.012063030, 0.987615284,
2043.073358192, 0.991654475,
2043.093789812, 0.990015244,
2043.114221633, 0.988336879,
2043.134653354, 0.988937195,
2043.155085176, 0.989019611,
2043.175516797, 0.989481941,
2043.195948519, 0.990055636,
2043.216380340, 0.989124489,
2043.257243685, 0.989833888,
2043.318538952, 0.989628005,
2043.338970674, 0.988813752,
2043.359402397, 0.990123941,
2043.379834120, 0.989138380,
2043.400265843, 0.989020451,
2043.420697567, 0.990185732,
2043.441129390, 0.989308703,
2043.461561014, 0.990088047,
2043.481992838, 0.989900278,
2043.502424562, 0.989052200,
2043.543288010, 0.987707864,
2043.563719735, 0.988128487,
2043.584151359, 0.990408453,
2043.604583184, 0.988538342,
2043.625014909, 0.988800614,
2043.645446734, 0.988005768,
2043.665878360, 0.989083779,
2043.686310085, 0.988285536,
2043.706741811, 0.988405965,
2043.727173536, 0.987499862,
2043.747605162, 0.990202336,
2043.788468715, 0.988790794,
2043.808900341, 0.989025221,
2043.829332168, 0.988807347,
2043.849763894, 0.988286788,
2043.870195721, 0.988803487,
2043.890627349, 0.988737915,
2043.911059076, 0.988561917,
2043.931490903, 0.990058944,
2043.951922531, 0.988689341,
2043.972354259, 0.987335716,
2043.992786086, 0.988751980,
2044.033649543, 0.988646649,
2044.054081271, 0.988352280,
2044.074513000, 0.989439439,
2044.094944729, 0.989263438,
2044.115376457, 0.987704095,
2044.135808187, 0.987776142,
2044.156240016, 0.989854518,
2044.176671645, 0.987317655,
2044.197103475, 0.988771451,
2044.217535205, 0.989212848,
2044.299262025, 0.988386249,
2044.319693856, 0.990035344,
2044.340125587, 0.988624485,
2044.360557218, 0.987208549,
2044.380989049, 0.989168844,
2044.401420680, 0.989682713,
2044.421852511, 0.990227067,
2044.442284243, 0.989900718,
2044.462715875, 0.989486756,
2044.483147707, 0.989701958,
2044.544442904, 0.989941995,
2044.585306469, 0.989657400,
2044.605738102, 0.991091563,
2044.626169835, 0.988439291,
2044.646601669, 0.988611176,
2044.667033402, 0.987857849,
2044.687465036, 0.988833582,
2044.707896870, 0.986974693,
2044.728328604, 0.988057830,
2044.748760338, 0.988654304,
2044.769192072, 0.988791051,
2044.789623807, 0.987976964,
2044.810055641, 0.987652611,
2044.830487276, 0.988926578,
2044.850919011, 0.988575853,
2044.871350847, 0.988032244,
2044.891782482, 0.987980593,
2044.912214218, 0.985695656,
2044.932646053, 0.987695696,
2044.953077689, 0.989359472,
2044.973509525, 0.989105172,
2045.034804735, 0.989154047,
2045.055236472, 0.988662963,
2045.075668109, 0.989127855,
2045.096099946, 0.986767694,
2045.116531583, 0.987772187,
2045.136963421, 0.985739372,
2045.157395158, 0.988189804,
2045.177826796, 0.986944559,
2045.198258634, 0.987579537,
2045.218690373, 0.988182767,
2045.279985588, 0.986440535,
2045.300417427, 0.985424500,
2045.320849166, 0.989201516,
2045.341280806, 0.987676927,
2045.361712645, 0.987242191,
2045.382144385, 0.988465078,
2045.402576025, 0.987672258,
2045.423007865, 0.988933369,
2045.443439605, 0.988814500,
2045.463871245, 0.989155446,
2045.525166668, 0.987930681,
2045.545598309, 0.986964335,
2045.566030050, 0.987267842,
2045.586461892, 0.987702660,
2045.606893533, 0.987269095,
2045.627325275, 0.987305500,
2045.647757117, 0.989010407,
2045.668188759, 0.988021636,
2045.688620602, 0.987995812,
2045.709052344, 0.987523298,
2045.729483987, 0.989860506,
2045.749915830, 0.988321987,
2045.770347473, 0.987697542,
2045.790779216, 0.989744206,
2045.811211060, 0.989993072,
2045.831642803, 0.989992337,
2045.852074547, 0.988888790,
2045.872506291, 0.988372830,
2045.892938035, 0.986859732,
2045.913369780, 0.985558037,
2045.933801525, 0.987077336,
2045.954233269, 0.987295200,
2046.015528605, 0.986470439,
2046.035960350, 0.989684546,
2046.056391996, 0.989114798,
2046.076823842, 0.989917478,
2046.097255588, 0.988680831,
2046.117687234, 0.988222424,
2046.138119081, 0.986370170,
2046.158550827, 0.988525590,
2046.178982474, 0.986925558,
2046.199414321, 0.989092132,
2046.260709563, 0.986584542,
2046.281141311, 0.988955417,
2046.301573159, 0.987503536,
2046.322004807, 0.989759115,
2046.342436556, 0.987685060,
2046.362868304, 0.987471411,
2046.383300053, 0.987127550,
2046.403731902, 0.987634148,
2046.424163551, 0.987542031,
2046.444595300, 0.988764876,
2046.485458799, 0.989305282,
2046.505890549, 0.988462627,
2046.526322399, 0.987639978,
2046.546754149, 0.988754162,
2046.567185900, 0.988958068,
2046.587617650, 0.989031496,
2046.608049401, 0.988633740,
2046.628481152, 0.988690922,
2046.648912903, 0.988293561,
2046.669344655, 0.990426573,
2046.689776506, 0.986328396,
2046.751071762, 0.988209808,
2046.771503415, 0.988863893,
2046.791935267, 0.988680466,
2046.812367020, 0.988848399,
2046.832798673, 0.989667088,
2046.853230526, 0.988364470,
2046.873662279, 0.989237345,
2046.894093933, 0.988098026,
2046.914525786, 0.986388067,
2046.955389394, 0.979776696,
2046.996252803, 0.988897788,
2047.016684558, 0.988402344,
2047.037116313, 0.988866432,
2047.057548068, 0.988091188,
2047.077979823, 0.987263964,
2047.098411578, 0.989235508,
2047.118843434, 0.987852036,
2047.139275090, 0.989698868,
2047.159706846, 0.987035124,
2047.180138702, 0.988174416,
2047.241433972, 0.986778756,
2047.261865729, 0.988192487,
2047.282297386, 0.988287968,
2047.302729244, 0.988521748,
2047.323161002, 0.989806552,
2047.343592859, 0.989431677,
2047.364024517, 0.989365849,
2047.384456276, 0.988824317,
2047.404888134, 0.990124249,
2047.425319793, 0.987770887,
2047.486615070, 0.988144919,
2047.507046929, 0.987199033,
2047.527478689, 0.987782406,
2047.547910349, 0.988551991,
2047.568342209, 0.988012388,
2047.588773969, 0.987859457,
2047.609205629, 0.988848365,
2047.629637490, 0.989012200,
2047.650069251, 0.987127827,
2047.670501012, 0.989799103,
2047.690932773, 0.987603965,
2047.731796396, 0.987540532,
2047.752228058, 0.986271057,
2047.772659820, 0.988388263,
2047.793091582, 0.987994918,
2047.813523345, 0.988352235,
2047.833955107, 0.987419494,
2047.854386970, 0.987668688,
2047.874818633, 0.989023587,
2047.895250497, 0.988352706,
2047.915682260, 0.988728893,
2047.976977552, 0.987853008,
2047.997409216, 0.989354436,
2048.017841081, 0.988940939,
2048.038272845, 0.988529615,
2048.058704710, 0.987811495,
2048.079136375, 0.989916459,
2048.099568141, 0.986710188,
2048.120000006, 0.992815938,
2048.140431672, 0.990054049,
2048.160863438, 0.988684477,
2048.181295304, 0.988438851,
2048.201726970, 0.988669390,
2048.222158837, 0.989972811,
2048.242590604, 0.988862821,
2048.263022271, 0.987572747,
2048.283454138, 0.987990888,
2048.303885905, 0.988067319,
2048.324317673, 0.988259933,
2048.344749441, 0.986207024,
2048.365181209, 0.989208212,
2048.385612877, 0.987159041,
2048.406044745, 0.989345053,
2048.467340052, 0.990706462,
2048.487771821, 0.987498177,
2048.508203691, 0.987595767,
2048.528635360, 0.988091121,
2048.549067130, 0.987567500,
2048.569499000, 0.989418276,
2048.589930671, 0.989260124,
2048.610362541, 0.988913758,
2048.630794312, 0.989394359,
2048.651225983, 0.990061504,
2048.712521297, 0.989542045,
2048.732953169, 0.988636796,
2048.753384941, 0.988590537,
2048.773816813, 0.988171054,
2048.794248486, 0.988620849,
2048.814680258, 0.988101129,
2048.835112131, 0.989016915,
2048.855543804, 0.986256064,
2048.875975578, 0.991807730,
2048.896407451, 0.988502114,
2048.916839125, 0.987442038,
2048.937270899, 0.989028844,
2048.957702773, 0.987899602,
2048.978134547, 0.987824162,
2048.998566322, 0.989701490,
2049.018998097, 0.986062124,
2049.039429872, 0.987999998,
2049.059861647, 0.989452313,
2049.080293422, 0.988410755,
2049.100725198, 0.989313496,
2049.121156974, 0.987959847,
2049.141588750, 0.989514670,
2049.202884080, 0.986380415,
2049.223315957, 0.988292057,
2049.243747634, 0.987087228,
2049.264179411, 0.990073850,
2049.284611289, 0.988799662,
2049.305042967, 0.988920671,
2049.325474745, 0.987039117,
2049.345906623, 0.986753896,
2049.366338302, 0.989663203,
2049.386770180, 0.986617840,
2049.407201959, 0.993272955,
2049.427633638, 0.986518067,
2049.448065518, 0.987092189,
2049.468497297, 0.986704345,
2049.488929077, 0.990213201,
2049.509360857, 0.988842152,
2049.529792637, 0.989926817,
2049.550224518, 0.988027618,
2049.570656199, 0.986393548,
2049.591087979, 0.988469576,
2049.611519861, 0.987553864,
2049.631951542, 0.989149044,
2049.672815205, 0.989201809,
2049.693246987, 0.988636600,
2049.734110552, 0.987519005,
2049.754542235, 0.989496576,
2049.774974117, 0.989091799,
2049.795405901, 0.986898159,
2049.815837584, 0.988835715,
2049.836269467, 0.987980288,
2049.856701251, 0.989246109,
2049.877132935, 0.987138736,
2049.917996604, 0.988795009,
2049.938428489, 0.987248811,
2049.958860174, 0.988551137,
2049.979291959, 0.988794295,
2049.999723844, 0.988018238,
2050.020155530, 0.987098380,
2050.040587315, 0.989091759,
2050.061019201, 0.989682725,
2050.081450888, 0.986872160,
2050.101882774, 0.987036587,
2050.122314561, 0.986967724,
2050.163178135, 0.988744293,
2050.183609922, 0.989308636,
2050.204041710, 0.987738742,
2050.224473498, 0.988761724,
2050.244905286, 0.988053044,
2050.265337174, 0.988028677,
2050.285768863, 0.988447814,
2050.306200651, 0.987004402,
2050.326632540, 0.988763991,
2050.347064330, 0.989342623,
2050.367496019, 0.988813554,
2050.408359599, 0.988822640,
2050.428791389, 0.988411872,
2050.449223279, 0.988314881,
2050.469654969, 0.988258544,
2050.490086860, 0.986255643,
2050.510518651, 0.990147294,
2050.530950343, 0.988747343,
2050.551382234, 0.989036534,
2050.571814026, 0.987896720,
2050.592245718, 0.993565070,
2050.612677610, 0.989944374,
2050.653541295, 0.987696431,
2050.673972988, 0.987087519,
2050.694404781, 0.986861752,
2050.714836674, 0.989752534,
2050.735268368, 0.989022898,
2050.755700162, 0.988497406,
2050.776132056, 0.989605492,
2050.796563750, 0.987766357,
2050.816995644, 0.986424217,
2050.837427439, 0.987586904,
2050.857859234, 0.988363184,
2050.919154620, 0.988100489,
2050.939586416, 0.988609725,
2050.960018212, 0.989868403,
2050.980450009, 0.986199839,
2051.000881905, 0.987568254,
2051.021313602, 0.987363260,
2051.041745499, 0.988227694,
2051.062177196, 0.988339931,
2051.082608994, 0.988998484,
2051.103040892, 0.990213018,
2051.143904388, 0.987270527,
2051.164336286, 0.987578024,
2051.184767985, 0.987254762,
2051.205199884, 0.990124018,
2051.225631683, 0.988422635,
2051.246063383, 0.989049553,
2051.266495282, 0.988853226,
2051.286927082, 0.988459484,
2051.307358782, 0.987831002,
2051.327790683, 0.988312566,
2051.348222483, 0.989448536,
2051.368654384, 0.989341194,
2051.389086085, 0.989387850,
2051.409517887, 0.988658654,
2051.429949788, 0.989619046,
2051.450381490, 0.988545455,
2051.470813292, 0.987546037,
2051.491245194, 0.990032232,
2051.511676997, 0.987674662,
2051.532108699, 0.989953924,
2051.552540602, 0.988323148,
2051.572972406, 0.987713040,
2051.593404209, 0.989389197,
2051.634267817, 0.988238533,
2051.654699621, 0.988276566,
2051.675131425, 0.988717939,
2051.695563230, 0.988415903,
2051.715995035, 0.989491901,
2051.736426840, 0.988962780,
2051.756858745, 0.987669524,
2051.777290451, 0.988378310,
2051.797722257, 0.989975009,
2051.818154163, 0.988901413,
2051.838585869, 0.989632089,
2051.879449583, 0.988907483,
2051.899881290, 0.987914206,
2051.920313197, 0.988143064,
2051.940745005, 0.990684368,
2051.961176713, 0.989432502,
2051.981608621, 0.990709685,
2052.002040429, 0.988034519,
2052.022472137, 0.990360431,
2052.042904046, 0.989371562,
2052.063335855, 0.989828313,
2052.083767765, 0.991433368,
2052.124631284, 0.990097430,
2052.145063194, 0.989706230,
2052.165495004, 0.988813922,
2052.185926715, 0.988671908,
2052.206358625, 0.987743839,
2052.226790436, 0.988509341,
2052.247222148, 0.988401340,
2052.267654059, 0.991308420,
2052.288085871, 0.988819979,
2052.308517783, 0.989465489,
2052.328949495, 0.991452756,
2052.369813220, 0.990488794,
2052.390244933, 0.989081934,
2052.410676746, 0.989281241,
2052.431108560, 0.990247211,
2052.451540374, 0.989814587,
2052.471972287, 0.988435723,
2052.492404002, 0.990992636,
2052.512835816, 0.991689273,
2052.533267731, 0.988306477,
2052.553699446, 0.988968544,
2052.574131261, 0.991881392,
2052.614994892, 0.991261366,
2052.635426808, 0.989577271,
2052.655858624, 0.989736252,
2052.676290341, 0.989421175,
2052.696722257, 0.987110788,
2052.717154074, 0.988799705,
2052.737585892, 0.990174290,
2052.778449527, 0.990712667,
2052.798881345, 0.989120021,
2052.819313163, 0.987451643,
2052.860176900, 0.991996107,
2052.880608719, 0.989274495,
2052.901040438, 0.990403748,
2052.921472358, 0.990374776,
2052.941904177, 0.989843297,
2052.962335897, 0.992526048,
2052.982767818, 0.989707593,
2053.003199638, 0.990399331,
2053.023631559, 0.989513572,
2053.044063280, 0.991050917,
2053.146222388, 0.990619498,
2053.166654211, 0.991321270,
2053.187086134, 0.990990295,
2053.207517857, 0.992075869,
2053.227949680, 0.989383930,
2053.248381603, 0.989367380,
2053.268813327, 0.990893578,
2053.289245151, 0.988752325,
2053.309677076, 0.990290372,
2053.350540725, 0.991760205,
2053.370972550, 0.990797521,
2053.391404375, 0.989148096,
2053.411836201, 0.991080996,
2053.432268027, 0.987737444,
2053.452699853, 0.989762108,
2053.473131679, 0.990604910,
2053.493563506, 0.991274736,
2053.513995333, 0.992067326,
2053.534427260, 0.989762464,
2053.554858987, 0.989625984,
2053.595722743, 0.991487270,
2053.616154471, 0.992063184,
2053.636586399, 0.989449001,
2053.677449957, 0.988832871,
2053.697881886, 0.990356534,
2053.718313716, 0.991923962,
2053.738745545, 0.989761853,
2053.759177375, 0.987946879,
2053.779609205, 0.991601138,
2053.800041036, 0.988471788,
2053.840904598, 0.989598032,
2053.861336529, 0.988617010,
2053.881768361, 0.989415012,
2053.902200292, 0.990674545,
2053.922632024, 0.998927306,
2053.943063857, 0.990933765,
2053.963495789, 0.991094109,
2053.983927522, 0.989071588,
2054.004359355, 0.992484093,
2054.024791289, 0.992576977,
2054.045223122, 0.991477808,
2054.086086790, 0.988550201,
2054.106518625, 0.987312274,
2054.126950460, 0.990442023,
2054.147382295, 0.991288480,
2054.167814130, 0.990331028,
2054.188246065, 0.991299547,
2054.208677801, 0.990509731,
2054.229109637, 0.989530551,
2054.249541573, 0.990384654,
2054.269973310, 0.990411233,
2054.290405247, 0.990248032,
2054.331268821, 0.990696354,
2054.351700759, 0.990058364,
2054.372132597, 0.990259414,
2054.392564335, 0.989848764,
2054.412996273, 0.989431558,
2054.433428112, 0.989860468,
2054.453859951, 0.991022736,
2054.474291790, 0.991913662,
2054.494723529, 0.989592382,
2054.515155469, 0.988595396,
2054.535587309, 0.986521962,
2054.576450990, 0.987446061,
2054.596882831, 0.990909123,
2054.617314772, 0.989935335,
2054.637746513, 0.989439917,
2054.658178355, 0.989764282,
2054.678610297, 0.990281833,
2054.699042039, 0.989161216,
2054.719473881, 0.991897319,
2054.739905824, 0.991543482,
2054.760337667, 0.991347186,
2054.780769510, 0.990461650,
2054.821633197, 0.989224728,
2054.842065042, 0.990260854,
2054.862496886, 0.989183973,
2054.882928730, 0.990138566,
2054.903360675, 0.991903153,
2054.923792420, 0.989433957,
2054.944224266, 0.989843956,
2054.964656211, 0.987938694,
2054.985087957, 0.993158855,
2055.005519904, 0.990459522,
2055.025951750, 0.991028562,
2055.087247191, 0.989526198,
2055.107679039, 0.988798596,
2055.128110987, 0.990388188,
2055.148542735, 0.988819334,
2055.168974683, 0.993460145,
2055.189406532, 0.991599011,
2055.209838281, 0.987700415,
2055.230270230, 0.987966666,
2055.250702080, 0.988756056,
2055.271133929, 0.990595499,
2055.291565779, 0.989342674,
2055.311997630, 0.990605520,
2055.332429580, 0.989683331,
2055.352861331, 0.990556548,
2055.373293182, 0.990327842,
2055.393725134, 0.991136473,
2055.414156985, 0.989223267,
2055.434588737, 0.989091966,
2055.455020690, 0.989509573,
2055.475452542, 0.990988192,
2055.516316248, 0.990388634,
2055.557180055, 0.989969365,
2055.577611809, 0.990477680,
2055.598043663, 0.989869629,
2055.618475618, 0.988909354,
2055.638907372, 0.990988761,
2055.659339227, 0.990385833,
2055.679771183, 0.989950736,
2055.700202938, 0.991005854,
2055.720634894, 0.989984370,
2055.741066650, 0.994298917,
2055.761498507, 0.989863726,
2055.802362220, 0.990396206,
2055.822794078, 0.990421170,
2055.843226035, 0.995408412,
2055.863657793, 0.990553940,
2055.884089751, 0.990866100,
2055.904521610, 0.989404258,
2055.924953468, 0.990238604,
2055.945385327, 0.990828382,
2055.965817186, 0.991421239,
2055.986249046, 0.988809766,
2056.006680906, 0.990775886,
2056.067976587, 0.990252738,
2056.088408348, 0.990361397,
2056.108840309, 0.990726468,
2056.129272170, 0.989223933,
2056.149703932, 0.991648913,
2056.170135894, 0.991637713,
2056.190567756, 0.991584476,
2056.210999719, 0.988638281,
2056.231431482, 0.990636960,
2056.251863345, 0.990581559,
2056.272295309, 0.988688682,
2056.292727072, 0.990795642,
2056.313158936, 0.991284406,
2056.333590901, 0.989861422,
2056.354022665, 0.988945843,
2056.374454530, 0.990677313,
2056.394886395, 0.989995258,
2056.415318261, 0.990221539,
2056.435750226, 0.990997630,
2056.456182092, 0.991002311,
2056.476613859, 0.990881934,
2056.497045825, 0.992097437,
2056.537909459, 0.990214963,
2056.558341427, 0.990154709,
2056.578773295, 0.991144211,
2056.599205163, 0.991463339,
2056.619637031, 0.989791455,
2056.640068900, 0.990816331,
2056.660500768, 0.989456046,
2056.680932638, 0.990463039,
2056.701364507, 0.990554811,
2056.721796377, 0.991204260,
2056.742228247, 0.992002895,
2056.783092088, 0.989435249,
2056.803523859, 0.989990240,
2056.823955830, 0.990137544,
2056.844387701, 0.991169071,
2056.864819473, 0.989129439,
2056.885251445, 0.989483366,
2056.905683318, 0.989316003,
2056.926115290, 0.990114337,
2056.946547063, 0.990705054,
2056.966978936, 0.991560126,
2056.987410910, 0.991857588,
2057.028274558, 0.990521547,
2057.048706532, 0.989375878,
2057.069138307, 0.992128455,
2057.089570182, 0.989166782,
2057.110002057, 0.989812248,
2057.130433933, 0.991655808,
2057.150865909, 0.991892612,
2057.171297685, 0.988469124,
2057.191729561, 0.990514784,
2057.212161538, 0.989189365,
2057.232593415, 0.990910517,
2057.293889048, 0.992035523,
2057.334752804, 0.990559908,
