BJD - 2454833, Corrected Flux
1977.262456404, 1.006710240,
1977.282888670, 1.007209634,
1977.303320836, 1.006367431,
1977.364617731, 1.006777721,
1977.385049995, 1.006813449,
1977.405482259, 1.005854505,
1977.425914522, 1.006698436,
1977.446346884, 1.006077764,
1977.466779046, 1.006836562,
1977.487211408, 1.006342035,
1977.507643669, 1.006204631,
1977.528075830, 1.007041581,
1977.548508190, 1.006341072,
1977.568940450, 1.006004233,
1977.589372610, 1.006571607,
1977.609804968, 1.007304452,
1977.630237226, 1.007129148,
1977.650669384, 1.006797787,
1977.671101742, 1.008238146,
1977.691533999, 1.006888877,
1977.711966156, 1.007551604,
1977.732398511, 1.007110052,
1977.752830767, 1.007782547,
1977.773262922, 1.006945710,
1977.793695277, 1.007455983,
1977.814127530, 1.007447969,
1977.834559784, 1.007572950,
1977.854992038, 1.007528559,
1977.875424290, 1.007283231,
1977.895856542, 1.007181981,
1977.916288794, 1.007327339,
1977.936721046, 1.007357786,
1977.957153396, 1.008460732,
1977.977585547, 1.007111001,
1977.998017797, 1.007402885,
1978.018450146, 1.008213843,
1978.038882295, 1.006945599,
1978.059314544, 1.007254274,
1978.079746891, 1.007278511,
1978.100179039, 1.008012856,
1978.120611286, 1.007586858,
1978.141043633, 1.007494537,
1978.161475779, 1.007252505,
1978.181908025, 1.007346530,
1978.202340370, 1.007508470,
1978.222772515, 1.007169852,
1978.243204859, 1.006937096,
1978.263637103, 1.008004195,
1978.284069346, 1.006826545,
1978.304501589, 1.007386093,
1978.324933831, 1.007860328,
1978.345366073, 1.007457837,
1978.365798315, 1.007367000,
1978.386230556, 1.007050445,
1978.406662796, 1.007997956,
1978.427095036, 1.006964802,
1978.447527276, 1.007617549,
1978.467959515, 1.007665438,
1978.488391754, 1.007213521,
1978.508823992, 1.007379829,
1978.529256130, 1.007136088,
1978.590552840, 1.007349396,
1978.610985176, 1.007199596,
1978.631417412, 1.007491179,
1978.651849747, 1.006707481,
1978.672281881, 1.006795786,
1978.692714115, 1.007385317,
1978.713146449, 1.006959134,
1978.733578582, 1.007495582,
1978.754010815, 1.007494066,
1978.774443147, 1.008497426,
1978.794875379, 1.010119244,
1978.815307510, 1.010275449,
1978.835739841, 1.009138521,
1978.856172071, 1.007623431,
1978.876604201, 1.007151749,
1978.917468759, 1.006499112,
1978.937900888, 1.007726117,
1978.958333216, 1.006626843,
1978.978765443, 1.007239336,
1978.999197571, 1.008021910,
1979.019629897, 1.006697417,
1979.080926575, 1.007169064,
1979.101358799, 1.007772723,
1979.121791124, 1.007735172,
1979.142223247, 1.007613799,
1979.162655471, 1.007650912,
1979.183087694, 1.007275609,
1979.203519916, 1.006873362,
1979.223952139, 1.008434057,
1979.244384360, 1.007187355,
1979.264816581, 1.007765758,
1979.285248802, 1.007874946,
1979.305681022, 1.007393640,
1979.346545461, 1.007332234,
1979.366977780, 1.008008284,
1979.387409899, 1.007643529,
1979.407842117, 1.007472348,
1979.428274434, 1.007162647,
1979.448706551, 1.006694682,
1979.489571084, 1.007512473,
1979.510003199, 1.007636931,
1979.530435415, 1.007505820,
1979.550867729, 1.007333273,
1979.571299844, 1.007327509,
1979.591732157, 1.007661423,
1979.612164371, 1.007784188,
1979.632596584, 1.007627311,
1979.653028796, 1.007351478,
1979.673461008, 1.006943211,
1979.693893220, 1.007540764,
1979.714325431, 1.007394094,
1979.734757641, 1.007274509,
1979.775622061, 1.007196442,
1979.796054271, 1.006520088,
1979.816486479, 1.007399611,
1979.836918788, 1.006734966,
1979.857350896, 1.008101992,
1979.877783103, 1.007916241,
1979.898215310, 1.007004865,
1979.918647517, 1.007650079,
1979.939079723, 1.008153616,
1979.959511929, 1.006823124,
1979.979944134, 1.007719636,
1980.000376339, 1.007819910,
1980.020808543, 1.007182821,
1980.041240747, 1.007907868,
1980.061673050, 1.006903748,
1980.082105153, 1.007045144,
1980.102537355, 1.007593585,
1980.122969657, 1.007039455,
1980.143401759, 1.007679860,
1980.163833960, 1.006902077,
1980.184266261, 1.007566667,
1980.204698461, 1.007171680,
1980.225130561, 1.007427996,
1980.245562860, 1.007212807,
1980.265995059, 1.006907237,
1980.286427158, 1.007095183,
1980.306859456, 1.007898109,
1980.327291653, 1.006807380,
1980.368156046, 1.007064044,
1980.388588243, 1.008038384,
1980.409020339, 1.009837194,
1980.429452634, 1.011590329,
1980.470317023, 1.010256723,
1980.490749217, 1.008105859,
1980.511181410, 1.008064594,
1980.531613704, 1.006653697,
1980.552045796, 1.006821783,
1980.572477988, 1.007412760,
1980.592910280, 1.006752036,
1980.613342371, 1.007685976,
1980.633774562, 1.007348651,
1980.654206852, 1.006580517,
1980.695071132, 1.007294235,
1980.715503421, 1.006894570,
1980.735935509, 1.007470767,
1980.756367698, 1.007965619,
1980.776799985, 1.008344607,
1980.797232072, 1.007313711,
1980.817664259, 1.007588777,
1980.838096545, 1.009638831,
1980.878960816, 1.007413349,
1980.899393102, 1.008079130,
1980.919825186, 1.007357756,
1980.940257370, 1.007335234,
1980.960689654, 1.006547266,
1980.981121737, 1.007171539,
1981.042418384, 1.007648911,
1981.062850566, 1.007709048,
1981.083282746, 1.007103883,
1981.103714927, 1.007168787,
1981.124147107, 1.007446468,
1981.144579287, 1.007808345,
1981.165011466, 1.007936596,
1981.185443745, 1.006824848,
1981.205875823, 1.007119721,
1981.226308001, 1.007319075,
1981.246740279, 1.007746275,
1981.267172356, 1.007466435,
1981.287604532, 1.007146575,
1981.308036808, 1.006880342,
1981.328468884, 1.006624012,
1981.348901059, 1.007829236,
1981.369333334, 1.006855012,
1981.389765408, 1.006907628,
1981.410197582, 1.007166529,
1981.430629756, 1.006686275,
1981.451061928, 1.008303159,
1981.471494201, 1.008805362,
1981.594087228, 1.008270166,
1981.614519397, 1.006504647,
1981.634951466, 1.006404346,
1981.655383735, 1.007511172,
1981.675815903, 1.007354575,
1981.696247971, 1.006873908,
1981.716680238, 1.006703724,
1981.737112405, 1.006949259,
1981.757544472, 1.006935599,
1981.777976737, 1.007913422,
1981.798408903, 1.008061842,
1981.818840968, 1.007326675,
1981.839273233, 1.006403754,
1981.859705397, 1.007245523,
1981.880137561, 1.007750813,
1981.900569724, 1.006914889,
1981.921001887, 1.006172131,
1981.941434150, 1.006626810,
1981.961866212, 1.006444624,
1981.982298374, 1.006596117,
1982.002730635, 1.007835737,
1982.023162795, 1.006518672,
1982.043594856, 1.007414384,
1982.064027116, 1.007054731,
1982.084459275, 1.007478772,
1982.104891334, 1.007031537,
1982.125323593, 1.007997011,
1982.145755651, 1.007348147,
1982.166187808, 1.007080127,
1982.186620066, 1.007091558,
1982.207052123, 1.006856885,
1982.227484279, 1.007112384,
1982.247916535, 1.007306597,
1982.268348591, 1.007348838,
1982.288780746, 1.006998243,
1982.309213000, 1.007105440,
1982.350077208, 1.006899643,
1982.370509462, 1.006901730,
1982.390941615, 1.007560575,
1982.411373767, 1.007461640,
1982.431805919, 1.006270290,
1982.452238071, 1.007408473,
1982.472670222, 1.006599661,
1982.493102373, 1.007126061,
1982.513534523, 1.007545739,
1982.533966773, 1.007253230,
1982.554398823, 1.006015605,
1982.574830972, 1.007643155,
1982.595263220, 1.007076148,
1982.615695268, 1.006358780,
1982.636127416, 1.006467441,
1982.656559663, 1.006938956,
1982.676991711, 1.007121149,
1982.697423857, 1.006961668,
1982.717856103, 1.007300250,
1982.738288149, 1.006612193,
1982.758720294, 1.006891255,
1982.779152538, 1.007554391,
1982.799584583, 1.007125089,
1982.820016727, 1.007744665,
1982.840448970, 1.007418632,
1982.860881113, 1.007437485,
1982.881313256, 1.006277298,
1982.901745398, 1.006152690,
1982.922177439, 1.007136251,
1982.942609681, 1.007038265,
1982.983473862, 1.007596867,
1983.003906102, 1.007306137,
1983.024338242, 1.007240645,
1983.044770281, 1.007211187,
1983.065202520, 1.006488750,
1983.085634658, 1.006273667,
1983.106066696, 1.006568871,
1983.126498933, 1.007163647,
1983.146931070, 1.006512816,
1983.167363107, 1.007481467,
1983.187795343, 1.007654155,
1983.208227479, 1.006967033,
1983.228659614, 1.007334240,
1983.249091749, 1.007922878,
1983.269523884, 1.008183199,
1983.289956018, 1.006872296,
1983.310388152, 1.006341535,
1983.330820285, 1.006330569,
1983.351252517, 1.007315170,
1983.371684650, 1.007338348,
1983.392116682, 1.006978131,
1983.412548913, 1.006324821,
1983.432981044, 1.006224680,
1983.473845305, 1.006955570,
1983.494277435, 1.006865198,
1983.514709465, 1.006756007,
1983.535141694, 1.007068939,
1983.555573822, 1.005748601,
1983.576005850, 1.006310330,
1983.596438078, 1.006351732,
1983.616870205, 1.006956748,
1983.637302232, 1.006623572,
1983.657734458, 1.007595698,
1983.678166484, 1.007006042,
1983.698598710, 1.005933840,
1983.719030835, 1.006675170,
1983.739462860, 1.006914615,
1983.759894984, 1.007149266,
1983.780327208, 1.007690181,
1983.800759332, 1.006531694,
1983.821191455, 1.006762125,
1983.841623577, 1.005987305,
1983.862055699, 1.006264684,
1983.882487921, 1.007295606,
1983.902919942, 1.006354908,
1983.923352064, 1.006777838,
1983.943784284, 1.006611360,
1983.964216304, 1.006981032,
1983.984648424, 1.009423669,
1984.005080643, 1.007124792,
1984.025512662, 1.006963270,
1984.045944781, 1.007163552,
1984.066376998, 1.007146326,
1984.086809016, 1.007312051,
1984.107241133, 1.006616516,
1984.127673350, 1.006533169,
1984.148105366, 1.006424155,
1984.168537482, 1.006398893,
1984.188969698, 1.006850520,
1984.209401813, 1.006734141,
1984.250266042, 1.006085656,
1984.270698155, 1.006521577,
1984.291130269, 1.006350718,
1984.311562382, 1.006522028,
1984.331994495, 1.006526350,
1984.352426707, 1.006330955,
1984.372858718, 1.006376296,
1984.393290730, 1.006510633,
1984.413722941, 1.007482985,
1984.515883389, 1.006618641,
1984.536315598, 1.005996139,
1984.556747706, 1.007248079,
1984.577179713, 1.005783298,
1984.597611921, 1.006358593,
1984.618044027, 1.006236896,
1984.638476134, 1.006368922,
1984.658908240, 1.006611687,
1984.679340345, 1.006426951,
1984.699772450, 1.006459392,
1984.720204655, 1.006353679,
1984.740636659, 1.005885281,
1984.761068863, 1.006798972,
1984.781500967, 1.006103539,
1984.801932970, 1.006180739,
1984.822365172, 1.006360886,
1984.842797274, 1.006191926,
1984.863229276, 1.006804260,
1984.883661478, 1.006445415,
1984.904093579, 1.006579845,
1984.985821878, 1.006013795,
1985.006254078, 1.006072905,
1985.026686176, 1.006290453,
1985.047118274, 1.006131121,
1985.067550372, 1.006611241,
1985.087982469, 1.006199010,
1985.108414566, 1.006259419,
1985.128846662, 1.006124465,
1985.149278759, 1.006272580,
1985.169710754, 1.006239556,
1985.190142950, 1.006588130,
1985.210575044, 1.005925725,
1985.231007239, 1.006147881,
1985.251439233, 1.005542579,
1985.271871326, 1.005634173,
1985.292303519, 1.006210474,
1985.312735513, 1.006092642,
1985.333167605, 1.006529281,
1985.353599797, 1.006303807,
1985.374031788, 1.005913749,
1985.394463880, 1.006534820,
1985.455760150, 1.006173128,
1985.476192340, 1.005898855,
1985.496624329, 1.006581525,
1985.517056418, 1.006551096,
1985.537488606, 1.006106929,
1985.557920694, 1.005804030,
1985.578352682, 1.005893273,
1985.598784869, 1.005687238,
1985.619216956, 1.005674666,
1985.639648942, 1.006209885,
1985.660081128, 1.006235966,
1985.680513213, 1.006599053,
1985.700945399, 1.006112782,
1985.721377383, 1.006949486,
1985.741809468, 1.006117774,
1985.762241651, 1.006047086,
1985.782673635, 1.006067961,
1985.803105718, 1.006699536,
1985.823537900, 1.006065472,
1985.843969883, 1.005053239,
1985.864401964, 1.006094241,
1985.884834046, 1.005994992,
1985.946130288, 1.005535261,
1985.966562368, 1.005428191,
1985.986994447, 1.008047551,
1986.007426526, 1.006010615,
1986.027858605, 1.006135447,
1986.048290683, 1.006028841,
1986.068722861, 1.005185216,
1986.089154838, 1.005807600,
1986.109586915, 1.005950445,
1986.130019092, 1.006640642,
1986.150451068, 1.006350611,
1986.170883244, 1.006174123,
1986.191315319, 1.005850653,
1986.211747295, 1.006202324,
1986.232179469, 1.005758858,
1986.252611543, 1.006058327,
1986.273043517, 1.005695466,
1986.293475690, 1.005794715,
1986.313907763, 1.006775375,
1986.334339736, 1.005599533,
1986.354771908, 1.005420166,
1986.375203980, 1.005580740,
1986.395636051, 1.006154899,
1986.416068123, 1.005779447,
1986.436500193, 1.005778061,
1986.456932263, 1.005328299,
1986.477364333, 1.005979289,
1986.497796403, 1.005952240,
1986.518228471, 1.005358153,
1986.538660640, 1.006261473,
1986.559092608, 1.006820797,
1986.579524676, 1.007222419,
1986.599956744, 1.007301443,
1986.620388811, 1.007619639,
1986.681685010, 1.005451262,
1986.702117175, 1.005095158,
1986.722549140, 1.005978800,
1986.742981205, 1.006201519,
1986.763413369, 1.005925762,
1986.783845333, 1.005294054,
1986.804277397, 1.005663472,
1986.824709559, 1.005919644,
1986.845141522, 1.004925122,
1986.865573585, 1.005913946,
1986.926869769, 1.006247013,
1986.947301929, 1.004869620,
1986.967733990, 1.005241865,
1986.988165950, 1.005641513,
1987.008598110, 1.006639825,
1987.029030169, 1.006194566,
1987.049462127, 1.007031440,
1987.069894286, 1.005871498,
1987.090326344, 1.005693991,
1987.110758501, 1.006649458,
1987.172054672, 1.005901064,
1987.212918683, 1.005286997,
1987.233350839, 1.005698910,
1987.253782794, 1.005680595,
1987.274214848, 1.006540365,
1987.294647002, 1.004700491,
1987.315078956, 1.004944955,
1987.335511009, 1.005718534,
1987.355943162, 1.005160534,
1987.376375114, 1.006406267,
1987.396807166, 1.005199270,
1987.417239218, 1.005567341,
1987.437671269, 1.006016365,
1987.458103320, 1.006086063,
1987.478535471, 1.005695188,
1987.498967421, 1.005433804,
1987.519399570, 1.005406981,
1987.539831620, 1.005948222,
1987.560263569, 1.005601673,
1987.580695718, 1.005281349,
1987.601127766, 1.005583930,
1987.682855855, 1.006077910,
1987.703288001, 1.006132634,
1987.723720047, 1.005817869,
1987.744152092, 1.005305045,
1987.764584138, 1.005375773,
1987.785016182, 1.004993204,
1987.805448226, 1.004978221,
1987.846312314, 1.005722848,
1987.907608442, 1.005969299,
1987.928040484, 1.005228520,
1987.948472626, 1.005301387,
1987.968904567, 1.006317033,
1987.989336708, 1.005546866,
1988.009768749, 1.005176728,
1988.030200689, 1.005164402,
1988.050632828, 1.005858149,
1988.071064868, 1.005845575,
1988.091496806, 1.005608974,
1988.111928945, 1.005669742,
1988.152792921, 1.005148668,
1988.173225059, 1.004462461,
1988.193656995, 1.004278169,
1988.214089032, 1.005486732,
1988.234521169, 1.005822190,
1988.254953104, 1.005579332,
1988.275385140, 1.005114654,
1988.295817275, 1.005487882,
1988.316249310, 1.004552858,
1988.336681244, 1.005018402,
1988.397977345, 1.004948070,
1988.418409478, 1.005457069,
1988.438841510, 1.004823166,
1988.459273642, 1.005589891,
1988.479705574, 1.005459488,
1988.500137605, 1.005224903,
1988.520569736, 1.005828096,
1988.541001667, 1.005333034,
1988.561433696, 1.004645864,
1988.581865826, 1.005093529,
1988.643161913, 1.005495935,
1988.663593842, 1.005550399,
1988.684025870, 1.005070928,
1988.704457997, 1.005100659,
1988.724889924, 1.005143984,
1988.745321951, 1.004372750,
1988.765754078, 1.005407447,
1988.786186103, 1.005004628,
1988.806618029, 1.004620127,
1988.827050154, 1.004435914,
1988.929210275, 1.005985276,
1988.949642298, 1.005460828,
1988.970074221, 1.005500357,
1988.990506342, 1.004780047,
1989.010938364, 1.005445693,
1989.031370286, 1.004992646,
1989.051802407, 1.004966762,
1989.072234428, 1.004481101,
1989.092666348, 1.005648790,
1989.113098468, 1.004290023,
1989.133530488, 1.004786951,
1989.153962507, 1.005312331,
1989.174394526, 1.005818508,
1989.194826544, 1.004908903,
1989.215258563, 1.005175721,
1989.235690580, 1.004506115,
1989.256122597, 1.004827898,
1989.276554614, 1.004346709,
1989.296986731, 1.005279479,
1989.317418647, 1.004966264,
1989.399146809, 1.004951718,
1989.419578823, 1.005788967,
1989.440010737, 1.005062828,
1989.460442850, 1.005505784,
1989.480874864, 1.005667142,
1989.501306777, 1.005069689,
1989.521738889, 1.005462533,
1989.542170901, 1.005023581,
1989.562602813, 1.004610640,
1989.583034924, 1.004918811,
1989.603466936, 1.004643555,
1989.623898846, 1.005099660,
1989.644330957, 1.004185031,
1989.664762966, 1.005321456,
1989.685194876, 1.005206509,
1989.705626985, 1.004504364,
1989.726058994, 1.004159331,
1989.746490902, 1.005297283,
1989.766923011, 1.003701085,
1989.807786925, 1.003295448,
1989.869083145, 1.004477597,
1989.889515051, 1.003895331,
1989.909947057, 1.003993205,
1989.930379162, 1.003694295,
1989.950811067, 1.004623365,
1989.971243071, 1.003912762,
1989.991675175, 1.004351564,
1990.012107079, 1.004372353,
1990.032539082, 1.005643426,
1990.052971185, 1.004511540,
1990.073403087, 1.005847116,
1990.093835089, 1.004412371,
1990.114267191, 1.004824894,
1990.134699193, 1.004001967,
1990.155131094, 1.003196046,
1990.175563195, 1.004123504,
1990.195995195, 1.004622527,
1990.216427095, 1.004512346,
1990.236859195, 1.004556466,
1990.257291194, 1.004582041,
1990.277723193, 1.005474137,
1990.298155191, 1.004595550,
1990.359451185, 1.004400269,
1990.379883082, 1.004199362,
1990.400315179, 1.005142647,
1990.441179071, 1.004178672,
1990.461611166, 1.004525384,
1990.482043162, 1.004829141,
1990.502475157, 1.004840703,
1990.522907151, 1.003498119,
1990.543339145, 1.004044815,
1990.625067119, 1.003794643,
1990.645499211, 1.004405583,
1990.665931103, 1.004279895,
1990.686363095, 1.005148570,
1990.706795186, 1.003488683,
1990.727227077, 1.004001936,
1990.747659168, 1.004121324,
1990.768091158, 1.004464438,
1990.788523047, 1.004655548,
1990.849819015, 1.004835961,
1990.870251103, 1.004289878,
1990.890683092, 1.003782460,
1990.911114979, 1.003825505,
1990.931547066, 1.003700382,
1990.951979053, 1.004189517,
1990.972411040, 1.004323423,
1990.992843026, 1.004471396,
1991.013275012, 1.004246014,
1991.033706998, 1.004073773,
1991.054138983, 1.004661874,
1991.074570968, 1.004186514,
1991.095002852, 1.003916551,
1991.115434936, 1.005090437,
1991.135866920, 1.004278286,
1991.156299004, 1.003962953,
1991.176730886, 1.005873315,
1991.197162869, 1.004971258,
1991.217594952, 1.004311835,
1991.238026834, 1.004421296,
1991.258458815, 1.004179623,
1991.278890897, 1.004768095,
1991.340186838, 1.003408408,
1991.360618718, 1.004555982,
1991.381050698, 1.003381212,
1991.401482777, 1.004192341,
1991.421914655, 1.004162820,
1991.442346634, 1.003973491,
1991.462778712, 1.003882284,
1991.483210690, 1.004241224,
1991.503642567, 1.004240781,
1991.524074644, 1.004020309,
1991.544506621, 1.004839743,
1991.564938497, 1.004330296,
1991.585370573, 1.004371401,
1991.605802549, 1.004187476,
1991.626234624, 1.005080455,
1991.646666499, 1.004875817,
1991.667098474, 1.004472536,
1991.687530548, 1.004165311,
1991.707962421, 1.004370109,
1991.728394395, 1.004663997,
1991.748826368, 1.003685715,
1991.769258341, 1.003858849,
1991.789690313, 1.004815109,
1991.810122285, 1.003830658,
1991.830554257, 1.004730175,
1991.850986228, 1.003848907,
1991.871418200, 1.005386517,
1991.891850170, 1.004305542,
1991.912282141, 1.004762434,
1991.932714111, 1.004870000,
1991.953146080, 1.004589549,
1991.973578050, 1.004568346,
1991.994010119, 1.004297633,
1992.014441987, 1.004595916,
1992.075737891, 1.004498631,
1992.096169958, 1.004831658,
1992.116601925, 1.004400642,
1992.137033791, 1.004750346,
1992.157465857, 1.004066333,
1992.177897823, 1.004769231,
1992.198329689, 1.004533766,
1992.218761754, 1.003787086,
1992.239193719, 1.004369064,
1992.259625583, 1.003785657,
1992.300489611, 1.004001899,
1992.320921575, 1.003875869,
1992.341353537, 1.004131173,
1992.361785500, 1.004448021,
1992.382217462, 1.003908375,
1992.402649425, 1.003269277,
1992.423081386, 1.004806615,
1992.443513447, 1.004755676,
1992.463945409, 1.004619504,
1992.484377269, 1.004628959,
1992.504809329, 1.004356391,
1992.525241189, 1.003829300,
1992.545673149, 1.004322516,
1992.566105208, 1.003758597,
1992.586537067, 1.004222425,
1992.606969026, 1.003747430,
1992.647832942, 1.004694844,
1992.668264899, 1.004365895,
1992.688696956, 1.004513842,
1992.709128813, 1.004080659,
1992.729560770, 1.004651412,
1992.749992826, 1.004783246,
1992.811288692, 1.003354886,
1992.831720647, 1.004312201,
1992.852152602, 1.004078464,
1992.872584556, 1.004407216,
1992.893016510, 1.003579259,
1992.913448463, 1.004809071,
1992.933880416, 1.004673239,
1992.954312369, 1.003551320,
1992.974744421, 1.004291304,
1992.995176273, 1.003375951,
1993.015608225, 1.003904771,
1993.036040277, 1.004335074,
1993.056472128, 1.004807943,
1993.076904078, 1.004152952,
1993.097336129, 1.004533196,
1993.117767979, 1.004665943,
1993.138199928, 1.004301044,
1993.158631978, 1.003901080,
1993.179063827, 1.004989252,
1993.199495775, 1.004607234,
1993.219927824, 1.004906098,
1993.240359672, 1.004593206,
1993.301655514, 1.004560033,
1993.322087560, 1.004471825,
1993.342519507, 1.004518177,
1993.362951353, 1.003999793,
1993.383383398, 1.004830762,
1993.403815344, 1.004515605,
1993.424247189, 1.005177245,
1993.444679233, 1.004964230,
1993.465111178, 1.004253502,
1993.485543022, 1.004235378,
1993.546838852, 1.004563097,
1993.567270894, 1.004507106,
1993.587702836, 1.004764473,
1993.608134678, 1.003782059,
1993.628566720, 1.004847730,
1993.648998661, 1.005297687,
1993.669430702, 1.004755364,
1993.689862543, 1.004239675,
1993.710294483, 1.003981399,
1993.730726523, 1.004745883,
1993.751158363, 1.004836887,
1993.771590302, 1.004281201,
1993.792022341, 1.003791938,
1993.812454280, 1.004621649,
1993.832886118, 1.004671936,
1993.853318156, 1.004706411,
1993.873750094, 1.004981740,
1993.894181931, 1.004180688,
1993.914613968, 1.004390291,
1993.935045904, 1.004920500,
1993.955477741, 1.004636425,
1993.975909777, 1.004327469,
1994.037205583, 1.004553601,
1994.057637417, 1.004534646,
1994.078069452, 1.003708367,
1994.098501386, 1.004147099,
1994.118933219, 1.004008434,
1994.139365253, 1.004587018,
1994.159797186, 1.005432874,
1994.180229119, 1.004171874,
1994.200661051, 1.004550579,
1994.221092983, 1.004456939,
1994.282388777, 1.004208778,
1994.302820708, 1.003862561,
1994.323252638, 1.004436664,
1994.343684568, 1.004043791,
1994.364116498, 1.004736806,
1994.384548527, 1.004568758,
1994.404980356, 1.004646201,
1994.425412285, 1.005159812,
1994.445844313, 1.004576406,
1994.466276142, 1.004507457,
1994.486708169, 1.004220200,
1994.507140097, 1.004069782,
1994.527571924, 1.004673913,
1994.548003951, 1.005715830,
1994.568435877, 1.004822741,
1994.588867703, 1.004322703,
1994.609299729, 1.005466844,
1994.629731655, 1.003932859,
1994.650163580, 1.004260652,
1994.670595505, 1.005170493,
1994.691027429, 1.004435232,
1994.711459253, 1.005132740,
1994.772755024, 1.005069503,
1994.793187047, 1.004727104,
1994.813618969, 1.005391720,
1994.834050792, 1.009162445,
1994.854482814, 1.004564515,
1994.874914735, 1.005222634,
1994.895346757, 1.004755188,
1994.915778578, 1.005624106,
1994.936210498, 1.004675902,
1994.956642518, 1.004616650,
1995.017938277, 1.004578606,
1995.038370096, 1.005239350,
1995.058802015, 1.005812747,
1995.079234033, 1.005002201,
1995.099665852, 1.005589960,
1995.120097769, 1.004924583,
1995.140529787, 1.005512470,
1995.160961604, 1.004314296,
1995.181393521, 1.004798435,
1995.201825537, 1.004569237,
1995.263121285, 1.004867147,
1995.283553200, 1.005225869,
1995.303985115, 1.004301481,
1995.324417029, 1.005103810,
1995.344848944, 1.004460025,
1995.365280857, 1.004352888,
1995.385712771, 1.004004751,
1995.406144684, 1.004091120,
1995.447008510, 1.004392054,
1995.467440422, 1.004642638,
1995.487872334, 1.005040320,
1995.508304246, 1.004756037,
1995.528736058, 1.004488628,
1995.549168069, 1.005289211,
1995.569599979, 1.004163717,
1995.590031890, 1.005291086,
1995.610463800, 1.004516107,
1995.630895710, 1.004570256,
1995.651327619, 1.004831821,
1995.671759528, 1.004808904,
1995.692191437, 1.005572285,
1995.753487162, 1.004707852,
1995.773919170, 1.005187140,
1995.794351077, 1.004791225,
1995.814782884, 1.004538450,
1995.835214890, 1.004466666,
1995.855646797, 1.005318736,
1995.876078603, 1.005173096,
1995.896510609, 1.004720742,
1995.916942514, 1.004653601,
1995.937374319, 1.004828466,
1995.998670032, 1.004690672,
1996.019102036, 1.005131029,
1996.039533940, 1.004999698,
1996.059965843, 1.004972765,
1996.080397746, 1.005216773,
1996.100829649, 1.004811773,
1996.121261551, 1.004683462,
1996.141693453, 1.005806218,
1996.162125354, 1.004065602,
1996.182557256, 1.004635950,
1996.202989157, 1.005205225,
1996.223421058, 1.005106917,
1996.243853058, 1.004196073,
1996.264284858, 1.005012535,
1996.284716758, 1.004163711,
1996.305148757, 1.004396303,
1996.325580557, 1.004481397,
1996.346012456, 1.004252357,
1996.366444454, 1.006152735,
1996.386876253, 1.004684332,
1996.407308150, 1.005126315,
1996.427740148, 1.003991550,
1996.489035839, 1.005183955,
1996.509467635, 1.005107728,
1996.529899632, 1.004128165,
1996.550331528, 1.004840038,
1996.570763423, 1.004208217,
1996.591195318, 1.003187414,
1996.611627213, 1.004986364,
1996.632059108, 1.004360469,
1996.652491002, 1.004538833,
1996.672922896, 1.004713809,
1996.734218576, 1.005725111,
1996.754650469, 1.005151449,
1996.775082461, 1.004809300,
1996.795514253, 1.005180713,
1996.815946145, 1.004897218,
1996.836378137, 1.003832352,
1996.856809928, 1.004544619,
1996.877241819, 1.004916671,
1996.897673709, 1.004996516,
1996.918105600, 1.004928978,
1996.979401269, 1.004628646,
1996.999833258, 1.004384031,
1997.020265047, 1.005324492,
1997.040696935, 1.005161366,
1997.061128923, 1.005336152,
1997.101992599, 1.005090036,
1997.122424586, 1.005173887,
1997.163288260, 1.004700161,
1997.224583918, 1.005186066,
1997.245015903, 1.005049951,
1997.265447789, 1.005391725,
1997.285879573, 1.004904914,
1997.306311558, 1.004833795,
1997.326743442, 1.004805449,
1997.347175426, 1.005254551,
1997.367607210, 1.005505005,
1997.388039093, 1.004500128,
1997.408471076, 1.003926414,
1997.428902859, 1.005347558,
1997.449334742, 1.004465920,
1997.469766724, 1.005178871,
1997.490198506, 1.004898668,
1997.510630387, 1.004694073,
1997.531062369, 1.004230119,
1997.551494250, 1.004857500,
1997.571926030, 1.004675065,
1997.592358011, 1.004755540,
1997.612789791, 1.004620393,
1997.633221671, 1.004535520,
1997.653653650, 1.004293414,
1997.714949287, 1.004841550,
1997.735381065, 1.004571280,
1997.755813043, 1.004469381,
1997.776244921, 1.005152580,
1997.796676698, 1.004716770,
1997.817108675, 1.005372432,
1997.837540553, 1.005168950,
1997.857972329, 1.004406320,
1997.878404305, 1.004408980,
1997.898836181, 1.005370258,
1997.960131807, 1.004577144,
1997.980563682, 1.004986474,
1998.000995557, 1.005002019,
1998.021427431, 1.004877149,
1998.041859305, 1.004271071,
1998.062291278, 1.005298589,
1998.082723052, 1.004385494,
1998.103155025, 1.005148255,
1998.123586898, 1.005140648,
1998.144018670, 1.004808063,
1998.164450642, 1.004650321,
1998.184882514, 1.004333250,
1998.205314285, 1.004073253,
1998.225746257, 1.005147040,
1998.246178128, 1.004839806,
1998.266609898, 1.005018303,
1998.287041869, 1.005549918,
1998.307473739, 1.004601877,
1998.348337478, 1.005373768,
1998.368769248, 1.003813354,
1998.389201217, 1.004010669,
1998.450496722, 1.004259171,
1998.470928690, 1.004389573,
1998.491360557, 1.005367101,
1998.511792424, 1.005041324,
1998.532224291, 1.005175390,
1998.552656158, 1.004244777,
1998.573088124, 1.005107333,
1998.593519890, 1.005038974,
1998.613951756, 1.004672495,
1998.634383722, 1.004107412,
1998.695679316, 1.005161948,
1998.716111081, 1.004883845,
1998.736542945, 1.005974037,
1998.756974909, 1.005275748,
1998.777406672, 1.004860842,
1998.797838535, 1.005425741,
1998.818270498, 1.005570003,
1998.838702261, 1.005117268,
1998.859134123, 1.005265430,
1998.879566085, 1.005496976,
1998.899997947, 1.004128563,
1998.920429808, 1.004661761,
1998.940861670, 1.004482894,
1998.961293531, 1.004991482,
1998.981725391, 1.004375217,
1999.002157252, 1.004764500,
1999.022589112, 1.005460711,
1999.043021072, 1.004787024,
1999.063452831, 1.004813047,
1999.083884690, 1.005848220,
1999.104316549, 1.005172268,
1999.124748408, 1.005306743,
1999.186043982, 1.004735400,
1999.206475740, 1.004921988,
1999.226907697, 1.004664683,
1999.247339554, 1.004890836,
1999.267771511, 1.004832257,
1999.288203267, 1.004315004,
1999.308635123, 1.005019517,
1999.329067079, 1.005099218,
1999.349498834, 1.005003705,
1999.369930690, 1.004850072,
1999.390362645, 1.005104239,
1999.410794499, 1.004233600,
1999.431226254, 1.005219626,
1999.451658208, 1.005029514,
1999.472090062, 1.005159055,
1999.492521815, 1.004468961,
1999.533385622, 1.005473910,
1999.553817375, 1.003930492,
1999.574249327, 1.004612320,
1999.594681179, 1.004719986,
1999.615112931, 1.004267071,
1999.676408685, 1.004379134,
1999.696840436, 1.005041114,
1999.717272287, 1.004731431,
1999.737704237, 1.004623813,
1999.758135987, 1.004573428,
1999.778567837, 1.004599682,
1999.798999786, 1.005399683,
1999.819431536, 1.004328633,
1999.839863384, 1.004330140,
1999.860295233, 1.005463535,
1999.921590777, 1.005209886,
1999.942022625, 1.005649917,
1999.962454472, 1.004900200,
1999.982886419, 1.004664343,
2000.003318165, 1.004515302,
2000.023750112, 1.004036853,
2000.044181958, 1.004586897,
2000.064613704, 1.005017801,
2000.085045650, 1.005050683,
2000.105477495, 1.005411598,
2000.125909240, 1.004886761,
2000.146341185, 1.003929125,
2000.166773029, 1.004655785,
2000.187204773, 1.004592814,
2000.207636717, 1.004494565,
2000.228068561, 1.005994675,
2000.248500405, 1.004609100,
2000.268932248, 1.004757494,
2000.289364090, 1.004891899,
2000.309795933, 1.004483010,
2000.330227775, 1.004468796,
2000.350659617, 1.005067185,
2000.411955142, 1.003898197,
2000.432387083, 1.005273581,
2000.452818924, 1.004878667,
2000.473250664, 1.004917981,
2000.493682604, 1.004064848,
2000.514114444, 1.005319800,
2000.534546184, 1.004909113,
2000.554978123, 1.005068038,
2000.575409962, 1.003891902,
2000.595841701, 1.004827577,
2000.636705378, 1.003600242,
2000.657137216, 1.004402901,
2000.677569154, 1.004551518,
2000.698000891, 1.005282087,
2000.718432728, 1.004848402,
2000.738864665, 1.004565892,
2000.759296402, 1.004461042,
2000.779728338, 1.004808298,
2000.800160174, 1.004102461,
2000.820592010, 1.005150199,
2000.841023846, 1.004749080,
2000.861455681, 1.004875314,
2000.881887516, 1.005300508,
2000.902319351, 1.004407866,
2000.922751186, 1.004192515,
2000.963614954, 1.004588025,
2000.984046688, 1.004946209,
2001.004478521, 1.004356362,
2001.024910455, 1.005497223,
2001.045342187, 1.004865132,
2001.065774020, 1.004416792,
2001.086205953, 1.004452348,
2001.147501448, 1.005698075,
2001.167933180, 1.005392470,
2001.188365111, 1.004953868,
2001.208796941, 1.004483831,
2001.229228772, 1.004511151,
2001.249660602, 1.005577003,
2001.270092332, 1.005133352,
2001.290524262, 1.004891672,
2001.310956092, 1.004581168,
2001.331387921, 1.005072789,
2001.351819650, 1.004015640,
2001.372251579, 1.003891239,
2001.392683407, 1.004623647,
2001.413115136, 1.005649599,
2001.433547064, 1.003853986,
2001.453978891, 1.005362690,
2001.474410619, 1.004458945,
2001.494842546, 1.004812694,
2001.515274373, 1.005183471,
2001.535706299, 1.004560903,
2001.556138026, 1.004525030,
2001.576569852, 1.004223875,
2001.637865329, 1.005656811,
2001.658297254, 1.004190560,
2001.678728979, 1.004577905,
2001.699160804, 1.004853418,
2001.719592728, 1.004743101,
2001.740024452, 1.005357356,
2001.760456276, 1.004975526,
2001.780888199, 1.004348606,
2001.801320023, 1.005544252,
2001.821751746, 1.004096893,
2001.842183669, 1.004058622,
2001.862615491, 1.004855851,
2001.883047413, 1.004725556,
2001.903479135, 1.005093039,
2001.923910957, 1.004069309,
2001.944342879, 1.004373580,
2001.964774600, 1.004101586,
2001.985206421, 1.004280733,
2002.005638242, 1.004822635,
2002.026070062, 1.003391962,
2002.046501882, 1.004272625,
2002.066933702, 1.004709334,
2002.128229161, 1.004515584,
2002.148660980, 1.004657094,
2002.169092798, 1.005076312,
2002.189524617, 1.005044836,
2002.209956435, 1.005299881,
2002.230388353, 1.005040639,
2002.250820071, 1.004554912,
2002.271251888, 1.004514334,
2002.291683806, 1.004979178,
2002.312115622, 1.004429120,
2002.332547339, 1.004337368,
2002.352979256, 1.004467170,
2002.373411072, 1.004910064,
2002.393842788, 1.004813675,
2002.414274703, 1.005121739,
2002.434706519, 1.004008191,
2002.455138234, 1.004275907,
2002.475570149, 1.005026722,
2002.496001964, 1.004745016,
2002.516433678, 1.004700999,
2002.536865592, 1.004938665,
2002.557297406, 1.005064248,
2002.639024760, 1.004174881,
2002.659456472, 1.006875824,
2002.679888285, 1.004689041,
2002.700320197, 1.004001013,
2002.720751909, 1.004758693,
2002.741183720, 1.004715894,
2002.761615532, 1.004816503,
2002.782047343, 1.003646174,
2002.802479154, 1.004522923,
2002.822911065, 1.006552571,
2002.843342775, 1.004557679,
2002.863774585, 1.004514812,
2002.884206495, 1.004238906,
2002.904638205, 1.005664327,
2002.925070015, 1.005453250,
2002.945501924, 1.005411365,
2002.965933633, 1.005274547,
2002.986365542, 1.004681902,
2003.006797350, 1.004806992,
2003.027229058, 1.004797532,
2003.047660966, 1.004199362,
2003.108956389, 1.005545245,
2003.129388196, 1.004354374,
2003.149820002, 1.004100013,
2003.170251809, 1.005346466,
2003.190683616, 1.004228614,
2003.211115422, 1.004379652,
2003.231547227, 1.003079830,
2003.251979033, 1.004203649,
2003.272410838, 1.005415362,
2003.292842743, 1.004251211,
2003.313274448, 1.004373402,
2003.333706353, 1.004550390,
2003.354138157, 1.004834907,
2003.374569861, 1.004633319,
2003.395001765, 1.005102679,
2003.415433568, 1.004806311,
2003.435865272, 1.004438924,
2003.456297175, 1.003250233,
2003.476728878, 1.005995484,
2003.497160681, 1.005268445,
2003.517592583, 1.004065973,
2003.538024285, 1.004778443,
2003.599319690, 1.003452290,
2003.619751492, 1.003692467,
2003.640183392, 1.004108941,
2003.660615193, 1.004722573,
2003.681046994, 1.004591584,
2003.701478794, 1.005504911,
2003.721910594, 1.004947579,
2003.742342394, 1.004596707,
2003.762774193, 1.004010372,
2003.783205993, 1.004498228,
2003.803637892, 1.004537430,
2003.824069591, 1.004481020,
2003.844501389, 1.004559677,
2003.864933287, 1.004435507,
2003.885364986, 1.003841748,
2003.905796783, 1.004816803,
2003.926228681, 1.004811870,
2003.946660379, 1.004014124,
2003.967092176, 1.004182655,
2003.987524073, 1.005909509,
2004.007955769, 1.004918405,
2004.028387666, 1.005564602,
2004.089683054, 1.004509070,
2004.110114849, 1.003359615,
2004.130546645, 1.004560006,
2004.150978440, 1.004003544,
2004.171410234, 1.003815248,
2004.191842029, 1.004135117,
2004.212273823, 1.003671829,
2004.232705618, 1.004279442,
2004.253137312, 1.003943966,
2004.273569205, 1.004230363,
2004.294000998, 1.003821932,
2004.314432692, 1.004546304,
2004.334864585, 1.004348224,
2004.355296377, 1.004323531,
2004.375728270, 1.004262913,
2004.396159962, 1.004169343,
2004.416591754, 1.004226246,
2004.437023646, 1.004463896,
2004.457455338, 1.004442393,
2004.477887129, 1.004575000,
2004.498319020, 1.005350133,
2004.518750711, 1.006101305,
2004.580046082, 1.003631448,
2004.600477872, 1.004304876,
2004.620909762, 1.003631536,
2004.641341551, 1.004323779,
2004.661773241, 1.004439534,
2004.682205130, 1.004395267,
2004.702636918, 1.004160325,
2004.723068707, 1.004575254,
2004.743500495, 1.003268792,
2004.763932283, 1.004507273,
2004.825227646, 1.004600537,
2004.845659434, 1.003532391,
2004.866091221, 1.004265225,
2004.886523007, 1.004785065,
2004.906954794, 1.004326508,
2004.927386580, 1.003737630,
2004.947818366, 1.004378129,
2004.968250152, 1.004729052,
2004.988681938, 1.004575629,
2005.009113723, 1.004770398,
2005.029545508, 1.003451002,
2005.049977293, 1.005296734,
2005.070409178, 1.004151013,
2005.090840862, 1.004375743,
2005.111272647, 1.003100406,
2005.131704531, 1.003311768,
2005.152136315, 1.004151122,
2005.172567998, 1.003801295,
2005.192999881, 1.005008278,
2005.213431665, 1.003557578,
2005.254295230, 1.004447386,
2005.295158695, 1.003729347,
2005.315590577, 1.004240099,
2005.336022359, 1.003407454,
2005.356454040, 1.004164410,
2005.376885922, 1.003548442,
2005.397317703, 1.003608312,
2005.417749584, 1.010389722,
2005.438181265, 1.005161801,
2005.458613045, 1.005457639,
2005.479044925, 1.003736707,
2005.499476605, 1.003738511,
2005.519908385, 1.004963696,
2005.540340265, 1.004292445,
2005.560771944, 1.005179455,
2005.581203723, 1.003878995,
2005.601635602, 1.003649634,
2005.622067281, 1.004190292,
2005.642499059, 1.004504754,
2005.662930837, 1.003687737,
2005.683362615, 1.003763101,
2005.703794393, 1.004367179,
2005.724226271, 1.003532940,
2005.744657948, 1.005198215,
2005.805953279, 1.003589879,
2005.826385156, 1.003350815,
2005.846816932, 1.004363290,
2005.867248608, 1.003737155,
2005.887680484, 1.004024650,
2005.908112259, 1.003727781,
2005.928543935, 1.003706463,
2005.948975810, 1.003589584,
2005.969407585, 1.003804106,
2005.989839360, 1.004292145,
2006.030702909, 1.003814344,
2006.051134683, 1.003894705,
2006.071566457, 1.004137808,
2006.091998230, 1.003886614,
2006.112430104, 1.003949053,
2006.132861777, 1.003680512,
2006.153293550, 1.003277850,
2006.173725423, 1.004348070,
2006.194157196, 1.004148056,
2006.214588868, 1.003760962,
2006.235020740, 1.003181094,
2006.255452512, 1.003626981,
2006.275884184, 1.014463156,
2006.296316056, 1.004141031,
2006.316747827, 1.003382710,
2006.337179498, 1.004226048,
2006.357611369, 1.004490258,
2006.378043040, 1.003430032,
2006.398474810, 1.004497904,
2006.418906681, 1.004119421,
2006.439338351, 1.003330886,
2006.459770221, 1.003953273,
2006.480201990, 1.004087087,
2006.541497298, 1.004141963,
2006.561929067, 1.002774159,
2006.582360835, 1.003676495,
2006.602792603, 1.003434663,
2006.623224372, 1.003210005,
2006.643656240, 1.003336983,
2006.664087907, 1.003779502,
2006.684519675, 1.004640127,
2006.704951542, 1.003257063,
2006.725383209, 1.004072822,
2006.745814976, 1.003202104,
2006.766246843, 1.004166609,
2006.786678509, 1.003362760,
2006.807110376, 1.003233238,
2006.827542142, 1.003028214,
2006.847973808, 1.003080427,
2006.868405673, 1.003972798,
2006.888837439, 1.003937268,
2006.909269104, 1.003338897,
2006.929700969, 1.003984645,
2006.950132734, 1.003862696,
2006.970564399, 1.003997403,
2007.031859791, 1.002693062,
2007.052291555, 1.003562028,
2007.072723318, 1.003792525,
2007.093155082, 1.003719460,
2007.113586845, 1.002891580,
2007.134018608, 1.002928105,
2007.154450371, 1.003763954,
2007.174882133, 1.002729446,
2007.195313896, 1.003727849,
2007.215745758, 1.003665939,
2007.236177420, 1.004067005,
2007.256609181, 1.003841428,
2007.277041043, 1.003595180,
2007.297472704, 1.003455704,
2007.317904465, 1.003569015,
2007.338336326, 1.003096979,
2007.358767987, 1.003359038,
2007.379199748, 1.003569220,
2007.399631608, 1.004037815,
2007.420063268, 1.004403841,
2007.440495128, 1.003531924,
2007.460926888, 1.002961312,
2007.522222166, 1.003267513,
2007.542653925, 1.003105885,
2007.563085683, 1.002947241,
2007.583517442, 1.003046998,
2007.603949200, 1.002940406,
2007.624381058, 1.002746955,
2007.644812716, 1.003161031,
2007.665244474, 1.003542637,
2007.685676331, 1.003581587,
2007.706107989, 1.004902272,
2007.726539746, 1.003208951,
2007.746971503, 1.003322731,
2007.767403259, 1.003391300,
2007.787835116, 1.003857109,
2007.808266872, 1.003757259,
2007.828698528, 1.003435359,
2007.849130384, 1.002716284,
2007.869562040, 1.003236229,
2007.889993796, 1.003509667,
2007.910425651, 1.003416874,
2007.930857306, 1.002329539,
2007.951289061, 1.002219902,
2007.971720916, 1.003261777,
2007.992152570, 1.003438427,
2008.012584324, 1.003542564,
2008.033016179, 1.003098662,
2008.053447932, 1.003746919,
2008.073879586, 1.003223998,
2008.094311440, 1.002260151,
2008.114743193, 1.003865789,
2008.135174946, 1.003274563,
2008.155606699, 1.002733392,
2008.176038452, 1.002932545,
2008.196470305, 1.002910907,
2008.257765561, 1.002102941,
2008.278197213, 1.003532645,
2008.298628965, 1.002828429,
2008.319060816, 1.003326459,
2008.339492467, 1.002953439,
2008.359924218, 1.002562584,
2008.380356069, 1.002858546,
2008.400787720, 1.003642304,
2008.421219470, 1.001839602,
2008.441651320, 1.002713781,
2008.523378319, 1.003046539,
2008.543810069, 1.002411812,
2008.564241818, 1.003035397,
2008.584673467, 1.003001012,
2008.605105315, 1.002964467,
2008.625537064, 1.002946188,
2008.645968712, 1.003120427,
2008.666400561, 1.003179062,
2008.686832308, 1.003051503,
2008.707263956, 1.002797558,
2008.727695804, 1.002593396,
2008.748127551, 1.002856358,
2008.768559399, 1.003150226,
2008.788991045, 1.002454318,
2008.809422792, 1.002804859,
2008.829854639, 1.002107632,
2008.850286285, 1.002366813,
2008.870718032, 1.002690973,
2008.891149878, 1.001820885,
2008.911581524, 1.002975818,
2008.932013269, 1.001831885,
2008.952445115, 1.002549454,
2008.972876760, 1.002923954,
2008.993308505, 1.003179031,
2009.013740350, 1.004527221,
2009.034172095, 1.005186754,
2009.054603740, 1.002349887,
2009.075035584, 1.002814541,
2009.095467328, 1.002327333,
2009.115899072, 1.002962910,
2009.136330816, 1.002134158,
2009.156762560, 1.002564956,
2009.177194403, 1.002013276,
2009.238489532, 1.002529199,
2009.258921275, 1.001880101,
2009.279352918, 1.002160012,
2009.299784760, 1.002102071,
2009.320216502, 1.002599037,
2009.340648144, 1.002413306,
2009.361079986, 1.001300949,
2009.381511728, 1.002091655,
2009.401943569, 1.001229076,
2009.442806951, 1.002698568,
2009.463238792, 1.002142518,
2009.483670433, 1.002207540,
2009.504102174, 1.001698001,
2009.524534014, 1.002856994,
2009.544965754, 1.001558110,
2009.565397394, 1.002202750,
2009.585829234, 1.002595166,
2009.626692613, 1.001843813,
2009.647124452, 1.002045928,
2009.667556191, 1.001815317,
2009.687987830, 1.002926904,
2009.708419669, 1.001583390,
2009.728851407, 1.002061420,
2009.749283246, 1.001247769,
2009.769714884, 1.001020259,
2009.790146622, 1.001755739,
2009.810578460, 1.002022474,
2009.831010097, 1.000868052,
2009.851441835, 1.002250764,
2009.871873572, 1.002738866,
2009.892305309, 1.001337572,
2009.912737046, 1.002235535,
2009.974032256, 1.001404871,
2009.994463992, 1.002544609,
2010.014895728, 1.002412939,
2010.035327464, 1.001361232,
2010.055759200, 1.001180248,
2010.076190935, 1.001838370,
2010.096622771, 1.001221795,
2010.117054506, 1.002538331,
2010.137486141, 1.001817304,
2010.157917976, 1.002118256,
2010.178349710, 1.001883592,
2010.198781345, 1.001163047,
2010.219213179, 1.001463059,
2010.239644913, 1.001206198,
2010.260076547, 1.001859889,
2010.280508381, 1.002290426,
2010.300940114, 1.001449085,
2010.321371748, 1.000821443,
2010.341803581, 1.000929376,
2010.362235314, 1.001008427,
2010.382667147, 1.001425703,
2010.403098780, 1.001640807,
2010.464393977, 1.002044103,
2010.484825709, 1.001555065,
2010.505257541, 1.001193772,
2010.525689272, 1.001925838,
2010.546120904, 1.000899129,
2010.566552735, 1.000656134,
2010.586984467, 1.001396520,
2010.607416098, 1.002057293,
2010.627847928, 1.001369992,
2010.648279659, 1.001747389,
2010.668711289, 1.001874291,
2010.689143120, 1.001720695,
2010.709574750, 1.001607533,
2010.730006580, 1.002034023,
2010.750438310, 1.000889262,
2010.770869939, 1.002133954,
2010.791301769, 1.001001380,
2010.811733498, 1.001447079,
2010.832165128, 1.000975960,
2010.852596956, 1.001090797,
2010.873028685, 1.000812721,
2010.893460314, 1.001173430,
2010.913892142, 1.001185636,
2010.934323871, 1.001233558,
2010.954755599, 1.001521008,
2010.975187327, 1.001816683,
2010.995619054, 1.001482871,
2011.016050882, 1.001552518,
2011.036482610, 1.001697402,
2011.056914237, 1.001117475,
2011.077346064, 1.001264383,
2011.097777791, 1.000514308,
2011.118209418, 1.000598746,
2011.138641244, 1.001611893,
2011.179504597, 1.001477345,
2011.199936423, 1.000647616,
2011.220368149, 1.001416160,
2011.240799775, 1.001196552,
2011.261231601, 1.000949391,
2011.281663326, 1.001475147,
2011.302094952, 1.001206398,
2011.322526777, 1.000614027,
2011.342958502, 1.000879319,
2011.363390227, 1.001013581,
2011.383821951, 1.000849924,
2011.445117124, 1.001543401,
2011.465548848, 1.000841525,
2011.485980572, 1.001893884,
2011.506412296, 1.000751171,
2011.547275843, 1.001065352,
2011.588139189, 1.000981349,
2011.608571012, 1.002324852,
2011.629002635, 1.001101967,
2011.649434457, 1.000682864,
2011.669866179, 1.000481139,
2011.690297802, 1.001413056,
2011.710729624, 1.001502975,
2011.731161346, 1.001689342,
2011.751592967, 1.001393115,
2011.772024789, 1.000526198,
2011.792456510, 1.001530264,
2011.812888132, 1.001387985,
2011.833319953, 1.000693337,
2011.853751674, 1.000690474,
2011.874183395, 1.001798922,
2011.894615115, 1.000988681,
2011.915046836, 1.003040970,
2011.935478656, 1.000956441,
2011.955910276, 1.000544853,
2011.976341996, 1.000734791,
2011.996773816, 1.000653433,
2012.017205536, 1.000633247,
2012.037637155, 1.000420573,
2012.058068975, 1.000871543,
2012.078500594, 1.000905979,
2012.098932313, 1.000164890,
2012.119364132, 1.000026815,
2012.139795751, 1.000326801,
2012.160227469, 1.000062426,
2012.180659288, 1.000529579,
2012.201090906, 1.000565732,
2012.221522624, 1.000998688,
2012.241954442, 0.999738562,
2012.262386060, 0.999766333,
2012.282817878, 0.999705926,
2012.303249595, 1.000304504,
2012.323681213, 0.999894797,
2012.344113030, 0.999404403,
2012.364544747, 1.000052823,
2012.425839897, 1.000821380,
2012.446271614, 1.001261376,
2012.466703330, 1.000576009,
2012.487135046, 0.999882350,
2012.507566762, 1.000028533,
2012.527998478, 1.001149123,
2012.548430194, 1.000438524,
2012.568862009, 1.001667980,
2012.589293725, 1.000808079,
2012.609725340, 1.000593801,
2012.630157155, 1.000077364,
2012.650588870, 0.999410952,
2012.671020485, 1.001356239,
2012.691452299, 1.000048393,
2012.711884014, 0.999841968,
2012.732315628, 1.001344719,
2012.752747442, 0.999940430,
2012.773179157, 0.999729093,
2012.793610770, 1.000473412,
2012.814042584, 1.000670530,
2012.834474298, 0.999995563,
2012.854906011, 1.000444723,
2012.916201151, 1.000544463,
2012.936632864, 0.999979418,
2012.957064576, 1.000352758,
2012.977496289, 1.000297166,
2012.997928001, 1.000720420,
2013.018359713, 1.000167544,
2013.038791425, 1.000545045,
2013.059223137, 1.000303200,
2013.079654849, 1.000590364,
2013.100086661, 1.000832885,
2013.120518272, 0.999820527,
2013.140950084, 1.000385441,
2013.161381795, 1.000182598,
2013.181813406, 1.000827844,
2013.202245217, 1.000102671,
2013.222676928, 1.000179119,
2013.243108539, 0.999939128,
2013.263540349, 1.000174184,
2013.283972059, 0.999927045,
2013.304403670, 0.999922992,
2013.324835480, 1.000132933,
2013.345267190, 1.000297364,
2013.365698800, 1.000111007,
2013.386130609, 1.000196159,
2013.406562319, 1.000442100,
2013.426994028, 0.999878404,
2013.447425737, 1.000074450,
2013.467857446, 0.999790732,
2013.488289155, 0.999733877,
2013.508720864, 1.000045000,
2013.529152573, 0.999905708,
2013.549584281, 1.000169665,
2013.570015990, 0.999304729,
2013.590447698, 0.999926908,
2013.610879506, 0.998746361,
2013.631311114, 0.999594769,
2013.651742822, 0.999285661,
2013.672174629, 0.999354186,
2013.713037944, 0.999581489,
2013.733469752, 0.999724742,
2013.753901359, 1.000670666,
2013.774333166, 0.999176496,
2013.794764873, 0.999486602,
2013.815196479, 0.999833767,
2013.835628286, 0.998571054,
2013.896923405, 0.999854563,
2013.917355111, 0.999791652,
2013.937786816, 0.999146859,
2013.958218522, 1.000098228,
2013.978650228, 0.999672958,
2013.999081933, 1.000589841,
2014.019513639, 0.999790638,
2014.039945344, 0.999180830,
2014.060377149, 0.999274258,
2014.080808854, 1.000035595,
2014.101240459, 1.000292388,
2014.121672263, 0.999850501,
2014.142103968, 0.999205503,
2014.162535572, 0.998912820,
2014.182967376, 0.999085626,
2014.203399080, 0.998942057,
2014.223830684, 0.999941754,
2014.244262488, 1.000235082,
2014.264694092, 0.999339327,
2014.285125796, 0.999093805,
2014.305557599, 0.998758061,
2014.325989202, 0.999875513,
2014.366852708, 1.000229230,
2014.387284311, 0.999286683,
2014.407716114, 0.999116263,
2014.428147816, 0.999495948,
2014.448579519, 1.000483615,
2014.469011221, 0.999099839,
2014.489442924, 0.999827659,
2014.509874626, 0.999397759,
2014.530306328, 0.999690984,
2014.550738029, 0.999106004,
2014.571169731, 0.999397691,
2014.591601533, 0.998713427,
2014.612033134, 1.000495957,
2014.632464936, 0.999243212,
2014.652896637, 0.999199496,
2014.673328238, 0.999184108,
2014.693760039, 0.999250848,
2014.714191739, 0.999095709,
2014.734623340, 0.999035417,
2014.755055141, 0.998894627,
2014.775486841, 0.998277293,
2014.795918441, 0.998342006,
2014.816350241, 0.998743793,
2014.877645341, 0.998741152,
2014.918508740, 0.998576790,
2014.938940440, 0.999298462,
2014.959372139, 0.998365301,
2014.979803838, 0.999959307,
2017.860672837, 1.000342960,
2017.881104621, 0.999737931,
2017.901536204, 1.000851068,
2017.921967887, 0.999730923,
2017.942399669, 0.999884350,
2017.962831252, 1.000192250,
2017.983262935, 1.000391733,
2018.003694717, 0.999389093,
2018.024126300, 1.000276098,
2018.044557982, 1.000238528,
2018.064989764, 1.000079887,
2018.085421346, 1.000811049,
2018.105853129, 1.000581849,
2018.126284810, 1.000178704,
2018.146716492, 1.000941381,
2018.167148174, 1.000096110,
2018.187579856, 1.000954666,
2018.208011537, 1.000085225,
2018.228443219, 1.000513650,
2018.248874900, 0.999395554,
2018.269306582, 1.000283912,
2018.289738363, 1.000000209,
2018.310169944, 1.000673245,
2018.330601625, 0.999936245,
2018.351033406, 1.000583873,
2018.371464987, 1.001054945,
2018.391896768, 1.000285222,
2018.412328448, 1.001111756,
2018.432760029, 1.001124536,
2018.453191809, 1.001562582,
2018.473623490, 1.000289137,
2018.494055070, 1.001316738,
2018.514486850, 1.001353518,
2018.534918430, 1.000560460,
2018.555350110, 1.000202597,
2018.575781890, 1.000866039,
2018.596213470, 1.000524703,
2018.616645250, 1.000647200,
2018.637076929, 1.001106611,
2018.657508609, 1.000391919,
2018.677940288, 1.001265692,
2018.698371968, 1.000893371,
2018.718803647, 1.000344217,
2018.739235326, 1.000876573,
2018.800530463, 1.000550291,
2018.820962042, 0.999427637,
2018.841393821, 1.000153645,
2018.861825500, 1.001189305,
2018.882257078, 1.001972361,
2018.902688857, 1.000903709,
2018.923120535, 0.999875489,
2018.943552113, 1.001193190,
2018.963983892, 1.001062089,
2018.984415570, 1.000985142,
2019.004847148, 1.001153553,
2019.025278926, 1.000958555,
2019.066142182, 1.000391163,
2019.086573959, 1.000729561,
2019.107005637, 1.001500516,
2019.127437314, 1.000241014,
2019.147868992, 1.000561346,
2019.168300669, 1.001038801,
2019.188732346, 1.001001730,
2019.209164024, 1.001816348,
2019.229595701, 1.000454509,
2019.250027378, 1.001323618,
2019.270459055, 1.000475847,
2019.290890732, 1.000868838,
2019.311322408, 1.000864394,
2019.331754085, 1.000439870,
2019.352185862, 1.001667675,
2019.372617538, 1.001307175,
2019.393049115, 1.000806945,
2019.413480891, 1.001021121,
2019.433912567, 0.999657462,
2019.454344144, 1.000506141,
2019.474775920, 1.001066100,
2019.495207596, 1.000970818,
2019.515639172, 1.001540318,
2019.536070948, 1.000163827,
2019.556502623, 1.000696866,
2019.576934199, 1.001248250,
2019.597365975, 1.000217110,
2019.617797650, 1.000624645,
2019.638229426, 1.000788440,
2019.658661001, 1.001325452,
2019.679092676, 1.000103404,
2019.699524452, 1.000407644,
2019.719956027, 1.000760591,
2019.781251152, 1.000543373,
2019.801682727, 1.000659486,
2019.822114501, 1.000132282,
2019.842546176, 1.000162213,
2019.862977851, 1.000279387,
2019.883409525, 1.001702725,
2019.903841100, 1.000509848,
2019.924272874, 1.000599060,
2019.944704548, 1.000231732,
2019.965136123, 1.001003954,
2019.985567897, 1.001752382,
2020.005999571, 1.000278529,
2020.026431145, 1.000967359,
2020.046862919, 1.000695054,
2020.067294592, 1.001595477,
2020.087726166, 1.000611171,
2020.108157940, 1.001301073,
2020.128589613, 1.001158290,
2020.149021387, 1.000451515,
2020.169452960, 1.000159957,
2020.189884634, 1.000686960,
2020.210316407, 1.001060911,
2020.230747980, 1.001021584,
2020.251179654, 1.000276006,
2020.271611427, 1.000471062,
2020.292043100, 1.000916535,
2020.312474673, 1.001163895,
2020.332906445, 1.000510139,
2020.353338118, 1.000955646,
2020.373769791, 1.000996358,
2020.394201464, 1.001248000,
2020.414633136, 1.001575558,
2020.435064909, 1.001473431,
2020.455496481, 1.002011145,
2020.475928153, 1.001485377,
2020.496359826, 1.000908534,
2020.516791498, 1.001408483,
2020.537223170, 1.002005947,
2020.557654842, 1.001089157,
2020.578086514, 1.000305660,
2020.598518186, 1.002016298,
2020.618949858, 1.001733849,
2020.639381530, 1.000942256,
2020.659813301, 1.001248887,
2020.680244873, 1.000069800,
2020.700676545, 1.000900820,
2020.721108316, 1.001264683,
2020.741539888, 1.001619102,
2020.761971559, 1.000842563,
2020.782403330, 1.000687762,
2020.802835002, 1.000962874,
2020.823266573, 1.001395003,
2020.843698344, 0.999942365,
2020.884561686, 1.001142748,
2020.904993357, 1.001670768,
2020.925425028, 1.001746918,
2020.945856698, 1.001579482,
2020.966288369, 1.001075314,
2020.986720040, 1.001038298,
2021.007151810, 1.001127971,
2021.027583381, 1.000801921,
2021.048015051, 1.001018426,
2021.068446822, 1.000462661,
2021.088878392, 1.001296045,
2021.109310062, 1.001231594,
2021.129741832, 1.001004415,
2021.150173402, 1.000454115,
2021.170605172, 1.000652188,
2021.191036842, 1.001458691,
2021.211468412, 1.001157859,
2021.231900182, 1.000823404,
2021.252331852, 1.001315295,
2021.272763422, 1.001546788,
2021.293195191, 1.000100014,
2021.313626761, 1.001148543,
2021.334058430, 1.000556658,
2021.354490200, 1.001296293,
2021.374921869, 1.000745313,
2021.395353539, 1.000132058,
2021.415785208, 1.001096434,
2021.436216877, 1.000465607,
2021.477080215, 1.002461016,
2021.497511884, 1.001022311,
2021.517943653, 1.000825433,
2021.538375222, 1.001256484,
2021.558806891, 1.000847338,
2021.579238660, 1.001296407,
2021.599670228, 1.001052871,
2021.620101997, 1.001133632,
2021.640533666, 1.000691219,
2021.660965234, 1.001204254,
2021.681397003, 1.000603054,
2021.722260240, 1.000364011,
2021.742692008, 1.000303692,
2021.763123676, 1.000160231,
2021.783555244, 1.000621014,
2021.803987012, 1.001409967,
2021.824418681, 1.001341561,
2021.844850349, 1.000359869,
2021.865282017, 1.001339080,
2021.885713684, 1.001254868,
2021.906145352, 1.001023698,
2021.926577020, 1.001072961,
2021.947008688, 1.000837259,
2021.967440355, 1.001805779,
2021.987872023, 1.000931121,
2022.008303691, 1.000278979,
2022.028735458, 1.001220492,
2022.049167026, 1.000249671,
2022.069598693, 0.999801031,
2022.090030460, 1.000241150,
2022.110462028, 1.000297140,
2022.130893795, 1.000825083,
2022.151325462, 1.001317228,
2022.171757029, 0.999840633,
2022.192188796, 1.001057347,
2022.212620463, 0.999720930,
2022.233052030, 1.000372192,
2022.253483797, 1.000804607,
2022.273915464, 1.000209474,
2022.294347031, 1.000442706,
2022.314778797, 1.000252803,
2022.335210464, 1.000677827,
2022.355642231, 1.001510178,
2022.376073797, 1.000523009,
2022.396505464, 1.000629414,
2022.416937230, 1.001371910,
2022.478232229, 0.999927821,
2022.498663896, 1.000971868,
2022.519095462, 0.999979729,
2022.539527228, 1.000660842,
2022.559958894, 1.002238204,
2022.580390460, 1.000387685,
2022.600822226, 1.001728634,
2022.621253892, 1.000238307,
2022.641685558, 1.000332684,
2022.662117224, 1.000165552,
2022.682548790, 1.000595280,
2022.702980556, 1.000849724,
2022.723412221, 1.001239081,
2022.743843787, 1.002494891,
2022.764275553, 1.000189564,
2022.784707218, 1.000544289,
2022.805138784, 1.000461953,
2022.825570549, 1.000215311,
2022.846002215, 1.000761453,
2022.866433980, 1.000622768,
2022.886865545, 0.999797239,
2022.907297211, 1.001111674,
2022.927728976, 1.000335462,
2022.948160541, 1.001090448,
2022.968592206, 1.000145760,
2022.989023971, 1.000230981,
2023.009455636, 1.000496223,
2023.029887201, 1.002395467,
2023.050318966, 1.001171146,
2023.070750631, 1.000390697,
2023.091182296, 1.000238690,
2023.111613961, 1.000823451,
2023.132045626, 0.999410209,
2023.152477390, 0.999776482,
2023.193340620, 1.000931328,
2023.213772384, 1.000094861,
2023.234203949, 1.000249975,
2023.254635614, 1.000466407,
2023.275067378, 0.999873550,
2023.295498942, 1.000587701,
2023.315930607, 0.999974157,
2023.336362371, 0.999814362,
2023.356793935, 1.000003606,
2023.377225700, 1.000638669,
2023.397657264, 1.000381271,
2023.438520692, 1.000689148,
2023.458952256, 1.001003722,
2023.479383920, 1.000668367,
2023.499815684, 1.000627226,
2023.520247349, 1.000205145,
2023.540678913, 0.999571950,
2023.561110676, 1.000193390,
2023.581542340, 1.000671084,
2023.601974004, 1.001087387,
2023.622405668, 1.000872927,
2023.642837332, 1.000207913,
2023.724564086, 1.000654040,
2023.744995650, 1.000741183,
2023.765427313, 1.000571535,
2023.785859077, 1.000396698,
2023.806290640, 1.000928530,
2023.826722403, 1.000618957,
2023.847154067, 1.000205885,
2023.867585630, 0.999826822,
2023.888017393, 0.999387981,
2023.908449056, 1.000702234,
2023.928880620, 1.000452088,
2023.949312383, 1.000193070,
2023.969744046, 1.000726397,
2023.990175709, 1.000507279,
2024.010607372, 0.999439142,
2024.031039035, 1.000014896,
2024.051470698, 1.000840197,
2024.071902361, 1.000296209,
2024.092334024, 1.000955485,
2024.112765687, 0.999549355,
2024.133197350, 1.000005827,
2024.174060675, 1.000964329,
2024.194492338, 1.000113883,
2024.214924001, 0.999833303,
2024.235355763, 1.000803809,
2024.255787326, 1.000018090,
2024.276219088, 1.000817990,
2024.296650751, 0.999958854,
2024.317082314, 1.000392662,
2024.337514076, 1.000590624,
2024.357945739, 1.000651815,
2024.378377301, 0.999408737,
2024.419240726, 1.000315368,
2024.439672288, 0.999912734,
2024.460104050, 0.999147467,
2024.480535713, 1.000648184,
2024.500967475, 1.000263920,
2024.521399037, 0.999547244,
2024.541830699, 0.999366871,
2024.562262461, 0.999455597,
2024.582694024, 1.000081620,
2024.603125686, 0.999893235,
2024.623557448, 1.000653019,
2024.664420672, 1.000587909,
2024.684852434, 1.000648374,
2024.705284096, 0.999047920,
2024.725715758, 1.000091028,
2024.746147419, 1.000304831,
2024.766578981, 0.999403568,
2024.787010743, 0.999492679,
2024.807442405, 1.000059893,
2024.827873967, 1.001155901,
2024.848305729, 0.999711436,
2024.868737390, 1.000465343,
2024.909600714, 0.999792403,
2024.930032375, 0.999116353,
2024.950464137, 0.999865566,
2024.970895698, 0.999933108,
2024.991327360, 1.000192887,
2025.011759122, 0.999696940,
2025.032190683, 0.999694454,
2025.052622345, 1.000256015,
2025.073054106, 1.000332670,
2025.093485667, 0.999958232,
2025.113917329, 0.999735117,
2025.154780752, 0.998326243,
2025.175212413, 1.000141128,
2025.195644074, 0.999290653,
2025.216075736, 0.999715132,
2025.236507397, 0.999358650,
2025.256939058, 0.999257040,
2025.277370719, 1.000493674,
2025.297802480, 1.000660054,
2025.338665703, 1.000217210,
2025.359097464, 0.999536798,
2025.399960786, 1.000755378,
2025.420392347, 0.999323070,
2025.440824008, 1.000019285,
2025.461255769, 0.999752689,
2025.481687330, 1.000028873,
2025.502118991, 1.000393667,
2025.522550752, 1.000005334,
2025.563413974, 0.999101328,
2025.583845735, 1.000598599,
2025.604277296, 0.998726553,
2025.686004039, 0.999136816,
2025.706435700, 0.999047399,
2025.726867361, 0.999839445,
2025.767730682, 0.999675018,
2025.788162343, 0.998647342,
2025.808594003, 0.999691652,
2025.829025664, 0.999896713,
2025.849457425, 0.999573733,
2025.890320646, 0.999136426,
2025.910752407, 0.999172737,
2025.931184067, 1.000247752,
2025.951615628, 0.999157847,
2025.972047388, 0.999513099,
2025.992479049, 0.999251256,
2026.012910609, 1.000769000,
2026.033342370, 1.000274796,
2026.053774030, 0.999255615,
2026.074205691, 0.999110372,
2026.094637351, 0.999754897,
2026.155932333, 0.999787636,
2026.176363893, 0.998999351,
2026.196795653, 0.999106807,
2026.217227314, 0.999782987,
2026.237658974, 0.999260556,
2026.258090634, 0.998836499,
2026.278522295, 0.999168336,
2026.298954055, 0.999333229,
2026.319385615, 0.999694118,
2026.339817276, 0.998194076,
2026.401112257, 0.999212910,
2026.421544017, 0.998778305,
2026.441975677, 0.998741901,
2026.462407237, 0.999782297,
2026.482838998, 0.999076218,
2026.503270658, 0.998422313,
2026.523702418, 0.999010480,
2026.544133978, 1.000139770,
2026.564565638, 0.999282808,
2026.584997398, 1.001193685,
2026.605428959, 0.999794016,
2026.625860619, 0.998963065,
2026.646292379, 0.998866701,
2026.666723939, 0.998514387,
2026.687155599, 0.999105782,
2026.707587359, 0.998982457,
2026.728018919, 0.998697524,
2026.748450679, 0.999099006,
2026.768882340, 0.999379713,
2026.789313900, 0.998970493,
2026.809745660, 0.998885585,
2026.830177220, 0.999203427,
2026.891472200, 0.999007077,
2026.911903860, 0.998277599,
2026.932335620, 0.999050660,
2026.952767280, 0.999226251,
2026.973198940, 0.998830067,
2026.993630600, 0.998520063,
2027.014062260, 0.999206222,
2027.034494020, 0.998146828,
2027.054925580, 0.999062833,
2027.075357240, 0.998719358,
2027.116220560, 0.999070867,
2027.136652220, 0.999308898,
2027.157083980, 0.998989122,
2027.177515540, 0.999368261,
2027.197947300, 0.999107364,
2027.218378960, 0.998589645,
2027.238810520, 0.998784316,
2027.259242280, 0.998868460,
2027.279673940, 0.998814858,
2027.300105500, 0.999223368,
2027.320537260, 0.999067136,
2027.381832239, 0.998840981,
2027.402263899, 0.999212612,
2027.422695659, 0.998543432,
2027.443127219, 0.998759839,
2027.463558879, 0.998744013,
2027.483990539, 0.998072111,
2027.504422299, 0.999729228,
2027.524853859, 0.998439973,
2027.545285619, 0.998552019,
2027.565717179, 0.998933828,
2027.627012159, 0.998288928,
2027.647443919, 0.998771797,
2027.667875579, 0.998328026,
2027.688307139, 0.998718336,
2027.708738899, 0.998464354,
2027.729170558, 0.999312362,
2027.749602118, 0.999020385,
2027.770033878, 0.998698811,
2027.790465538, 0.997836330,
2027.810897298, 0.998537644,
2027.872192278, 0.998478219,
2027.892623838, 1.000720645,
2027.913055498, 0.998805815,
2027.933487258, 0.998147870,
2027.953918818, 0.998375945,
2027.974350478, 0.998173533,
2027.994782238, 1.000033427,
2028.015213898, 0.999017443,
2028.035645558, 0.999556200,
2028.056077218, 0.998549404,
2028.076508878, 0.999258119,
2028.096940538, 0.998069706,
2028.178667178, 0.998681276,
2028.199098838, 0.998341731,
2028.219530498, 0.997456725,
2028.239962158, 0.998601794,
2028.260393918, 1.004410051,
2028.280825478, 0.998052343,
2028.301257138, 0.997950036,
2028.342120459, 0.999076956,
2028.362552119, 0.998468400,
2028.382983879, 0.997838156,
2028.403415439, 0.998235507,
2028.423847199, 0.997781746,
2028.444278859, 0.998099145,
2028.464710419, 0.997965270,
2028.485142179, 0.998309674,
2028.505573840, 0.997619347,
2028.526005400, 0.996930122,
2028.546437160, 0.997765612,
2028.607732141, 0.997565715,
2028.628163801, 0.998636165,
2028.648595561, 0.996905495,
2028.669027121, 0.998147364,
2028.689458782, 0.998113201,
2028.709890542, 0.997564416,
2028.750753762, 1.001416967,
2028.771185523, 0.999611965,
2028.791617183, 0.997420341,
2028.852912164, 0.996307492,
2028.873343824, 0.997369209,
2028.893775485, 0.998149737,
2028.914207045, 0.997061805,
2028.934638806, 0.997194659,
2028.955070466, 0.997227080,
2028.975502027, 0.998006399,
2028.995933787, 0.996690713,
2029.016365447, 0.997200224,
2029.036797008, 0.997650219,
2029.057228768, 0.997762071,
2029.077660429, 0.997410916,
2029.098092189, 0.997668481,
2029.118523750, 0.998012571,
2029.138955411, 0.998501584,
2029.159387171, 0.997557657,
2029.179818732, 0.997920332,
2029.200250392, 0.996509722,
2029.220682153, 0.997237055,
2029.241113814, 0.997334362,
2029.261545474, 0.997532019,
2029.281977135, 0.997719723,
2029.343272117, 0.997197572,
2029.363703778, 0.996581721,
2029.384135539, 0.996992163,
2029.404567099, 0.998826500,
2029.424998760, 0.997924450,
2029.445430521, 0.997441730,
2029.465862082, 0.997791912,
2029.486293843, 0.997507415,
2029.506725504, 0.997759054,
2029.527157065, 0.997255228,
2029.588452048, 0.997436372,
2029.608883808, 0.998469858,
2029.629315369, 0.997490824,
2029.649747031, 0.996936326,
2029.670178792, 0.998341862,
2029.690610353, 0.997025448,
2029.711042114, 0.997650117,
2029.731473775, 0.998208800,
2029.751905436, 0.997780312,
2029.772337097, 0.997079795,
2029.833632081, 0.997052749,
2029.854063742, 0.996858330,
2029.874495503, 0.996839414,
2029.894927165, 0.998161433,
2029.915358726, 0.997908753,
2029.935790487, 0.996633684,
2029.956222149, 0.997335778,
2029.976653710, 0.996437757,
2029.997085471, 0.997089620,
2030.017517133, 0.997419698,
2030.078812117, 0.996460247,
2030.099243879, 0.997659290,
2030.119675441, 0.997958631,
2030.140107102, 0.996701455,
2030.160538864, 0.997258757,
2030.180970425, 0.997536559,
2030.201402087, 0.997506969,
2030.221833749, 0.996767059,
2030.242265411, 0.996460342,
2030.262697072, 0.997431785,
2030.283128734, 0.997793058,
2030.303560396, 0.996427601,
2030.323992158, 0.996944115,
2030.344423720, 0.997059399,
2030.364855382, 0.996290520,
2030.385287143, 0.997096585,
2030.405718805, 0.997021980,
2030.426150367, 0.996722077,
2030.446582129, 0.996530483,
2030.467013791, 0.996531093,
2030.487445454, 0.996423824,
2030.507877116, 0.997253984,
2030.548740440, 0.997529728,
2030.569172102, 0.997232992,
2030.589603764, 0.997401050,
2030.610035527, 0.997032214,
2030.630467089, 0.997087010,
2030.650898751, 0.997425987,
2030.671330514, 0.997077865,
2030.691762076, 0.997234620,
2030.712193838, 0.996737960,
2030.732625501, 0.995047676,
2030.753057063, 0.995957530,
2030.793920488, 0.996755258,
2030.814352051, 0.997804101,
2030.834783814, 0.997498052,
2030.855215476, 0.996667715,
2030.875647139, 0.996676881,
2030.896078802, 0.996319873,
2030.916510464, 0.996128443,
2030.936942127, 0.996887451,
2030.957373790, 0.995668139,
2030.977805453, 0.997029059,
2030.998237116, 0.996941176,
2031.059532205, 0.996587752,
2031.079963768, 0.996447669,
2031.100395531, 0.997820181,
2031.120827194, 0.996300853,
2031.141258757, 0.995738739,
2031.161690520, 0.996323073,
2031.182122183, 0.996677457,
2031.202553747, 0.996981629,
2031.222985510, 0.995718774,
2031.243417173, 0.996204748,
2031.284280500, 0.996578438,
2031.304712163, 0.996601985,
2031.325143927, 0.998818885,
2031.345575490, 0.997115278,
2031.366007154, 0.996712594,
2031.386438917, 0.996512497,
2031.406870481, 0.996520434,
2031.427302145, 0.997047702,
2031.447733908, 0.996428452,
2031.468165472, 0.996235831,
2031.488597236, 0.997600362,
2031.549892228, 0.996239102,
2031.570323892, 0.996829812,
2031.590755456, 0.996870660,
2031.611187220, 0.997096368,
2031.631618884, 0.996185286,
2031.652050448, 0.996478049,
2031.672482212, 0.995612096,
2031.692913876, 0.996689632,
2031.713345540, 0.996530051,
2031.733777205, 0.996436078,
2031.815503862, 0.995800927,
2031.835935627, 0.996722725,
2031.856367191, 0.996121266,
2031.876798956, 0.997380681,
2031.897230620, 0.996082055,
2031.917662185, 0.996927656,
2031.938093950, 0.995993678,
2031.958525614, 0.995796636,
2031.978957179, 0.995846207,
2032.019820609, 0.995811014,
2032.040252274, 0.996375812,
2032.060683939, 0.996255660,
2032.081115604, 0.996744459,
2032.101547369, 0.996860300,
2032.121978934, 0.997252224,
2032.142410599, 0.996992395,
2032.162842365, 0.996411729,
2032.183273930, 0.996515556,
2032.203705595, 0.996248731,
2032.224137360, 0.996112867,
2032.285432357, 0.997112203,
2032.305863922, 0.995928238,
2032.326295688, 0.996688720,
2032.346727354, 0.996122109,
2032.367158919, 0.995883973,
2032.387590685, 0.996185423,
2032.408022351, 0.996303560,
2032.428453917, 0.996587578,
2032.448885683, 0.996036710,
2032.469317349, 0.996049904,
2032.489749114, 0.996338465,
2032.510180681, 0.996259657,
2032.530612347, 0.996321134,
2032.551044113, 0.996296911,
2032.571475679, 0.997768314,
2032.591907345, 0.997067186,
2032.612339111, 0.996471369,
2032.632770678, 0.995712240,
2032.653202444, 0.996479759,
2032.673634111, 0.996431894,
2032.694065677, 0.995972888,
2032.714497444, 0.995480153,
2032.755360777, 0.995890405,
2032.775792444, 0.995850839,
2032.796224110, 0.996108893,
2032.816655777, 0.996439928,
2032.837087444, 0.996565690,
2032.857519111, 0.995543568,
2032.877950778, 0.995881384,
2032.898382545, 0.996048084,
2032.918814112, 0.995863579,
2032.939245879, 0.996358832,
2032.959677446, 0.997405888,
2033.000540881, 0.996105968,
2033.020972448, 0.996083750,
2033.041404216, 0.996117361,
2033.061835883, 0.995939858,
2033.082267451, 0.995650306,
2033.102699218, 0.999739980,
2033.123130886, 0.995177502,
2033.143562454, 0.995510250,
2033.163994221, 0.996248998,
2033.184425889, 0.996374343,
2033.204857457, 0.995836200,
2033.245720893, 0.996258662,
2033.266152661, 0.997396057,
2033.286584229, 0.995387579,
2033.307015897, 0.996467919,
2033.327447666, 0.996735110,
2033.347879234, 0.996502147,
2033.368310902, 0.996136385,
2033.388742671, 0.996517239,
2033.409174339, 0.995879138,
2033.429606008, 0.996030228,
2033.450037676, 0.996713439,
2033.511332682, 0.997682223,
2033.531764351, 0.996469060,
2033.552196120, 0.995739419,
2033.572627689, 0.996848633,
2033.593059458, 0.996460090,
2033.613491027, 0.996273870,
2033.633922696, 0.995801524,
2033.654354465, 0.995951145,
2033.674786034, 0.996278080,
2033.695217704, 0.995142578,
2033.736081042, 0.995984232,
2033.756512712, 0.997089113,
2033.776944481, 0.996675817,
2033.797376051, 0.996686709,
2033.817807821, 0.996822430,
2033.838239490, 0.996479864,
2033.858671060, 0.995569690,
2033.879102830, 0.995558382,
2033.899534500, 0.996324790,
2033.919966170, 0.996044027,
2033.940397840, 0.995787100,
2033.981261280, 0.997453076,
2034.001692851, 0.995769607,
2034.022124521, 0.996071764,
2034.042556291, 0.997129452,
2034.062987962, 0.995111976,
2034.083419532, 0.995733150,
2034.103851303, 0.995983735,
2034.124282974, 0.996794938,
2034.144714544, 0.996044017,
2034.185577986, 0.997178738,
2034.246872999, 0.996500849,
2034.267304670, 0.995814363,
2034.287736341, 0.995639828,
2034.308168012, 0.996573189,
2034.328599684, 0.997297045,
2034.349031355, 0.996537102,
2034.369463127, 0.996513701,
2034.389894698, 0.996357758,
2034.410326370, 0.996553614,
2034.430758141, 0.995435913,
2034.471621385, 0.995844555,
2034.492053157, 0.997066867,
2034.512484729, 0.996149706,
2034.532916401, 0.996552062,
2034.553348173, 0.996424515,
2034.573779745, 0.995834019,
2034.594211517, 0.996411795,
2034.614643190, 0.996711544,
2034.635074862, 0.995936545,
2034.655506535, 0.996841571,
2034.675938207, 0.995626624,
2034.737233225, 0.996498244,
2034.757664998, 0.996836524,
2034.778096671, 0.996950484,
2034.798528244, 0.995621505,
2034.818960017, 0.995732855,
2034.839391690, 0.996403811,
2034.859823263, 0.996555037,
2034.880255036, 0.996268433,
2034.900686710, 0.996109756,
2034.921118283, 0.996356805,
2034.982413404, 0.996873554,
2035.002845077, 0.996393257,
2035.023276651, 0.996285618,
2035.043708425, 0.996702538,
2035.064140099, 0.995591796,
2035.084571673, 0.996415646,
2035.105003447, 0.996581085,
2035.125435121, 0.996636070,
2035.145866895, 0.996553724,
2035.166298470, 0.996088724,
2035.207161919, 0.996027861,
2035.227593493, 0.996677168,
2035.248025168, 0.996436453,
2035.268456942, 0.997123286,
2035.288888617, 0.996450715,
2035.309320292, 0.996894802,
2035.329751967, 0.996212730,
2035.350183642, 0.997050228,
2035.370615317, 0.996549242,
2035.391046992, 0.997470623,
2035.411478668, 0.996987761,
2035.472773694, 0.996401322,
2035.493205469, 0.996720162,
2035.513637045, 0.996556267,
2035.534068821, 0.996910072,
2035.554500497, 0.995783422,
2035.574932072, 0.996949120,
2035.595363848, 0.995922143,
2035.615795525, 0.996464082,
2035.636227101, 0.996424755,
2035.656658877, 0.996171719,
2035.717953906, 0.996563379,
2035.738385483, 0.996506019,
2035.758817259, 0.996349469,
2035.779248936, 0.997728505,
2035.799680613, 0.997503157,
2035.820112290, 0.996686881,
2035.840543967, 0.997054230,
2035.860975744, 0.995839777,
2035.881407321, 0.997252870,
2035.901838998, 0.996653227,
2035.963134030, 0.996727012,
2035.983565808, 0.997555258,
2036.003997485, 0.996568248,
2036.024429063, 0.996660979,
2036.044860841, 0.996533871,
2036.065292519, 0.995859519,
2036.085724297, 0.996375912,
2036.106155875, 0.997392035,
2036.126587553, 0.996455710,
2036.147019331, 0.997021506,
2036.187882588, 0.997361786,
2036.208314367, 0.995689549,
2036.228745945, 0.996328879,
2036.249177724, 0.996377298,
2036.269609303, 0.996273436,
2036.290040981, 0.996447862,
2036.310472760, 0.996941279,
2036.330904439, 0.996318873,
2036.351336019, 0.997343308,
2036.371767798, 0.997087361,
2036.392199377, 0.997271590,
2036.453494416, 0.996779019,
2036.473926195, 0.996609972,
2036.494357875, 0.996628644,
2036.514789555, 0.996806217,
2036.535221235, 0.996841875,
2036.555652915, 0.995646478,
2036.576084595, 0.996605352,
2036.596516375, 0.997484902,
2036.616947955, 0.997789509,
2036.637379736, 0.996012488,
2036.698674778, 0.996828433,
2036.719106458, 0.996344833,
2036.739538039, 0.996081079,
2036.759969820, 0.996828332,
2036.780401501, 0.996592043,
2036.800833282, 0.997680884,
2036.821264864, 0.997685209,
2036.841696545, 0.997619152,
2036.862128326, 0.996397196,
2036.882559908, 0.996207325,
2036.943854953, 0.996566122,
2036.964286635, 0.996623890,
2036.984718417, 0.996912218,
2037.005149999, 0.996615742,
2037.025581781, 0.997110766,
2037.046013363, 0.996499775,
2037.066445046, 0.997637067,
2037.086876828, 0.996612309,
2037.107308511, 0.996903509,
2037.189035242, 0.996983841,
2037.209466925, 0.997366457,
2037.229898608, 0.997329153,
2037.250330291, 0.997566222,
2037.270761975, 0.996293373,
2037.291193658, 0.997521162,
2037.311625442, 0.996793004,
2037.332057025, 0.996664323,
2037.352488809, 0.997750115,
2037.372920493, 0.996611883,
2037.434215545, 0.995888577,
2037.454647129, 0.996916816,
2037.475078913, 0.997449290,
2037.495510598, 0.996812960,
2037.515942182, 0.997241612,
2037.536373967, 0.996866618,
2037.556805652, 0.996526208,
2037.577237437, 0.996941963,
2037.597669022, 0.996227220,
2037.618100707, 0.996169555,
2037.679395762, 0.997306632,
2037.699827448, 0.997049160,
2037.720259133, 0.997136501,
2037.740690919, 0.997032533,
2037.761122505, 0.997402686,
2037.781554191, 0.996788977,
2037.801985977, 0.996643177,
2037.822417663, 0.997156661,
2037.842849249, 0.997255106,
2037.863281035, 0.996507560,
2037.904144408, 0.996849383,
2037.924576094, 0.997000177,
2037.945007781, 0.996443466,
2037.965439568, 0.997288087,
2037.985871155, 0.997217643,
2038.006302842, 0.996391634,
2038.026734629, 0.996353661,
2038.047166216, 0.996856623,
2038.067597904, 0.996861263,
2038.088029691, 0.997386147,
2038.108461279, 0.996597109,
2038.169756342, 0.997149318,
2038.190188130, 0.996732924,
2038.210619818, 0.996362691,
2038.231051406, 0.997181400,
2038.251483194, 0.996996721,
2038.271914883, 0.996358012,
2038.292346571, 0.996467504,
2038.312778260, 0.996313580,
2038.333209948, 0.997386315,
2038.353641637, 0.996962658,
2038.374073326, 0.997140472,
2038.394505015, 0.995994314,
2038.414936704, 0.996725730,
2038.435368394, 0.996393594,
2038.455800183, 0.996632339,
2038.476231873, 0.996772900,
2038.496663462, 0.997405534,
2038.517095252, 0.996482728,
2038.557958532, 0.996630497,
2038.578390322, 0.997561646,
2038.598822012, 0.996798397,
2038.660117083, 0.997021625,
2038.680548874, 0.997114414,
2038.700980464, 0.997033818,
2038.721412155, 0.996923155,
2038.741843946, 0.996434137,
2038.762275537, 0.997290018,
2038.782707228, 0.996957413,
2038.803139020, 0.996168601,
2038.823570611, 0.996775745,
2038.844002402, 0.996944994,
2038.884865686, 0.997481348,
2038.905297478, 0.996909884,
2038.925729170, 0.997833983,
2038.946160862, 0.996524614,
2038.966592554, 0.996668078,
2038.987024246, 0.996881673,
2039.007455939, 0.996630700,
2039.027887631, 0.997323499,
2039.048319324, 0.996580893,
2039.068751017, 0.997007307,
2039.089182710, 0.996878642,
2039.130046196, 0.997346016,
2039.150477789, 0.996814872,
2039.170909482, 0.996224464,
2039.191341276, 0.997439342,
2039.211772869, 0.996306446,
2039.232204663, 0.996620306,
2039.252636357, 0.996396910,
2039.273067951, 0.996538068,
2039.293499745, 0.997007080,
2039.313931439, 0.996923193,
2039.334363033, 0.997613154,
2039.416089912, 0.996274867,
2039.436521607, 0.997403475,
2039.456953402, 0.997021533,
2039.477384997, 0.996883504,
2039.497816692, 0.997708819,
2039.518248487, 0.996653236,
2039.538680083, 0.996203818,
2039.559111779, 0.997600034,
2039.579543574, 0.996831292,
2039.599975270, 0.997586182,
2039.620406966, 0.996752199,
2039.640838662, 0.997632722,
2039.661270258, 0.997663939,
2039.681702055, 0.997451820,
2039.702133751, 0.996981593,
2039.722565348, 0.996231386,
2039.742997145, 0.996421984,
2039.763428841, 0.997110448,
2039.783860638, 0.996614036,
2039.804292236, 0.996681350,
2039.824723933, 0.996200919,
2039.886019025, 0.996912594,
2039.906450823, 0.997572585,
2039.926882421, 0.996357095,
2039.947314119, 0.997143554,
2039.967745917, 0.997311677,
2039.988177515, 0.997435308,
2040.008609313, 0.996397893,
2040.029041012, 0.996643545,
2040.049472610, 0.997293874,
2040.069904409, 0.997082187,
2040.110767707, 0.995976532,
2040.131199506, 0.998301561,
2040.151631205, 0.996735615,
2040.172063004, 0.996226656,
2040.192494604, 0.996636012,
2040.212926304, 0.997189999,
2040.233358103, 0.996401624,
2040.253789803, 0.997094923,
2040.274221403, 0.996990024,
2040.294653203, 0.997209455,
2040.315084903, 0.997306327,
2040.376380005, 0.996584684,
2040.396811706, 0.996463884,
2040.417243407, 0.996498810,
2040.437675008, 0.997147840,
2040.458106809, 0.996398483,
2040.478538510, 0.996489953,
2040.498970111, 0.997090822,
2040.519401913, 0.997053611,
2040.539833615, 0.997345215,
2040.560265416, 0.997065202,
2040.621560523, 0.996695815,
2040.641992125, 0.996263256,
2040.662423827, 0.996702479,
2040.682855630, 0.996630677,
2040.703287233, 0.996498906,
2040.744150739, 0.996404770,
2040.764582442, 0.997182529,
2040.785014145, 0.996646369,
2040.846309256, 0.996633390,
2040.866740959, 0.995479018,
2040.887172763, 0.996196716,
2040.907604367, 0.996057596,
2040.928036072, 0.996363255,
2040.948467876, 0.997072219,
2040.968899580, 0.996522965,
2040.989331185, 0.996591084,
2041.009762990, 0.995540678,
2041.030194594, 0.997304028,
2041.050626299, 0.996793491,
2041.091489710, 0.997007728,
2041.111921515, 0.996444213,
2041.132353221, 0.997732085,
2041.152784827, 0.996391283,
2041.173216632, 0.996957649,
2041.193648338, 0.997420691,
2041.214079944, 0.996429861,
2041.234511751, 0.997537375,
2041.254943457, 0.996569645,
2041.275375264, 0.996030250,
2041.377533698, 0.996626731,
2041.397965506, 0.996457133,
2041.418397113, 0.997078366,
2041.438828821, 0.996337063,
2041.459260628, 0.996646067,
2041.479692336, 0.996149981,
2041.500124044, 0.996601467,
2041.520555753, 0.996523138,
2041.540987461, 0.996581968,
2041.561419169, 0.997240229,
2041.581850878, 0.995863975,
2041.602282587, 0.995957632,
2041.622714396, 0.996979264,
2041.643146005, 0.996797281,
2041.663577814, 0.997349219,
2041.684009423, 0.996711619,
2041.704441133, 0.996491672,
2041.745304552, 0.996851918,
2041.765736262, 0.996270029,
2041.786168072, 0.996391127,
2041.827031492, 0.996323659,
2041.847463203, 0.996318288,
2041.867894813, 0.997781283,
2041.888326624, 0.996816500,
2041.908758335, 0.996693720,
2041.929189946, 0.997163491,
2041.949621757, 0.997255245,
2041.970053469, 0.997283619,
2041.990485180, 0.995687983,
2042.010916892, 0.997547009,
2042.031348603, 0.996271999,
2042.092643740, 0.996723697,
2042.113075552, 0.995938533,
2042.133507264, 0.995369986,
2042.153938877, 0.996902331,
2042.174370690, 0.996445776,
2042.194802403, 0.995508920,
2042.215234116, 0.996710353,
2042.235665829, 0.995970734,
2042.256097543, 0.996293548,
2042.276529356, 0.996567992,
2042.337824398, 0.994712057,
2042.358256112, 0.995688488,
2042.378687926, 0.996636741,
2042.399119540, 0.997679297,
2042.419551255, 0.996826473,
2042.439983070, 0.996356040,
2042.460414685, 0.996205319,
2042.480846400, 0.995948404,
2042.501278215, 0.997223873,
2042.521709830, 0.995636418,
2042.542141545, 0.995649975,
2042.562573361, 0.996697024,
2042.583004977, 0.996373647,
2042.603436793, 0.996853241,
2042.623868509, 0.996287419,
2042.644300225, 0.996883137,
2042.664731941, 0.997307848,
2042.685163658, 0.996249286,
2042.705595375, 0.996033439,
2042.726027092, 0.996856873,
2042.746458809, 1.000066091,
2042.766890626, 0.996942600,
2042.828185778, 0.996690918,
2042.848617496, 0.996331727,
2042.869049114, 0.996181114,
2042.889480932, 0.996693866,
2042.909912650, 0.996737576,
2042.930344368, 0.997760705,
2042.950776087, 0.996484171,
2042.971207806, 0.996508889,
2042.991639524, 0.996798333,
2043.012071243, 0.996494974,
2043.073366401, 0.996396354,
2043.093798021, 0.995551984,
2043.114229841, 0.996527588,
2043.134661561, 0.995563520,
2043.155093381, 0.996132555,
2043.175525001, 0.996803742,
2043.195956721, 0.996394530,
2043.216388542, 0.996309241,
2043.236820163, 0.996080696,
2043.257251883, 0.996079415,
2043.318547147, 0.997927517,
2043.359410590, 0.996580414,
2043.379842312, 0.996755735,
2043.400274034, 0.997050735,
2043.420705756, 0.996528595,
2043.441137578, 0.996798616,
2043.461569201, 0.996292868,
2043.482001023, 0.996797934,
2043.502432746, 0.996128503,
2043.543296192, 0.996111314,
2043.563727916, 0.996250217,
2043.584159539, 0.996998103,
2043.604591363, 0.996716378,
2043.625023086, 0.995972904,
2043.645454910, 0.996066746,
2043.665886534, 0.996297137,
2043.686318259, 0.996776584,
2043.706749983, 0.996525039,
2043.727181707, 0.997167396,
2043.747613332, 0.997134994,
2043.788476882, 0.996051710,
2043.808908507, 0.996505227,
2043.829340333, 0.996259215,
2043.849772058, 0.996695682,
2043.870203884, 0.996021077,
2043.890635510, 0.996100144,
2043.911067236, 0.995743295,
2043.931499062, 0.995603587,
2043.951930688, 0.996111325,
2043.972362415, 0.995869601,
2043.992794242, 0.996484731,
2044.054089423, 0.996088394,
2044.074521150, 0.996741855,
2044.094952877, 0.996886718,
2044.115384605, 0.996400444,
2044.135816333, 0.996503777,
2044.156248161, 0.996501225,
2044.176679789, 0.996393461,
2044.197111618, 0.996293989,
2044.217543346, 0.997168189,
2044.237974975, 0.996924653,
2044.299270162, 0.996458782,
2044.319701991, 0.996400759,
2044.340133721, 0.996472355,
2044.360565350, 0.996986651,
2044.380997180, 0.996820432,
2044.401428810, 0.996950843,
2044.442292371, 0.995939585,
2044.462724001, 0.996320352,
2044.483155832, 0.996168809,
2044.544451025, 0.996890732,
2044.585314588, 0.995738336,
2044.605746220, 0.996011078,
2044.626177952, 0.995635478,
2044.646609784, 0.996863605,
2044.667041516, 0.995625450,
2044.687473148, 0.996303891,
2044.707904981, 0.995191551,
2044.728336714, 0.996783400,
2044.748768447, 0.996435702,
2044.769200180, 0.995288016,
2044.789631913, 0.996820885,
2044.810063747, 0.994990892,
2044.830495380, 0.996493271,
2044.850927114, 0.996391835,
2044.871358948, 0.995702961,
2044.891790582, 0.996352008,
2044.912222316, 0.995548561,
2044.932654151, 0.995925196,
2044.953085786, 0.995864389,
2044.973517620, 0.995571781,
2045.034812826, 0.995856726,
2045.055244562, 0.996264931,
2045.075676197, 0.996304852,
2045.096108033, 0.996420612,
2045.116539669, 0.995598292,
2045.136971505, 0.996326293,
2045.157403242, 0.995967143,
2045.177834879, 0.996464329,
2045.198266715, 0.996267916,
2045.218698452, 0.995698023,
2045.279993664, 0.995581645,
2045.300425502, 0.994788102,
2045.320857240, 0.996494917,
2045.341288878, 0.997031751,
2045.361720716, 0.996742896,
2045.402584093, 0.996270381,
2045.423015932, 0.995753552,
2045.443447670, 0.996716805,
2045.463879310, 0.996587965,
2045.525174728, 0.996312304,
2045.545606368, 0.996873156,
2045.566038108, 0.996627324,
2045.586469948, 0.996551850,
2045.606901588, 0.996385592,
2045.627333329, 0.996777901,
2045.647765169, 0.995779824,
2045.668196810, 0.995662255,
2045.688628651, 0.995918318,
2045.709060393, 0.996324952,
2045.729492034, 0.996042059,
2045.749923876, 0.996261191,
2045.770355518, 0.995449365,
2045.790787260, 0.995763590,
2045.811219102, 0.996676714,
2045.831650844, 0.996186371,
2045.852082587, 0.996570901,
2045.872514329, 0.996202469,
2045.892946072, 0.997141709,
2045.913377815, 0.996627645,
2045.933809559, 0.996316698,
2045.954241302, 0.995809011,
2046.015536634, 0.995636034,
2046.035968378, 0.995132399,
2046.056400022, 0.996858277,
2046.076831867, 0.996377913,
2046.097263612, 0.995976481,
2046.117695257, 0.996216376,
2046.138127102, 0.995803389,
2046.158558847, 0.996593503,
2046.178990493, 0.996214170,
2046.199422338, 0.995965279,
2046.260717576, 0.995744801,
2046.281149323, 0.996449363,
2046.301581169, 0.995599733,
2046.322012816, 0.996179688,
2046.342444563, 0.994819583,
2046.362876310, 0.995279642,
2046.383308058, 0.996058038,
2046.403739905, 0.995778746,
2046.424171553, 0.995483245,
2046.444603301, 0.995942884,
2046.485466798, 0.996166278,
2046.505898546, 0.996488183,
2046.526330395, 0.995947053,
2046.546762144, 0.996302090,
2046.567193893, 0.995798525,
2046.587625642, 0.995838005,
2046.608057391, 0.996865444,
2046.628489141, 0.996348092,
2046.648920891, 0.996308423,
2046.669352641, 0.995591317,
2046.689784491, 0.996450048,
2046.730647892, 0.995745909,
2046.751079743, 0.995835394,
2046.771511394, 0.996370556,
2046.791943245, 0.996814704,
2046.812374997, 0.995316520,
2046.832806648, 0.995892865,
2046.853238500, 0.995730696,
2046.873670252, 0.995618439,
2046.894101904, 0.996297803,
2046.914533756, 0.997699818,
2046.934965509, 0.995484843,
2046.996260768, 0.995723318,
2047.016692521, 0.996155744,
2047.037124275, 0.995442261,
2047.057556028, 0.995756160,
2047.077987782, 0.995828670,
2047.098419536, 0.996777252,
2047.118851391, 0.994989953,
2047.139283045, 0.996478278,
2047.159714800, 0.996061066,
2047.180146655, 0.996353415,
2047.241441920, 0.996219415,
2047.261873676, 0.996443481,
2047.282305332, 0.996131606,
2047.302737188, 0.995594408,
2047.323168944, 0.996603606,
2047.343600801, 0.996121891,
2047.364032457, 0.996464167,
2047.384464214, 0.995845665,
2047.404896071, 0.995796573,
2047.425327729, 0.996424721,
2047.486623002, 0.996507427,
2047.507054860, 0.996246579,
2047.527486618, 0.995489759,
2047.547918276, 0.995692139,
2047.568350135, 0.994966166,
2047.588781894, 0.996176951,
2047.609213553, 0.996035244,
2047.629645412, 0.995999515,
2047.650077172, 0.995901691,
2047.670508931, 0.995299421,
2047.690940691, 0.996241466,
2047.711372451, 0.996644433,
2047.731804311, 0.995329599,
2047.752235972, 0.996095009,
2047.772667733, 0.996580813,
2047.793099493, 0.995898226,
2047.813531254, 0.996073723,
2047.833963016, 0.996171840,
2047.854394877, 0.995643990,
2047.874826539, 0.995848672,
2047.895258401, 0.995509444,
2047.915690163, 0.995457827,
2047.976985450, 0.995899093,
2047.997417113, 0.995979229,
2048.017848976, 0.996409146,
2048.038280740, 0.996376608,
2048.058712603, 0.996428532,
2048.079144267, 0.996941621,
2048.099576031, 0.995666309,
2048.120007895, 0.997191170,
2048.140439559, 0.995769206,
2048.160871324, 0.996031441,
2048.181303188, 0.995503099,
2048.201734853, 0.996469307,
2048.222166719, 0.995866701,
2048.242598484, 0.996783726,
2048.263030150, 0.995483777,
2048.283462015, 0.995790886,
2048.303893781, 0.995793924,
2048.324325547, 0.995900040,
2048.344757314, 0.996692700,
2048.365189081, 0.995402605,
2048.385620747, 0.998207829,
2048.406052614, 0.996230088,
2048.467347917, 0.995813293,
2048.487779685, 0.996343500,
2048.508211553, 0.995632079,
2048.528643221, 0.995442554,
2048.549074989, 0.995552242,
2048.569506858, 0.996677387,
2048.589938527, 0.996242603,
2048.610370396, 0.996815861,
2048.630802165, 0.995870010,
2048.651233835, 0.996416424,
2048.712529145, 0.997422914,
2048.732961015, 0.996106512,
2048.753392786, 0.995723904,
2048.773824657, 0.995145223,
2048.794256328, 0.996670569,
2048.814688099, 0.995851483,
2048.835119970, 0.995649941,
2048.855551642, 0.996055528,
2048.875983414, 0.996893117,
2048.896415286, 0.995079996,
2048.916846958, 0.996272531,
2048.937278731, 0.995820240,
2048.957710603, 0.996075100,
2048.978142376, 0.996491372,
2048.998574149, 0.995873998,
2049.019005923, 0.996137175,
2049.039437696, 0.996828059,
2049.059869470, 0.996738827,
2049.080301244, 0.995916684,
2049.100733018, 0.996174541,
2049.121164793, 0.996686024,
2049.141596567, 0.997011712,
2049.202891893, 0.995198852,
2049.223323768, 0.995672368,
2049.243755444, 0.996487003,
2049.264187220, 0.996035495,
2049.284619096, 0.996611446,
2049.305050772, 0.996513573,
2049.325482549, 0.997013499,
2049.345914426, 0.996800493,
2049.366346103, 0.996643098,
2049.386777980, 0.994757003,
2049.407209758, 0.996168977,
2049.427641435, 0.996398123,
2049.448073313, 0.997311044,
2049.468505091, 0.996492912,
2049.488936870, 0.996563471,
2049.509368648, 0.995875830,
2049.529800427, 0.995574760,
2049.550232306, 0.997945048,
2049.570663985, 0.996084574,
2049.591095765, 0.995352545,
2049.611527644, 0.995942540,
2049.631959324, 0.996338987,
2049.672822985, 0.995329799,
2049.693254765, 0.995613326,
2049.713686546, 0.996702501,
2049.734118327, 0.996835693,
2049.754550008, 0.997316444,
2049.774981889, 0.996234530,
2049.795413671, 0.996169409,
2049.815845353, 0.996569686,
2049.836277235, 0.996279083,
2049.856709017, 0.996760550,
2049.877140700, 0.996123938,
2049.918004366, 0.996770314,
2049.938436249, 0.996213827,
2049.958867932, 0.996135342,
2049.979299716, 0.997327026,
2049.999731600, 0.996432249,
2050.020163284, 0.996475785,
2050.040595068, 0.996314460,
2050.061026953, 0.996182017,
2050.101890523, 0.997046001,
2050.122322308, 0.995772630,
2050.163185879, 1.007958887,
2050.183617665, 0.997584804,
2050.204049451, 0.995865665,
2050.224481237, 0.996418954,
2050.244913024, 0.996723749,
2050.265344911, 0.998465754,
2050.285776598, 0.996660240,
2050.306208385, 0.997242073,
2050.326640272, 0.995948532,
2050.347072060, 0.996065546,
2050.367503748, 0.996912243,
2050.408367324, 0.997478707,
2050.428799113, 0.995866902,
2050.449231002, 0.996849958,
2050.469662691, 0.996761104,
2050.490094580, 0.996847953,
2050.510526370, 0.997012682,
2050.530958060, 0.996366879,
2050.551389949, 0.996254239,
2050.571821740, 0.996250293,
2050.592253430, 0.996298961,
2050.612685321, 0.996786148,
2050.653549003, 0.996539546,
2050.673980694, 0.997226528,
2050.694412486, 0.996233515,
2050.714844378, 0.997795595,
2050.735276070, 0.996019484,
2050.755707862, 0.996431337,
2050.776139754, 0.996344936,
2050.796571447, 0.996832309,
2050.817003340, 0.996899422,
2050.837435133, 0.996849909,
2050.857866927, 0.995573368,
2050.919162309, 0.994712727,
2050.939594103, 0.996057045,
2050.960025898, 0.996223434,
2050.980457692, 0.995296733,
2051.000889587, 0.996168742,
2051.021321283, 0.996176003,
2051.041753178, 0.995698950,
2051.062184874, 0.996917353,
2051.082616670, 0.996523686,
2051.103048566, 0.996650675,
2051.164343956, 0.996634258,
2051.184775654, 0.997033089,
2051.205207551, 0.997738611,
2051.225639349, 0.997170030,
2051.246071047, 0.997378321,
2051.266502945, 0.996856249,
2051.286934743, 0.996546321,
2051.307366442, 0.996815902,
2051.327798340, 0.996974247,
2051.348230139, 0.997050605,
2051.368662039, 0.996769312,
2051.389093738, 0.996592071,
2051.409525538, 0.996998867,
2051.450389138, 0.997026758,
2051.470820939, 0.996820064,
2051.491252840, 0.996881633,
2051.511684640, 0.996100993,
2051.532116342, 0.997426879,
2051.572980045, 0.996056427,
2051.593411847, 0.996561784,
2051.634275451, 0.996261128,
2051.654707254, 0.996042371,
2051.675139057, 0.996449824,
2051.716002663, 0.997406910,
2051.736434467, 0.997141221,
2051.756866371, 0.997116554,
2051.777298075, 0.996486242,
2051.797729879, 0.996178554,
2051.818161784, 0.997641554,
2051.838593488, 0.996883739,
2051.879457199, 0.996607882,
2051.899888904, 0.996584921,
2051.920320810, 0.996798788,
2051.940752616, 0.997332470,
2051.961184322, 0.996843544,
2051.981616229, 0.995823043,
2052.002048035, 0.997426902,
2052.022479742, 0.996560557,
2052.042911650, 0.996945611,
2052.063343457, 0.997049676,
2052.083775365, 0.997562391,
2052.124638881, 0.997270512,
2052.145070789, 0.997389177,
2052.165502598, 0.997405193,
2052.206366216, 0.997258552,
2052.226798026, 0.998007802,
2052.247229735, 0.996843443,
2052.267661645, 0.996484451,
2052.288093455, 0.995824678,
2052.308525366, 0.997414460,
2052.328957076, 0.997076270,
2052.369820798, 0.997233417,
2052.390252510, 0.997184374,
2052.410684321, 0.997159799,
2052.431116133, 0.997205127,
2052.451547945, 0.996984180,
2052.471979858, 0.997709051,
2052.492411570, 0.997534036,
2052.512843383, 0.996857996,
2052.533275296, 0.996520125,
2052.553707010, 0.997537428,
2052.574138823, 0.996981364,
2052.615002451, 0.997459821,
2052.635434366, 0.997251637,
2052.655866180, 0.996884287,
2052.676297895, 0.996277690,
2052.696729810, 0.997444014,
2052.737593441, 0.997128714,
2052.758025257, 0.997211478,
2052.778457073, 0.997072266,
2052.798888890, 0.997052651,
2052.819320706, 0.997196089,
2052.860184440, 0.996100788,
2052.880616257, 0.997121509,
2052.901047975, 0.997127483,
2052.921479893, 0.997018720,
2052.941911711, 0.997601148,
2052.962343429, 0.997527453,
2052.982775348, 0.996600484,
2053.003207167, 0.997234307,
2053.023639086, 0.997183044,
2053.044070805, 0.997456198,
2053.064502625, 0.997448644,
2053.146229906, 0.997617020,
2053.166661727, 0.996722660,
2053.187093648, 0.997007849,
2053.207525370, 0.996541667,
2053.227957191, 0.997360403,
2053.248389113, 0.998638123,
2053.268820835, 0.997235870,
2053.289252658, 0.997512221,
2053.309684580, 0.997045974,
2053.350548227, 0.996590778,
2053.370980050, 0.996467435,
2053.391411874, 0.996873188,
2053.411843698, 0.996313676,
2053.432275522, 0.996933046,
2053.452707346, 0.996636312,
2053.473139171, 0.996634648,
2053.493570996, 0.997657921,
2053.514002821, 0.997377542,
2053.534434747, 0.997139029,
2053.554866472, 0.996448679,
2053.595730225, 0.997328641,
2053.616161951, 0.997287247,
2053.636593878, 0.997554402,
2053.657025705, 0.997064607,
2053.677457432, 0.996879050,
2053.697889360, 0.997163817,
2053.718321188, 0.997873404,
2053.738753016, 0.996592952,
2053.759184844, 0.996059458,
2053.779616673, 0.997307141,
2053.800048502, 0.996372818,
2053.840912060, 0.997496360,
2053.861343990, 0.997896098,
2053.902207750, 0.997320962,
2053.922639480, 0.996785039,
2053.943071311, 0.997475397,
2053.963503242, 0.997668861,
2053.983934973, 0.996810441,
2054.004366805, 0.997196027,
2054.024798736, 0.996843599,
2054.045230568, 0.997012647,
2054.086094233, 0.997122830,
2054.106526066, 0.996952539,
2054.126957899, 0.995910285,
2054.147389732, 0.996154214,
2054.167821566, 0.997505264,
2054.188253500, 0.997500622,
2054.208685234, 0.997114088,
2054.229117068, 0.996454291,
2054.249549003, 0.997321314,
2054.269980738, 0.997183081,
2054.290412673, 0.997435417,
2054.331276244, 0.996571224,
2054.351708180, 0.996221385,
2054.372140016, 0.997129498,
2054.392571753, 0.997929107,
2054.413003689, 0.996661570,
2054.433435526, 0.997224541,
2054.453867364, 0.997023200,
2054.474299201, 0.996745570,
2054.494730939, 0.997007452,
2054.515162877, 0.997210183,
2054.535594716, 0.997403866,
2054.576458393, 0.996204539,
2054.596890232, 0.996683819,
2054.617322172, 0.997095713,
2054.637753911, 0.996279608,
2054.658185751, 0.996658124,
2054.678617691, 0.997096413,
2054.699049432, 0.997213786,
2054.719481273, 0.997033955,
2054.739913214, 0.997126396,
2054.780776897, 0.996747769,
2054.821640581, 0.996128279,
2054.842072423, 0.996389682,
2054.862504265, 0.996243077,
2054.882936108, 0.996198194,
2054.903368052, 0.997372503,
2054.923799795, 0.997432405,
2054.944231639, 0.997098619,
2054.964663583, 0.997407262,
2054.985095327, 0.997230644,
2055.005527272, 0.997724419,
2055.025959116, 0.997855841,
2055.087254553, 0.997231595,
2055.107686398, 0.997686210,
2055.128118345, 0.997616197,
2055.148550091, 0.996623465,
2055.168982038, 0.997005033,
2055.189413885, 0.997123128,
2055.209845632, 0.996324605,
2055.230277579, 0.996965310,
2055.250709427, 0.997022478,
2055.271141275, 0.997636798,
2055.291573124, 0.996806773,
2055.312004972, 0.996963403,
2055.332436921, 0.997558231,
2055.352868670, 0.996544119,
2055.373300520, 0.996760771,
2055.393732470, 0.997533116,
2055.414164320, 0.997080567,
2055.434596070, 0.996313349,
2055.455028020, 0.996758050,
2055.475459871, 0.997374307,
2055.557187377, 0.996471931,
2055.577619130, 0.996806253,
2055.598050982, 0.997302530,
2055.618482935, 0.997029958,
2055.638914688, 0.996963067,
2055.659346541, 0.997313706,
2055.679778495, 0.997021706,
2055.700210249, 0.997010886,
2055.720642203, 0.996537516,
2055.741073957, 0.995826212,
2055.761505812, 0.996267599,
2055.802369522, 0.996045416,
2055.822801378, 0.996139724,
2055.843233334, 0.997173730,
2055.863665090, 0.997179238,
2055.884097046, 0.996948843,
2055.904528903, 0.996757900,
2055.924960760, 0.996112864,
2055.945392617, 1.002064822,
2055.965824474, 0.997139047,
2055.986256332, 0.997229892,
2056.006688190, 0.996641498,
2056.067983866, 0.997264694,
2056.088415625, 0.997787237,
2056.108847585, 0.997652994,
2056.129279445, 0.996668661,
2056.149711205, 0.996557458,
2056.170143165, 0.996271963,
2056.190575025, 0.997576997,
2056.211006986, 0.997288086,
2056.251870609, 0.995840438,
2056.272302571, 0.995950747,
2056.292734333, 0.996789752,
2056.313166195, 0.996620631,
2056.333598158, 0.996338036,
2056.354029920, 0.996869880,
2056.374461784, 0.996798515,
2056.394893647, 0.996357747,
2056.415325511, 0.996375347,
2056.435757475, 0.996732874,
2056.456189339, 0.996334020,
2056.476621104, 0.997515467,
2056.497053068, 0.996927436,
2056.537916699, 0.996272484,
2056.558348665, 0.996446118,
2056.578780531, 0.996433737,
2056.599212397, 0.995650595,
2056.619644264, 0.995729792,
2056.640076130, 0.996188866,
2056.660507998, 0.996847883,
2056.680939865, 0.995956633,
2056.701371733, 0.996073634,
2056.721803601, 0.996910421,
2056.742235469, 0.995791756,
2056.783099306, 0.995841002,
2056.803531076, 0.996442798,
2056.823963045, 0.996382141,
2056.844394915, 0.996590129,
2056.864826685, 0.996616114,
2056.885258655, 0.996124968,
2056.905690526, 0.995462383,
2056.926122497, 0.995222849,
2056.946554268, 0.996203786,
2056.966986139, 0.996287963,
2056.987418111, 0.996162092,
2057.028281755, 0.996000059,
2057.048713728, 0.996005557,
2057.069145501, 0.996473296,
2057.089577374, 0.995834843,
2057.110009248, 0.996173175,
2057.130441122, 0.996143518,
2057.150873096, 0.996294083,
2057.171304870, 0.996416574,
2057.191736745, 0.996787255,
2057.212168719, 0.995796933,
2057.232600595, 0.995523779,
2057.293896222, 0.996003598,
2057.314328099, 0.996264983,
2057.334759976, 0.996378159,
