BJD - 2454833, Corrected Flux
1977.262454749, 1.067617486,
1977.282887015, 1.077266111,
1977.303319179, 1.067320296,
1977.364616071, 1.058222967,
1977.385048334, 1.052052987,
1977.405480597, 1.055358615,
1977.425912859, 1.054276893,
1977.446345220, 1.058103116,
1977.466777381, 1.052777580,
1977.487209742, 1.056034945,
1977.507642002, 1.053417347,
1977.528074162, 1.057031593,
1977.548506521, 1.056563217,
1977.568938780, 1.054418086,
1977.589370938, 1.052056200,
1977.609803296, 1.052281381,
1977.630235553, 1.055299180,
1977.650667710, 1.054109524,
1977.671100066, 1.057476796,
1977.691532322, 1.050716263,
1977.711964478, 1.052610824,
1977.732396832, 1.055486523,
1977.752829087, 1.049036443,
1977.773261241, 1.052564117,
1977.793693595, 1.051577983,
1977.814125848, 1.054322964,
1977.834558100, 1.051595896,
1977.854990352, 1.054850008,
1977.875422604, 1.053102633,
1977.895854855, 1.056206853,
1977.916287106, 1.052486654,
1977.936719356, 1.050727473,
1977.957151706, 1.049481577,
1977.977583855, 1.054861201,
1977.998016104, 1.050074931,
1978.018448452, 1.052343716,
1978.038880600, 1.049038445,
1978.059312848, 1.046894433,
1978.079745195, 1.053182990,
1978.100177341, 1.049196536,
1978.120609587, 1.053891523,
1978.141041933, 1.051869954,
1978.161474078, 1.052029115,
1978.181906322, 1.051444819,
1978.202338667, 1.054014474,
1978.222770810, 1.050671430,
1978.243203154, 1.053028646,
1978.263635396, 1.049937504,
1978.284067639, 1.046848096,
1978.304499881, 1.053655364,
1978.324932122, 1.052051741,
1978.345364363, 1.052332984,
1978.365796603, 1.052094032,
1978.386228843, 1.053991541,
1978.406661083, 1.054435047,
1978.427093322, 1.048878730,
1978.447525560, 1.045399891,
1978.467957798, 1.052688332,
1978.488390036, 1.051296198,
1978.508822273, 1.050523252,
1978.529254410, 1.046786005,
1978.590551117, 1.054479905,
1978.610983452, 1.063467802,
1978.631415686, 1.050899223,
1978.651848021, 1.062864175,
1978.672280154, 1.051996851,
1978.692712387, 1.050468123,
1978.713144720, 1.054279462,
1978.733576851, 1.054366233,
1978.754009083, 1.059146636,
1978.774441414, 1.051636661,
1978.794873645, 1.055981672,
1978.815305775, 1.051563746,
1978.835738105, 1.054304317,
1978.856170334, 1.055897857,
1978.876602463, 1.048477223,
1978.917467019, 1.055006269,
1978.937899147, 1.051946104,
1978.958331474, 1.053798720,
1978.978763701, 1.052744552,
1978.999195826, 1.053226792,
1979.019628152, 1.055477970,
1979.060492502, 1.051345002,
1979.080924826, 1.055626209,
1979.101357050, 1.050671826,
1979.121789373, 1.052969837,
1979.142221496, 1.053546287,
1979.162653719, 1.051968523,
1979.183085941, 1.053669537,
1979.203518162, 1.069295681,
1979.223950383, 1.055271304,
1979.244382604, 1.049900204,
1979.264814824, 1.055854989,
1979.285247043, 1.053782280,
1979.305679263, 1.053143800,
1979.326111481, 1.049875420,
1979.346543699, 1.054102107,
1979.366976017, 1.051172160,
1979.387408135, 1.051296502,
1979.407840352, 1.051260504,
1979.428272668, 1.054546711,
1979.448704784, 1.057628634,
1979.469136999, 1.057433462,
1979.489569315, 1.051226536,
1979.510001429, 1.045176917,
1979.530433643, 1.054569011,
1979.550865957, 1.054407362,
1979.571298070, 1.054858305,
1979.591730383, 1.057275229,
1979.612162596, 1.051673784,
1979.632594807, 1.054334080,
1979.653027019, 1.053790479,
1979.673459230, 1.056634628,
1979.693891440, 1.055419713,
1979.714323650, 1.051626147,
1979.734755860, 1.054854430,
1979.755188069, 1.048086013,
1979.775620278, 1.057610451,
1979.796052486, 1.049053522,
1979.816484694, 1.053751801,
1979.836917001, 1.054335329,
1979.857349108, 1.055878411,
1979.877781314, 1.052836067,
1979.898213520, 1.050704027,
1979.918645726, 1.053589263,
1979.939077931, 1.057137398,
1979.959510136, 1.054521392,
1979.979942340, 1.057034390,
1980.000374544, 1.053382004,
1980.020806747, 1.049114545,
1980.041238950, 1.053546820,
1980.061671252, 1.053974428,
1980.082103354, 1.047792541,
1980.102535555, 1.051825166,
1980.122967856, 1.051800402,
1980.143399957, 1.053607083,
1980.163832157, 1.055222104,
1980.184264456, 1.053061716,
1980.204696656, 1.050055889,
1980.225128754, 1.056733985,
1980.245561053, 1.053636900,
1980.265993251, 1.049471429,
1980.286425348, 1.051740452,
1980.306857645, 1.051759926,
1980.327289841, 1.056858666,
1980.347721937, 1.052842502,
1980.368154233, 1.051163229,
1980.388586428, 1.053180640,
1980.429450817, 1.048721864,
1980.449883011, 1.052180217,
1980.470315204, 1.052538887,
1980.490747397, 1.048921254,
1980.511179590, 1.050174770,
1980.531611881, 1.055392718,
1980.552043973, 1.052736770,
1980.572476164, 1.051337665,
1980.592908455, 1.050710011,
1980.613340545, 1.053158890,
1980.633772735, 1.047167480,
1980.654205024, 1.048241155,
1980.674637113, 1.047385047,
1980.695069301, 1.048239771,
1980.715501589, 1.057904808,
1980.735933677, 1.052329970,
1980.756365864, 1.056767301,
1980.776798150, 1.051470595,
1980.797230237, 1.054795759,
1980.817662422, 1.051505767,
1980.838094708, 1.046098145,
1980.858526793, 1.052655048,
1980.878958977, 1.046603821,
1980.899391261, 1.049234007,
1980.919823344, 1.051603573,
1980.940255528, 1.052899919,
1980.960687810, 1.053885901,
1980.981119892, 1.050675580,
1981.042416536, 1.055095024,
1981.062848717, 1.056951923,
1981.083280897, 1.048526921,
1981.103713076, 1.056786494,
1981.124145255, 1.051475268,
1981.144577434, 1.050484052,
1981.165009612, 1.051967357,
1981.185441890, 1.051603990,
1981.205873967, 1.051912752,
1981.226306144, 1.050169372,
1981.246738421, 1.053425183,
1981.267170497, 1.048356159,
1981.287602672, 1.050337675,
1981.308034947, 1.055778045,
1981.328467022, 1.049477145,
1981.348899196, 1.054410891,
1981.369331470, 1.051063270,
1981.410195716, 1.051996071,
1981.430627888, 1.048953462,
1981.451060060, 1.055010232,
1981.471492332, 1.052792877,
1981.594085352, 1.051016873,
1981.614517521, 1.054384278,
1981.634949589, 1.053248869,
1981.655381857, 1.051018804,
1981.675814024, 1.048405426,
1981.696246090, 1.055611333,
1981.716678357, 1.051181476,
1981.737110522, 1.044770591,
1981.757542588, 1.051991031,
1981.777974853, 1.053869126,
1981.798407017, 1.050439070,
1981.818839082, 1.052465058,
1981.839271345, 1.048191513,
1981.859703509, 1.052383445,
1981.880135672, 1.049361722,
1981.900567834, 1.052094761,
1981.920999996, 1.054770963,
1981.941432257, 1.055419765,
1981.961864318, 1.051742278,
1981.982296479, 1.052542590,
1982.002728739, 1.051848587,
1982.023160899, 1.054659484,
1982.043592958, 1.075099798,
1982.064025217, 1.054738424,
1982.084457375, 1.053137420,
1982.104889433, 1.054940702,
1982.125321691, 1.050674982,
1982.145753748, 1.055590176,
1982.166185905, 1.052706715,
1982.186618161, 1.056475930,
1982.207050217, 1.047780443,
1982.227482372, 1.054784795,
1982.247914627, 1.048728710,
1982.268346682, 1.057215754,
1982.288778835, 1.051963670,
1982.309211089, 1.053110096,
1982.329643143, 1.054885917,
1982.350075295, 1.062211548,
1982.370507548, 1.052071654,
1982.390939700, 1.053609933,
1982.411371851, 1.051910535,
1982.431804002, 1.049226110,
1982.452236153, 1.054529582,
1982.493100453, 1.049702655,
1982.513532602, 1.053834797,
1982.533964851, 1.047883626,
1982.554396899, 1.054380591,
1982.574829048, 1.057970134,
1982.595261295, 1.049615817,
1982.615693342, 1.048015696,
1982.636125489, 1.048954252,
1982.656557735, 1.054047545,
1982.676989781, 1.050208097,
1982.697421927, 1.054657136,
1982.717854172, 1.054328542,
1982.738286216, 1.058650146,
1982.758718361, 1.053638174,
1982.779150604, 1.055145780,
1982.799582647, 1.051182401,
1982.820014790, 1.048892275,
1982.840447033, 1.051865488,
1982.860879175, 1.051620990,
1982.881311316, 1.050086064,
1982.901743457, 1.051154211,
1982.922175498, 1.051679663,
1982.942607739, 1.051687781,
1982.983471918, 1.052121947,
1983.003904157, 1.055113370,
1983.024336296, 1.056121281,
1983.044768334, 1.054696155,
1983.065200572, 1.051299055,
1983.085632709, 1.059554241,
1983.106064745, 1.048682456,
1983.126496982, 1.055073399,
1983.146929118, 1.049427070,
1983.167361154, 1.051634812,
1983.187793389, 1.048944687,
1983.208225524, 1.052129925,
1983.228657658, 1.051314762,
1983.249089792, 1.057415280,
1983.269521925, 1.053739586,
1983.289954058, 1.058493676,
1983.310386191, 1.050825470,
1983.330818323, 1.049138971,
1983.351250555, 1.057287681,
1983.371682686, 1.053682679,
1983.392114717, 1.042990877,
1983.412546948, 1.055865816,
1983.432979078, 1.052188421,
1983.473843337, 1.051538906,
1983.494275465, 1.056626737,
1983.514707494, 1.054205556,
1983.535139722, 1.053862584,
1983.555571850, 1.046474990,
1983.576003877, 1.050846096,
1983.596436103, 1.052024813,
1983.616868229, 1.057078287,
1983.637300256, 1.050239003,
1983.657732481, 1.050960244,
1983.678164506, 1.048358896,
1983.698596730, 1.054272780,
1983.719028855, 1.051050040,
1983.739460878, 1.046210458,
1983.759893002, 1.046694711,
1983.780325225, 1.050928231,
1983.800757347, 1.054380133,
1983.821189469, 1.052996096,
1983.841621591, 1.054805722,
1983.862053712, 1.048963107,
1983.882485933, 1.050219452,
1983.902917953, 1.048138908,
1983.923350073, 1.047993578,
1983.943782293, 1.047774085,
1983.964214312, 1.053833347,
1983.984646430, 1.048682064,
1984.005078649, 1.049446191,
1984.025510667, 1.055924961,
1984.045942784, 1.048528370,
1984.066375001, 1.049512581,
1984.086807018, 1.049386080,
1984.107239134, 1.049914051,
1984.127671349, 1.048940962,
1984.148103365, 1.056225976,
1984.168535480, 1.051335558,
1984.188967694, 1.052107547,
1984.209399809, 1.052041993,
1984.229831822, 1.052749626,
1984.250264035, 1.053384634,
1984.270696148, 1.051755444,
1984.291128261, 1.052741187,
1984.311560373, 1.051317543,
1984.331992484, 1.050834024,
1984.352424695, 1.048630674,
1984.372856706, 1.052682208,
1984.393288717, 1.052646791,
1984.413720926, 1.052383685,
1984.475017254, 1.043504480,
1984.495449362, 1.048021645,
1984.515881370, 1.055551533,
1984.536313577, 1.049513891,
1984.556745684, 1.052783087,
1984.577177691, 1.051230027,
1984.597609897, 1.049711370,
1984.618042003, 1.053002095,
1984.638474109, 1.046627533,
1984.658906213, 1.056699946,
1984.679338318, 1.051788866,
1984.699770422, 1.045469750,
1984.720202626, 1.054825899,
1984.740634629, 1.049372688,
1984.761066832, 1.054669113,
1984.781498935, 1.048085459,
1984.801930937, 1.051373965,
1984.822363138, 1.050902546,
1984.842795240, 1.053735050,
1984.863227241, 1.045733613,
1984.883659441, 1.050960089,
1984.904091541, 1.050643788,
1984.985819837, 1.049903066,
1985.006252035, 1.047567571,
1985.026684132, 1.050453990,
1985.047116229, 1.054934815,
1985.067548326, 1.051871553,
1985.087980422, 1.050551203,
1985.108412518, 1.054711949,
1985.128844614, 1.054031426,
1985.149276709, 1.049975699,
1985.169708703, 1.053943137,
1985.190140898, 1.049912734,
1985.210572992, 1.055905791,
1985.231005185, 1.049586821,
1985.251437178, 1.054623271,
1985.271869271, 1.048585208,
1985.292301463, 1.053478591,
1985.312733455, 1.046630736,
1985.333165546, 1.052758436,
1985.353597737, 1.050605602,
1985.374029728, 1.042949522,
1985.394461818, 1.052318131,
1985.455758086, 1.050028078,
1985.476190275, 1.050142721,
1985.496622263, 1.051352300,
1985.517054351, 1.049601309,
1985.537486538, 1.055169604,
1985.557918625, 1.052926698,
1985.578350611, 1.052792284,
1985.598782798, 1.050030525,
1985.619214883, 1.050766935,
1985.639646868, 1.047132658,
1985.660079054, 1.052801819,
1985.680511138, 1.050755066,
1985.700943322, 1.050961251,
1985.721375306, 1.055689511,
1985.741807389, 1.052379417,
1985.762239572, 1.051549437,
1985.782671555, 1.043743817,
1985.803103637, 1.047112882,
1985.823535818, 1.049947392,
1985.843967799, 1.053484594,
1985.864399880, 1.046540696,
1985.884831961, 1.053311672,
1985.946128200, 1.050268393,
1985.966560279, 1.049592745,
1985.986992357, 1.049485463,
1986.007424435, 1.050343243,
1986.027856513, 1.044317382,
1986.048288590, 1.050698536,
1986.068720767, 1.051050715,
1986.089152743, 1.047592944,
1986.109584820, 1.054353271,
1986.130016995, 1.051248770,
1986.150448970, 1.052756029,
1986.170881145, 1.046466581,
1986.191313219, 1.048359771,
1986.211745193, 1.055937400,
1986.232177367, 1.054339554,
1986.252609441, 1.050279334,
1986.273041413, 1.057059820,
1986.293473586, 1.050830680,
1986.313905658, 1.051111550,
1986.334337630, 1.052097047,
1986.354769801, 1.050018603,
1986.375201872, 1.048009978,
1986.395633942, 1.047834070,
1986.416066012, 1.046997455,
1986.436498082, 1.048797811,
1986.456930151, 1.050671762,
1986.477362220, 1.062017686,
1986.497794288, 1.052522355,
1986.518226356, 1.048446621,
1986.538658524, 1.052268361,
1986.559090491, 1.050762982,
1986.579522558, 1.047945211,
1986.599954625, 1.048548976,
1986.620386691, 1.046808585,
1986.681682887, 1.047245443,
1986.702115051, 1.044091723,
1986.722547015, 1.047037516,
1986.742979079, 1.049516409,
1986.763411242, 1.049153750,
1986.783843205, 1.051773985,
1986.804275268, 1.043465043,
1986.824707430, 1.048821148,
1986.845139391, 1.046846025,
1986.865571453, 1.049259070,
1986.926867634, 1.049705526,
1986.947299794, 1.050364346,
1986.967731854, 1.051184269,
1986.988163813, 1.049299911,
1987.008595971, 1.044695632,
1987.029028029, 1.048963550,
1987.049459987, 1.050392876,
1987.069892145, 1.045260383,
1987.090324201, 1.047659953,
1987.110756358, 1.052397172,
1987.172052526, 1.052524641,
1987.192484481, 1.049457438,
1987.212916535, 1.049343085,
1987.233348690, 1.042548336,
1987.253780644, 1.050891692,
1987.274212697, 1.053497782,
1987.294644850, 1.050240991,
1987.315076803, 1.045448643,
1987.335508855, 1.050889577,
1987.355941007, 1.052011078,
1987.376372958, 1.053629190,
1987.396805010, 1.052155092,
1987.417237060, 1.049281477,
1987.437669111, 1.048305343,
1987.458101161, 1.050911505,
1987.478533310, 1.045600585,
1987.498965260, 1.047764639,
1987.519397408, 1.047994173,
1987.539829457, 1.051817115,
1987.560261405, 1.049520819,
1987.580693552, 1.050554550,
1987.601125600, 1.055150358,
1987.662421739, 1.050156915,
1987.682853685, 1.046684059,
1987.703285830, 1.054516774,
1987.723717875, 1.052311913,
1987.744149920, 1.050691289,
1987.764581964, 1.053299997,
1987.785014008, 1.046980621,
1987.805446051, 1.050913797,
1987.825878094, 1.049599755,
1987.846310137, 1.053545583,
1987.907606262, 1.047982808,
1987.928038303, 1.048496509,
1987.948470444, 1.052315225,
1987.968902384, 1.049165992,
1987.989334524, 1.051637999,
1988.009766563, 1.050596481,
1988.030198502, 1.048815917,
1988.050630641, 1.048614303,
1988.071062680, 1.048136798,
1988.091494617, 1.045810264,
1988.111926755, 1.050102495,
1988.132358692, 1.044796455,
1988.152790729, 1.055240501,
1988.173222866, 1.051775484,
1988.193654802, 1.045427366,
1988.214086838, 1.051114911,
1988.234518973, 1.052044542,
1988.254950908, 1.053205283,
1988.275382942, 1.047999876,
1988.295815076, 1.051113732,
1988.316247110, 1.044754546,
1988.336679044, 1.047782104,
1988.397975142, 1.045429440,
1988.418407273, 1.049248791,
1988.438839305, 1.050736529,
1988.459271436, 1.048121451,
1988.479703367, 1.050101662,
1988.500135397, 1.052511003,
1988.520567527, 1.052533822,
1988.540999457, 1.049675872,
1988.561431486, 1.054101919,
1988.581863614, 1.047294432,
1988.643159699, 1.050266368,
1988.663591626, 1.050426403,
1988.684023653, 1.047719262,
1988.704455780, 1.049129588,
1988.724887706, 1.047298035,
1988.745319732, 1.049451042,
1988.765751857, 1.046710775,
1988.786183882, 1.049896940,
1988.806615807, 1.045253960,
1988.827047931, 1.051128163,
1988.908775924, 1.055145889,
1988.929208047, 1.048272278,
1988.949640069, 1.049328999,
1988.970071990, 1.056399114,
1988.990504112, 1.048263875,
1989.010936133, 1.048342190,
1989.031368053, 1.051718391,
1989.051800173, 1.054479179,
1989.072232193, 1.052442547,
1989.092664113, 1.051920484,
1989.113096232, 1.049207174,
1989.133528251, 1.051487085,
1989.153960269, 1.050959681,
1989.174392286, 1.052698745,
1989.194824304, 1.050273317,
1989.215256321, 1.058704923,
1989.235688338, 1.052950475,
1989.256120354, 1.047261797,
1989.276552371, 1.046992564,
1989.296984486, 1.053729554,
1989.317416401, 1.049161549,
1989.378712445, 1.048403900,
1989.399144559, 1.050489102,
1989.419576573, 1.055881010,
1989.440008486, 1.053837277,
1989.460440598, 1.050873834,
1989.480872611, 1.047762872,
1989.501304522, 1.050982672,
1989.521736634, 1.057065097,
1989.542168645, 1.051805641,
1989.562600556, 1.045638443,
1989.583032666, 1.051219249,
1989.603464677, 1.049617476,
1989.623896586, 1.052564948,
1989.644328696, 1.044694539,
1989.664760705, 1.049319510,
1989.685192613, 1.056976308,
1989.705624722, 1.051899395,
1989.726056730, 1.053931918,
1989.746488637, 1.054337744,
1989.766920744, 1.047882794,
1989.787352751, 1.051520348,
1989.807784658, 1.057029230,
1989.869080874, 1.048322860,
1989.889512779, 1.055652592,
1989.909944784, 1.050984064,
1989.930376888, 1.052142536,
1989.950808792, 1.049766016,
1989.971240795, 1.048952466,
1989.991672898, 1.052459154,
1990.012104801, 1.050611911,
1990.032536804, 1.049007390,
1990.052968905, 1.059894517,
1990.073400807, 1.053260780,
1990.093832809, 1.053662807,
1990.114264910, 1.054061251,
1990.134696910, 1.048379000,
1990.155128810, 1.053892822,
1990.175560910, 1.051425087,
1990.195992910, 1.052537827,
1990.216424809, 1.050435401,
1990.236856907, 1.047628637,
1990.257288905, 1.049355379,
1990.277720903, 1.053727599,
1990.298152901, 1.064591539,
1990.359448892, 1.050974982,
1990.379880788, 1.054784187,
1990.400312884, 1.050267633,
1990.441176774, 1.057291898,
1990.461608869, 1.050691685,
1990.482040863, 1.053992266,
1990.502472857, 1.051987193,
1990.522904851, 1.053887539,
1990.543336844, 1.061311871,
1990.604632822, 1.054335455,
1990.625064814, 1.046113170,
1990.645496905, 1.052901636,
1990.665928796, 1.049971438,
1990.686360787, 1.053521154,
1990.706792877, 1.052156003,
1990.727224767, 1.055564377,
1990.747656857, 1.052978441,
1990.768088846, 1.051241672,
1990.788520735, 1.055872652,
1990.849816700, 1.056031244,
1990.870248787, 1.053826981,
1990.890680774, 1.050907874,
1990.911112661, 1.050294062,
1990.931544748, 1.053184376,
1990.951976734, 1.048983916,
1990.972408719, 1.048725712,
1990.992840705, 1.052313483,
1991.013272690, 1.059735711,
1991.033704674, 1.048402464,
1991.054136659, 1.048078294,
1991.074568643, 1.051596509,
1991.095000526, 1.051917608,
1991.115432609, 1.050964111,
1991.135864592, 1.053618843,
1991.156296675, 1.052506640,
1991.176728557, 1.052949847,
1991.197160539, 1.054608849,
1991.217592620, 1.057597132,
1991.238024501, 1.052504130,
1991.258456482, 1.055243200,
1991.278888562, 1.052788351,
1991.340184501, 1.054242061,
1991.360616380, 1.051274551,
1991.381048359, 1.052338098,
1991.401480437, 1.059703242,
1991.421912315, 1.056257219,
1991.442344292, 1.052911543,
1991.462776369, 1.053002221,
1991.483208346, 1.052446036,
1991.503640223, 1.054938365,
1991.524072299, 1.050199093,
1991.544504275, 1.051424720,
1991.564936150, 1.054356063,
1991.585368225, 1.058321104,
1991.605800200, 1.050064961,
1991.626232274, 1.057063185,
1991.646664148, 1.050425730,
1991.667096122, 1.051999057,
1991.687528195, 1.052394808,
1991.707960068, 1.056414582,
1991.728392041, 1.048037757,
1991.748824013, 1.051856777,
1991.769255985, 1.044740755,
1991.789687957, 1.055825758,
1991.810119928, 1.053026151,
1991.830551898, 1.058158830,
1991.850983869, 1.059787842,
1991.871415839, 1.054368981,
1991.891847809, 1.055564593,
1991.912279778, 1.058931663,
1991.932711747, 1.048865232,
1991.953143716, 1.053195437,
1991.973575684, 1.049321442,
1991.994007752, 1.049916837,
1992.014439620, 1.050542534,
1992.075735521, 1.055485655,
1992.096167587, 1.054995387,
1992.116599553, 1.049551619,
1992.137031419, 1.056547727,
1992.157463484, 1.053019552,
1992.177895449, 1.048745281,
1992.198327314, 1.053697105,
1992.218759378, 1.057220890,
1992.239191342, 1.051393651,
1992.259623205, 1.046709275,
1992.300487231, 1.050387989,
1992.320919194, 1.056123401,
1992.341351156, 1.059075482,
1992.361783118, 1.051954041,
1992.382215079, 1.049900491,
1992.402647040, 1.051059881,
1992.423079001, 1.054270062,
1992.443511062, 1.048748147,
1992.463943022, 1.057603097,
1992.484374881, 1.052954086,
1992.504806941, 1.053455081,
1992.525238800, 1.051199753,
1992.545670759, 1.050636093,
1992.566102817, 1.051406451,
1992.586534675, 1.050488124,
1992.606966633, 1.046922082,
1992.647830547, 1.048133646,
1992.668262503, 1.056214964,
1992.688694560, 1.052080821,
1992.709126416, 1.053728924,
1992.729558371, 1.047514388,
1992.749990426, 1.053613610,
1992.811286290, 1.057604268,
1992.831718244, 1.052804465,
1992.852150198, 1.052261844,
1992.872582151, 1.044864415,
1992.893014104, 1.046745850,
1992.913446056, 1.045946076,
1992.933878009, 1.057709815,
1992.954309960, 1.050422556,
1992.974742012, 1.052648451,
1992.995173863, 1.051291429,
1993.015605814, 1.054116713,
1993.036037865, 1.052519071,
1993.056469715, 1.050897632,
1993.076901665, 1.053321726,
1993.097333714, 1.048824806,
1993.117765563, 1.053795832,
1993.138197512, 1.049896415,
1993.158629560, 1.045883201,
1993.179061409, 1.049115966,
1993.199493356, 1.053161384,
1993.219925404, 1.053043622,
1993.240357251, 1.051620930,
1993.301653090, 1.052258349,
1993.322085136, 1.047432652,
1993.342517082, 1.051501504,
1993.362948927, 1.055596769,
1993.383380972, 1.050420453,
1993.403812916, 1.050559244,
1993.424244760, 1.050370287,
1993.444676804, 1.052839695,
1993.465108747, 1.050909466,
1993.485540590, 1.047954629,
1993.546836418, 1.049546157,
1993.567268459, 1.044182480,
1993.587700401, 1.050703162,
1993.608132242, 1.049020336,
1993.628564282, 1.048632610,
1993.648996223, 1.049370295,
1993.669428263, 1.044849216,
1993.689860103, 1.049016944,
1993.710292042, 1.043965751,
1993.730724081, 1.057474306,
1993.751155920, 1.049293010,
1993.771587858, 1.047542934,
1993.792019896, 1.045036519,
1993.812451834, 1.046405081,
1993.832883672, 1.045842307,
1993.853315709, 1.048813398,
1993.873747646, 1.046748384,
1993.894179482, 1.048474034,
1993.914611518, 1.051486851,
1993.935043454, 1.050673403,
1993.955475289, 1.045943063,
1993.975907324, 1.048841322,
1994.037203128, 1.041850436,
1994.057634962, 1.051066810,
1994.078066995, 1.046270485,
1994.098498928, 1.044703703,
1994.118930761, 1.047179873,
1994.139362793, 1.049039747,
1994.159794725, 1.044173660,
1994.180226657, 1.046017807,
1994.200658589, 1.045672312,
1994.221090520, 1.052873780,
1994.282386311, 1.043778472,
1994.302818241, 1.044712910,
1994.323250171, 1.045322248,
1994.343682100, 1.048930793,
1994.364114029, 1.044254753,
1994.384546057, 1.039328636,
1994.404977885, 1.052124602,
1994.425409813, 1.047055967,
1994.445841841, 1.043040097,
1994.466273668, 1.045961547,
1994.486705695, 1.043709906,
1994.507137622, 1.049714033,
1994.527569448, 1.040093148,
1994.548001474, 1.044893114,
1994.568433399, 1.044462503,
1994.588865225, 1.043552241,
1994.609297249, 1.045093376,
1994.629729174, 1.044995130,
1994.650161099, 1.041920979,
1994.670593022, 1.045251519,
1994.691024946, 1.040159490,
1994.711456769, 1.043806531,
1994.772752537, 1.048429505,
1994.793184559, 1.044547672,
1994.813616481, 1.043752378,
1994.834048303, 1.040706530,
1994.854480324, 1.045737269,
1994.874912244, 1.048469547,
1994.895344265, 1.045075534,
1994.915776085, 1.044796660,
1994.936208005, 1.044411310,
1994.956640024, 1.045566573,
1995.017935781, 1.045075152,
1995.038367599, 1.047366761,
1995.058799516, 1.044204006,
1995.079231534, 1.046073812,
1995.099663351, 1.039780532,
1995.120095268, 1.046010479,
1995.140527285, 1.110876820,
1995.160959101, 1.044928681,
1995.181391017, 1.042942641,
1995.201823033, 1.042449368,
1995.263118777, 1.042495196,
1995.283550692, 1.049270636,
1995.303982606, 1.046972940,
1995.324414519, 1.042046905,
1995.344846433, 1.044032635,
1995.365278346, 1.043515396,
1995.385710259, 1.039353820,
1995.406142171, 1.040420919,
1995.426574083, 1.045114496,
1995.447005995, 1.045383683,
1995.467437907, 1.043388113,
1995.487869818, 1.041744326,
1995.508301729, 1.044847195,
1995.528733539, 1.041045386,
1995.549165549, 1.042156035,
1995.569597459, 1.040173861,
1995.590029369, 1.040416344,
1995.610461278, 1.045113249,
1995.630893187, 1.043810732,
1995.651325096, 1.035526861,
1995.671757004, 1.045824809,
1995.692188912, 1.045254673,
1995.753484634, 1.040403893,
1995.773916641, 1.042285014,
1995.794348547, 1.043637476,
1995.814780354, 1.038322767,
1995.835212359, 1.042453708,
1995.855644265, 1.038880843,
1995.876076070, 1.043913607,
1995.896508075, 1.036317892,
1995.916939979, 1.038355235,
1995.937371784, 1.042290174,
1995.998667495, 1.036622514,
1996.019099497, 1.033941714,
1996.039531400, 1.042104072,
1996.059963303, 1.039351013,
1996.080395205, 1.037969865,
1996.100827106, 1.042969406,
1996.121259008, 1.038400349,
1996.141690909, 1.041602749,
1996.162122810, 1.042455385,
1996.182554710, 1.039111193,
1996.202986610, 1.039358818,
1996.223418510, 1.044390218,
1996.243850510, 1.067578157,
1996.264282309, 1.036350441,
1996.284714208, 1.036616231,
1996.305146207, 1.032498886,
1996.325578005, 1.039884613,
1996.346009903, 1.039488901,
1996.366441901, 1.039019371,
1996.386873698, 1.043441422,
1996.407305595, 1.042255097,
1996.427737592, 1.039694957,
1996.489033281, 1.040537051,
1996.509465076, 1.044165777,
1996.529897072, 1.034895334,
1996.550328967, 1.034095994,
1996.570760861, 1.037573840,
1996.591192755, 1.035399728,
1996.611624649, 1.037129225,
1996.632056543, 1.034666498,
1996.652488437, 1.041409150,
1996.672920330, 1.041494707,
1996.734216007, 1.038717289,
1996.754647899, 1.039438061,
1996.775079891, 1.039151723,
1996.795511682, 1.036929394,
1996.815943573, 1.043531139,
1996.836375564, 1.045941905,
1996.856807354, 1.038309924,
1996.877239244, 1.042148148,
1996.897671134, 1.040026820,
1996.918103024, 1.040105769,
1996.979398690, 1.036179680,
1996.999830678, 1.037466634,
1997.020262466, 1.039900948,
1997.040694354, 1.038229263,
1997.061126341, 1.035724789,
1997.101990015, 1.041959530,
1997.122422002, 1.042400870,
1997.142853888, 1.033299028,
1997.163285674, 1.031941363,
1997.224581329, 1.042593188,
1997.245013314, 1.044109485,
1997.265445198, 1.035868576,
1997.285876982, 1.038420981,
1997.306308966, 1.041950147,
1997.326740850, 1.038297327,
1997.347172833, 1.037925802,
1997.367604616, 1.038832649,
1997.388036498, 1.033138262,
1997.408468480, 1.032781064,
1997.428900262, 1.033383264,
1997.449332144, 1.037830999,
1997.469764125, 1.039317826,
1997.490195906, 1.037550308,
1997.510627787, 1.037418195,
1997.531059768, 1.038818373,
1997.551491648, 1.039978118,
1997.571923428, 1.035330800,
1997.592355407, 1.032903090,
1997.612787187, 1.038900819,
1997.633219065, 1.040567438,
1997.653651044, 1.035235941,
1997.714946678, 1.036062636,
1997.735378456, 1.032143350,
1997.755810433, 1.030721302,
1997.776242310, 1.031772633,
1997.796674087, 1.033670305,
1997.817106063, 1.032730794,
1997.837537939, 1.035127330,
1997.857969715, 1.035629046,
1997.878401690, 1.039569788,
1997.898833565, 1.028069631,
1997.960129189, 1.035539872,
1997.980561063, 1.034047850,
1998.000992937, 1.035789837,
1998.021424810, 1.034455159,
1998.041856683, 1.036006806,
1998.062288656, 1.037604498,
1998.082720428, 1.035525463,
1998.103152401, 1.034162198,
1998.123584272, 1.036865439,
1998.144016044, 1.034170623,
1998.164448016, 1.041262236,
1998.184879887, 1.037360493,
1998.205311657, 1.030929120,
1998.225743628, 1.033472053,
1998.246175498, 1.036869636,
1998.266607268, 1.036276789,
1998.287039237, 1.033451620,
1998.307471107, 1.032471558,
1998.348334844, 1.034455751,
1998.368766613, 1.035577237,
1998.389198581, 1.034353859,
1998.450494084, 1.030218292,
1998.470926051, 1.035773351,
1998.491357917, 1.030041617,
1998.511789784, 1.032085557,
1998.532221650, 1.029272400,
1998.552653516, 1.035535256,
1998.573085481, 1.034307367,
1998.593517246, 1.032604193,
1998.613949111, 1.035291296,
1998.634381076, 1.029630736,
1998.695676668, 1.033169829,
1998.716108432, 1.036060132,
1998.736540295, 1.033297624,
1998.756972258, 1.032648940,
1998.777404021, 1.032098750,
1998.797835883, 1.036092418,
1998.818267845, 1.031221556,
1998.838699607, 1.032026068,
1998.859131469, 1.030665509,
1998.879563430, 1.032522017,
1998.899995291, 1.038694536,
1998.920427152, 1.031574520,
1998.940859012, 1.042264824,
1998.961290872, 1.035807856,
1998.981722732, 1.036755887,
1999.002154592, 1.032170739,
1999.022586451, 1.034312838,
1999.043018410, 1.031281587,
1999.063450168, 1.030145474,
1999.083882027, 1.036628845,
1999.104313885, 1.028176989,
1999.124745743, 1.034889000,
1999.186041315, 1.032218574,
1999.206473071, 1.036525478,
1999.226905028, 1.029387944,
1999.247336884, 1.029727711,
1999.267768840, 1.033099799,
1999.288200596, 1.032876360,
1999.308632451, 1.036044015,
1999.329064406, 1.032186907,
1999.349496161, 1.033178357,
1999.369928015, 1.031178149,
1999.390359969, 1.032695921,
1999.410791823, 1.031497647,
1999.451655530, 1.034021687,
1999.492519136, 1.034360387,
1999.512951089, 1.035770950,
1999.533382941, 1.031483139,
1999.553814693, 1.031047537,
1999.574246645, 1.034728546,
1999.594678496, 1.033803696,
1999.615110247, 1.037182645,
1999.676405999, 1.050319449,
1999.696837749, 1.032666193,
1999.717269599, 1.032491865,
1999.737701548, 1.036816148,
1999.758133297, 1.029165918,
1999.778565146, 1.031487610,
1999.798997095, 1.031290709,
1999.819428843, 1.034124287,
1999.839860691, 1.031692856,
1999.860292539, 1.035459257,
1999.921588081, 1.031187462,
1999.942019928, 1.031123608,
1999.962451774, 1.031703217,
1999.982883720, 1.029216658,
2000.003315466, 1.031824567,
2000.023747412, 1.024759513,
2000.044179257, 1.030576084,
2000.064611002, 1.025918049,
2000.085042947, 1.024993552,
2000.105474792, 1.037798131,
2000.125906536, 1.034706020,
2000.146338480, 1.034530183,
2000.166770324, 1.038814499,
2000.187202067, 1.028046702,
2000.207634010, 1.031248560,
2000.228065853, 1.033780698,
2000.248497696, 1.026788208,
2000.268929538, 1.031240707,
2000.289361380, 1.030271068,
2000.309793222, 1.025678221,
2000.330225063, 1.032691010,
2000.350656905, 1.029476952,
2000.411952427, 1.032055704,
2000.432384367, 1.030597070,
2000.452816207, 1.030936233,
2000.473247947, 1.035638205,
2000.493679886, 1.026716939,
2000.514111725, 1.031121337,
2000.534543464, 1.026107901,
2000.554975402, 1.023613881,
2000.575407241, 1.033792766,
2000.595838979, 1.031353208,
2000.636702654, 1.025791080,
2000.657134491, 1.027599860,
2000.677566428, 1.031891520,
2000.697998165, 1.034110650,
2000.718430001, 1.032711448,
2000.738861937, 1.032947937,
2000.759293673, 1.030310169,
2000.779725609, 1.030145356,
2000.800157444, 1.027757651,
2000.820589279, 1.029121634,
2000.841021114, 1.030193784,
2000.861452949, 1.035459602,
2000.881884783, 1.034499326,
2000.902316617, 1.025853195,
2000.922748451, 1.029941158,
2000.963612218, 1.027290957,
2000.984043951, 1.031735574,
2001.004475783, 1.032573122,
2001.024907716, 1.030186746,
2001.045339448, 1.030474400,
2001.065771280, 1.026904374,
2001.086203211, 1.031853417,
2001.147498705, 1.033307927,
2001.167930435, 1.033806741,
2001.188362366, 1.030367953,
2001.208794196, 1.038608199,
2001.229226026, 1.031697818,
2001.249657855, 1.031139161,
2001.270089584, 1.026793050,
2001.290521513, 1.026845114,
2001.310953342, 1.027199270,
2001.331385171, 1.032092858,
2001.351816899, 1.034119493,
2001.372248827, 1.040460133,
2001.392680655, 1.038171111,
2001.413112382, 1.033788706,
2001.433544309, 1.034072770,
2001.453976136, 1.023048833,
2001.474407863, 1.032312702,
2001.494839789, 1.036102262,
2001.515271616, 1.031574836,
2001.535703541, 1.026676271,
2001.556135267, 1.032595726,
2001.576567092, 1.026438100,
2001.637862567, 1.030240048,
2001.658294491, 1.035444671,
2001.678726215, 1.031152607,
2001.699158039, 1.031435104,
2001.719589963, 1.030027785,
2001.740021686, 1.038841492,
2001.760453509, 1.031160859,
2001.780885432, 1.032798524,
2001.801317254, 1.027502803,
2001.821748977, 1.030425402,
2001.842180899, 1.031281386,
2001.862612721, 1.028135874,
2001.883044642, 1.036272272,
2001.903476363, 1.030154613,
2001.923908184, 1.030107098,
2001.944340105, 1.030617148,
2001.964771826, 1.032312457,
2001.985203646, 1.030854006,
2002.005635466, 1.028816623,
2002.026067286, 1.030272923,
2002.046499105, 1.025941177,
2002.066930924, 1.029371536,
2002.128226380, 1.034018678,
2002.148658198, 1.030883977,
2002.169090017, 1.035690014,
2002.189521834, 1.031195284,
2002.209953652, 1.032395396,
2002.230385569, 1.036279818,
2002.250817286, 1.030673948,
2002.271249102, 1.030364841,
2002.291681019, 1.029881937,
2002.312112835, 1.033266939,
2002.332544551, 1.036946338,
2002.352976467, 1.030375289,
2002.373408282, 1.032475141,
2002.393839997, 1.030411206,
2002.414271912, 1.030637289,
2002.434703727, 1.030828969,
2002.455135441, 1.032534801,
2002.475567356, 1.032138189,
2002.495999169, 1.027232082,
2002.516430883, 1.028378119,
2002.536862797, 1.032844522,
2002.557294610, 1.033983865,
2002.639021960, 1.034459039,
2002.659453672, 1.023617289,
2002.679885484, 1.035362980,
2002.700317395, 1.035479248,
2002.720749106, 1.027015048,
2002.741180917, 1.028028115,
2002.761612728, 1.032872385,
2002.782044538, 1.028005880,
2002.802476349, 1.029269041,
2002.822908259, 1.035771437,
2002.843339968, 1.036099742,
2002.863771778, 1.032542054,
2002.884203687, 1.032405954,
2002.904635396, 1.035588798,
2002.925067205, 1.022278266,
2002.945499113, 1.031301287,
2002.965930821, 1.030888956,
2002.986362729, 1.032464415,
2003.006794537, 1.029874530,
2003.027226245, 1.033259249,
2003.047658152, 1.034842963,
2003.108953572, 1.027238526,
2003.129385378, 1.030282092,
2003.149817184, 1.030090804,
2003.170248990, 1.035086014,
2003.190680796, 1.027193654,
2003.211112601, 1.028890065,
2003.231544406, 1.028948183,
2003.251976211, 1.036621127,
2003.272408015, 1.031222461,
2003.292839920, 1.030237747,
2003.313271624, 1.033208170,
2003.333703527, 1.034730920,
2003.354135331, 1.028754370,
2003.374567034, 1.033304787,
2003.394998938, 1.029902520,
2003.415430740, 1.032838632,
2003.435862443, 1.024680334,
2003.456294346, 1.035555691,
2003.476726048, 1.031044009,
2003.497157850, 1.036747101,
2003.517589751, 1.026046127,
2003.538021453, 1.034172496,
2003.599316855, 1.031754968,
2003.619748656, 1.031421773,
2003.640180556, 1.032186451,
2003.660612356, 1.034380834,
2003.681044156, 1.026467649,
2003.701475956, 1.035208020,
2003.721907755, 1.032886235,
2003.742339554, 1.029288955,
2003.762771353, 1.026694459,
2003.783203151, 1.029650042,
2003.803635050, 1.031576055,
2003.824066748, 1.032882079,
2003.844498546, 1.035156689,
2003.864930443, 1.033389065,
2003.885362141, 1.026870132,
2003.905793938, 1.037375046,
2003.926225835, 1.033414153,
2003.946657531, 1.026341455,
2003.967089328, 1.034485561,
2003.987521224, 1.036172868,
2004.007952920, 1.032556498,
2004.028384816, 1.030284814,
2004.089680201, 1.030685981,
2004.110111996, 1.027736075,
2004.130543791, 1.029474803,
2004.150975585, 1.031002268,
2004.171407379, 1.027743383,
2004.191839173, 1.030428256,
2004.212270967, 1.032371163,
2004.232702760, 1.032598479,
2004.253134453, 1.032470986,
2004.273566346, 1.029419517,
2004.293998139, 1.024945539,
2004.314429831, 1.033260341,
2004.334861723, 1.032017309,
2004.355293516, 1.028626395,
2004.375725407, 1.027237401,
2004.396157099, 1.027662471,
2004.416588890, 1.026765001,
2004.437020781, 1.027310069,
2004.457452472, 1.029998349,
2004.477884263, 1.037503697,
2004.498316153, 1.033376128,
2004.518747843, 1.016315106,
2004.580043212, 1.028656653,
2004.600475001, 1.028085905,
2004.620906890, 1.032226374,
2004.641338679, 1.030174122,
2004.661770368, 1.029836391,
2004.682202256, 1.032392306,
2004.702634044, 1.028623403,
2004.723065832, 1.031854083,
2004.743497619, 1.029804619,
2004.763929407, 1.030235474,
2004.825224768, 1.032334130,
2004.845656554, 1.034451637,
2004.866088340, 1.025813260,
2004.886520126, 1.033659064,
2004.906951912, 1.029986631,
2004.927383698, 1.035268821,
2004.947815483, 1.033322455,
2004.968247268, 1.034037909,
2004.988679053, 1.028008549,
2005.009110838, 1.036779191,
2005.029542622, 1.032327381,
2005.049974406, 1.031367304,
2005.070406291, 1.027293562,
2005.090837974, 1.030581184,
2005.111269758, 1.035317963,
2005.131701641, 1.036702410,
2005.152133424, 1.025224298,
2005.172565107, 1.030731650,
2005.192996990, 1.031652275,
2005.213428772, 1.028946429,
2005.233860454, 1.031115676,
2005.254292336, 1.031749146,
2005.295155800, 1.033076767,
2005.315587681, 1.028764275,
2005.336019462, 1.028045486,
2005.356451143, 1.033909201,
2005.376883024, 1.032205426,
2005.397314804, 1.030755079,
2005.417746684, 1.033738537,
2005.438178364, 1.028450275,
2005.458610144, 1.027863583,
2005.479042023, 1.030972671,
2005.499473703, 1.032296312,
2005.519905482, 1.026369780,
2005.540337361, 1.033567833,
2005.560769039, 1.037602386,
2005.581200818, 1.045757007,
2005.601632696, 1.033813938,
2005.622064374, 1.025570062,
2005.642496152, 1.026081982,
2005.662927929, 1.036480761,
2005.683359707, 1.035194585,
2005.703791484, 1.031212010,
2005.724223361, 1.035797861,
2005.744655037, 1.030015706,
2005.805950366, 1.027500316,
2005.826382242, 1.029151784,
2005.846814017, 1.032128484,
2005.867245693, 1.024424945,
2005.887677568, 1.030720575,
2005.908109343, 1.031869182,
2005.928541018, 1.028745516,
2005.948972892, 1.035013783,
2005.969404666, 1.026534041,
2005.989836440, 1.033838907,
2006.010268214, 1.029695849,
2006.030699988, 1.027278146,
2006.051131761, 1.031854367,
2006.071563534, 1.034923113,
2006.091995307, 1.033061769,
2006.112427180, 1.032230968,
2006.132858853, 1.035602760,
2006.153290625, 1.026123401,
2006.173722497, 1.033258336,
2006.194154269, 1.026639378,
2006.214585941, 1.025220389,
2006.235017812, 1.031696431,
2006.255449584, 1.029605721,
2006.275881255, 1.031930515,
2006.296313126, 1.030601590,
2006.316744896, 1.027216294,
2006.337176567, 1.026007532,
2006.357608437, 1.040624068,
2006.378040107, 1.030337569,
2006.398471877, 1.027152683,
2006.418903746, 1.030360062,
2006.439335416, 1.024122767,
2006.459767285, 1.022442709,
2006.480199054, 1.024589991,
2006.541494359, 1.031205539,
2006.561926127, 1.030070944,
2006.582357895, 1.026086354,
2006.602789663, 1.034357985,
2006.623221430, 1.029756910,
2006.643653298, 1.035233146,
2006.664084965, 1.032409401,
2006.684516732, 1.030677955,
2006.704948598, 1.028568842,
2006.725380265, 1.032276295,
2006.745812031, 1.028295774,
2006.766243897, 1.026274694,
2006.786675563, 1.026576606,
2006.807107428, 1.028132777,
2006.827539194, 1.027118846,
2006.847970859, 1.029086812,
2006.868402724, 1.027974089,
2006.888834489, 1.042499577,
2006.909266153, 1.029252159,
2006.929698017, 1.029877412,
2006.950129781, 1.030504843,
2006.970561446, 1.027097143,
2007.031856836, 1.025194593,
2007.052288599, 1.027970838,
2007.072720362, 1.031553165,
2007.093152125, 1.027210187,
2007.113583887, 1.024572641,
2007.134015649, 1.025285310,
2007.154447412, 1.026019704,
2007.174879173, 1.028745581,
2007.195310935, 1.025145916,
2007.215742796, 1.027518627,
2007.236174458, 1.030948789,
2007.256606219, 1.030607774,
2007.277038080, 1.032942071,
2007.297469740, 1.028446821,
2007.317901501, 1.033878710,
2007.338333361, 1.029398843,
2007.358765021, 1.030623648,
2007.379196781, 1.028139143,
2007.399628641, 1.030388753,
2007.420060300, 1.032126767,
2007.440492159, 1.030301700,
2007.460923918, 1.024773758,
2007.522219194, 1.027343855,
2007.542650952, 1.023883651,
2007.563082710, 1.026155269,
2007.583514468, 1.026895040,
2007.603946226, 1.026642624,
2007.644809741, 1.029295258,
2007.665241497, 1.029232245,
2007.685673354, 1.029830108,
2007.706105011, 1.023753400,
2007.726536767, 1.036160355,
2007.746968524, 1.023088515,
2007.767400280, 1.031117686,
2007.787832135, 1.026585585,
2007.808263891, 1.027883076,
2007.828695546, 1.026827308,
2007.849127402, 1.024891174,
2007.869559057, 1.027153347,
2007.889990812, 1.026203079,
2007.910422666, 1.027519282,
2007.930854321, 1.030521017,
2007.951286075, 1.026231223,
2007.971717929, 1.024996932,
2007.992149583, 1.024452583,
2008.012581337, 1.021696724,
2008.033013190, 1.023575399,
2008.053444943, 1.031349203,
2008.073876596, 1.027072192,
2008.094308449, 1.028471756,
2008.114740202, 1.031857110,
2008.135171954, 1.027719155,
2008.155603707, 1.026437886,
2008.176035459, 1.029504125,
2008.196467311, 1.028647118,
2008.257762565, 1.025979483,
2008.278194216, 1.027849525,
2008.298625967, 1.024436107,
2008.319057818, 1.018817103,
2008.339489469, 1.020797751,
2008.359921219, 1.023627024,
2008.380353069, 1.021899787,
2008.400784719, 1.021214694,
2008.421216469, 1.021265903,
2008.441648319, 1.020355499,
2008.523375315, 1.026192945,
2008.543807064, 1.025929223,
2008.564238812, 1.022476277,
2008.584670460, 1.026068278,
2008.605102308, 1.028010206,
2008.625534056, 1.024590200,
2008.645965704, 1.022029902,
2008.666397551, 1.020746927,
2008.686829299, 1.025952565,
2008.707260946, 1.022854943,
2008.727692793, 1.025885451,
2008.748124539, 1.019439022,
2008.768556386, 1.026365489,
2008.788988032, 1.024733070,
2008.809419778, 1.025669465,
2008.829851624, 1.038472716,
2008.850283270, 1.021399188,
2008.870715016, 1.019732126,
2008.891146861, 1.019613455,
2008.911578506, 1.023708546,
2008.932010251, 1.019982794,
2008.952442096, 1.027049374,
2008.972873741, 1.022165959,
2008.993305485, 1.023877136,
2009.013737330, 1.021760460,
2009.034169074, 1.015523171,
2009.054600718, 1.025259118,
2009.075032561, 1.018536056,
2009.095464305, 1.031401771,
2009.115896048, 1.022565163,
2009.136327792, 1.019031442,
2009.156759534, 1.022288262,
2009.177191377, 1.018885285,
2009.238486505, 1.025918917,
2009.258918247, 1.019440264,
2009.279349889, 1.024672833,
2009.299781730, 1.018298704,
2009.320213472, 1.024060393,
2009.340645113, 1.025344492,
2009.361076954, 1.024507408,
2009.381508695, 1.016817448,
2009.401940536, 1.021799182,
2009.422372177, 1.017033608,
2009.442803917, 1.018507312,
2009.463235757, 1.022546835,
2009.483667397, 1.020444903,
2009.504099137, 1.023354254,
2009.524530977, 1.021124903,
2009.544962716, 1.021243317,
2009.565394356, 1.022572854,
2009.585826195, 1.018452970,
2009.606257934, 1.018899272,
2009.626689573, 1.023758223,
2009.647121411, 1.020051764,
2009.667553150, 1.025599524,
2009.708416626, 1.014009386,
2009.728848364, 1.020995429,
2009.749280202, 1.025783215,
2009.769711839, 1.020790783,
2009.790143577, 1.020807754,
2009.810575414, 1.020462319,
2009.831007051, 1.018015352,
2009.851438788, 1.022826567,
2009.871870524, 1.017491693,
2009.892302261, 1.017738269,
2009.912733997, 1.021560860,
2009.974029205, 1.018287853,
2009.994460940, 1.023340469,
2010.014892676, 1.017568181,
2010.035324411, 1.026440442,
2010.055756146, 1.022757934,
2010.076187881, 1.019440986,
2010.096619716, 1.020937181,
2010.117051450, 1.017173054,
2010.137483085, 1.013666255,
2010.157914919, 1.019567003,
2010.178346653, 1.017934276,
2010.198778287, 1.015179501,
2010.219210120, 1.020930431,
2010.239641854, 1.014745183,
2010.260073487, 1.013327681,
2010.280505320, 1.024633134,
2010.300937053, 1.016573232,
2010.321368686, 1.020547630,
2010.341800518, 1.022293506,
2010.362232251, 1.017576749,
2010.382664083, 1.021612331,
2010.403095715, 1.016622294,
2010.464390911, 1.019159915,
2010.484822642, 1.016233004,
2010.505254473, 1.020409309,
2010.525686204, 1.015255679,
2010.546117835, 1.021489086,
2010.566549666, 1.019101989,
2010.586981396, 1.024860661,
2010.607413027, 1.033494284,
2010.627844857, 1.022278428,
2010.648276587, 1.017336415,
2010.668708217, 1.020996171,
2010.689140046, 1.019381810,
2010.709571676, 1.019437041,
2010.730003505, 1.017370894,
2010.750435235, 1.019371868,
2010.770866863, 1.017216770,
2010.791298692, 1.012220245,
2010.811730421, 1.021947058,
2010.832162049, 1.014583102,
2010.852593878, 1.033983713,
2010.873025606, 1.013845314,
2010.893457234, 1.019721735,
2010.913889062, 1.010565519,
2010.934320789, 1.017345924,
2010.954752517, 1.017239504,
2010.975184244, 1.014590093,
2010.995615971, 1.015185831,
2011.016047799, 1.012921992,
2011.036479525, 1.013936528,
2011.056911152, 1.015381614,
2011.077342979, 1.013093687,
2011.097774705, 1.013530908,
2011.118206331, 1.017116323,
2011.138638157, 1.012119344,
2011.179501508, 1.013608650,
2011.199933334, 1.017110400,
2011.220365059, 1.017935153,
2011.240796685, 1.014837827,
2011.261228510, 1.018422718,
2011.281660235, 1.014650712,
2011.302091859, 1.014319523,
2011.322523684, 1.019456331,
2011.342955408, 1.012708321,
2011.363387132, 1.015112318,
2011.383818856, 1.016756619,
2011.445114027, 1.016568254,
2011.465545751, 1.013681370,
2011.485977474, 1.019687225,
2011.506409197, 1.012004742,
2011.526840920, 1.013462990,
2011.547272743, 1.012730458,
2011.567704365, 1.012645111,
2011.588136088, 1.015045196,
2011.608567910, 1.012233117,
2011.628999532, 1.009700813,
2011.649431354, 1.015222138,
2011.669863076, 1.013762364,
2011.690294698, 1.014307615,
2011.710726519, 1.014487543,
2011.731158240, 1.017411759,
2011.751589861, 1.009752272,
2011.772021682, 1.009120251,
2011.792453403, 1.010941527,
2011.812885024, 1.011792245,
2011.833316844, 1.015293566,
2011.853748565, 1.012716145,
2011.874180285, 1.012269434,
2011.894612005, 1.011552648,
2011.915043725, 1.009424227,
2011.935475545, 1.013365597,
2011.955907164, 1.013350034,
2011.976338883, 1.012539066,
2011.996770703, 1.014880145,
2012.017202422, 1.013268387,
2012.037634041, 1.014827499,
2012.058065860, 1.012145627,
2012.078497478, 1.013314685,
2012.098929197, 1.005589643,
2012.119361015, 1.015397326,
2012.139792633, 1.006252125,
2012.160224351, 1.010767654,
2012.180656169, 1.012963392,
2012.201087787, 1.017009071,
2012.221519504, 1.015924858,
2012.241951322, 1.010722204,
2012.262382939, 1.009015735,
2012.282814756, 1.007781729,
2012.303246473, 1.007581259,
2012.323678090, 1.006692746,
2012.344109906, 1.008546498,
2012.364541623, 1.008046309,
2012.425836771, 1.014835557,
2012.446268487, 1.012478642,
2012.466700203, 1.011719644,
2012.487131918, 1.011586857,
2012.507563634, 1.008373683,
2012.527995349, 1.012976925,
2012.548427064, 1.012114893,
2012.568858879, 1.010521118,
2012.589290594, 1.011414387,
2012.609722208, 1.012768082,
2012.630154023, 1.010500934,
2012.650585737, 1.002154953,
2012.671017352, 1.013145113,
2012.691449165, 1.008093275,
2012.711880879, 1.014817291,
2012.732312493, 1.013827110,
2012.752744307, 1.012330176,
2012.773176020, 1.010334673,
2012.793607633, 1.013059656,
2012.814039447, 1.009230020,
2012.834471160, 1.005360566,
2012.854902872, 1.013382855,
2012.916198010, 1.011067605,
2012.936629722, 1.012486499,
2012.957061435, 1.010850900,
2012.977493146, 1.009874656,
2012.997924858, 1.011109780,
2013.018356570, 1.015701598,
2013.038788282, 1.009608159,
2013.059219993, 1.010767437,
2013.079651704, 1.015797783,
2013.100083515, 1.013218311,
2013.120515126, 1.010741981,
2013.140946937, 1.008338043,
2013.161378648, 1.010400246,
2013.181810258, 1.008885300,
2013.202242068, 1.005721530,
2013.222673779, 1.004007118,
2013.243105389, 1.008498976,
2013.263537199, 1.007603091,
2013.283968909, 1.008379217,
2013.304400518, 1.012618681,
2013.324832328, 1.006864523,
2013.345264037, 1.004747058,
2013.365695646, 1.008550915,
2013.386127455, 1.009032963,
2013.406559164, 1.010085267,
2013.426990873, 1.005820928,
2013.447422582, 1.009737173,
2013.467854290, 1.007192528,
2013.488285998, 1.008042502,
2013.508717707, 1.006803491,
2013.529149415, 1.002571634,
2013.549581123, 1.011223588,
2013.570012830, 1.009096454,
2013.590444538, 1.003947986,
2013.610876346, 1.005775753,
2013.631307953, 1.007932560,
2013.651739660, 1.009359983,
2013.672171467, 1.008573095,
2013.692603074, 1.003479703,
2013.713034781, 1.002772781,
2013.733466588, 1.004409946,
2013.753898194, 1.004803609,
2013.774330001, 1.005456069,
2013.794761707, 1.005032240,
2013.815193313, 1.004988653,
2013.835625119, 1.004002552,
2013.896920236, 1.005882391,
2013.917351941, 0.999234728,
2013.937783647, 1.007868056,
2013.958215352, 1.003089267,
2013.978647057, 1.005120160,
2013.999078762, 1.011497975,
2014.019510466, 0.999092991,
2014.039942171, 1.000462870,
2014.060373976, 1.003577966,
2014.080805680, 1.003827886,
2014.101237284, 1.001161293,
2014.121669088, 1.005338772,
2014.142100792, 1.001069616,
2014.162532396, 0.997688832,
2014.182964200, 1.001633988,
2014.203395903, 1.004183358,
2014.223827507, 1.001035222,
2014.244259310, 1.001896743,
2014.264690913, 1.001528335,
2014.285122616, 1.005644540,
2014.305554419, 0.998971386,
2014.325986021, 1.004562879,
2014.346417824, 1.010760875,
2014.366849526, 1.000860352,
2014.387281129, 0.999162307,
2014.407712931, 1.009614317,
2014.428144633, 1.000998768,
2014.448576335, 1.001484372,
2014.469008037, 1.001701369,
2014.489439738, 1.001635585,
2014.509871440, 1.000783896,
2014.530303141, 0.999035769,
2014.550734842, 0.998339520,
2014.571166544, 1.001764947,
2014.591598345, 1.002745906,
2014.612029946, 0.998851641,
2014.632461746, 0.996564266,
2014.652893447, 1.002443769,
2014.673325047, 0.998309682,
2014.693756848, 0.996857985,
2014.714188548, 1.004568381,
2014.734620148, 0.999125697,
2014.755051948, 0.997921032,
2014.775483648, 0.996170110,
2014.795915248, 0.999435267,
2014.816347047, 0.999721854,
2014.877642145, 0.999072361,
2014.898073844, 0.997454735,
2014.918505543, 0.996485725,
2014.938937242, 1.000629180,
2014.959368941, 1.036494553,
2014.979800639, 1.001765067,
2017.860669563, 0.991705815,
2017.881101345, 0.994164173,
2017.901532928, 0.991632789,
2017.921964610, 0.994626590,
2017.942396393, 0.994708841,
2017.962827975, 0.993464786,
2017.983259657, 0.995700011,
2018.003691439, 0.992207897,
2018.024123021, 0.989879298,
2018.044554703, 0.990995065,
2018.064986485, 0.991448969,
2018.085418066, 0.990473347,
2018.105849848, 0.998126705,
2018.126281529, 0.994564176,
2018.146713211, 0.996016294,
2018.167144892, 0.997949332,
2018.187576573, 0.987948017,
2018.208008254, 0.994087159,
2018.228439935, 0.991493417,
2018.248871616, 0.994245119,
2018.269303297, 0.994564003,
2018.289735078, 0.993166729,
2018.310166658, 0.995680067,
2018.330598339, 0.992549495,
2018.351030119, 0.997316697,
2018.371461699, 0.992155890,
2018.391893480, 0.989995248,
2018.412325160, 0.990536911,
2018.432756740, 0.999570897,
2018.453188520, 0.997882385,
2018.473620200, 0.993537513,
2018.494051780, 0.994904125,
2018.514483559, 0.992613663,
2018.534915139, 0.995556059,
2018.555346818, 0.994778971,
2018.575778598, 0.993203764,
2018.596210177, 0.995571753,
2018.616641956, 0.997577503,
2018.637073635, 0.993714303,
2018.657505314, 0.990802475,
2018.677936994, 0.997122976,
2018.698368672, 0.992767709,
2018.718800351, 0.982898388,
2018.739232030, 0.986203997,
2018.800527165, 0.986451511,
2018.820958744, 0.999523855,
2018.841390522, 0.995786827,
2018.861822200, 0.993406965,
2018.882253778, 0.990706459,
2018.902685556, 0.994347632,
2018.923117234, 0.997113769,
2018.943548812, 0.991690075,
2018.963980590, 0.994675510,
2018.984412267, 0.992353842,
2019.004843845, 0.998221314,
2019.025275622, 0.988338474,
2019.045707300, 0.991102190,
2019.066138877, 0.995415937,
2019.086570654, 0.993686691,
2019.107002332, 0.993594636,
2019.127434009, 0.996207811,
2019.147865686, 0.995057880,
2019.168297362, 0.988806122,
2019.188729039, 0.996050887,
2019.209160716, 0.997751910,
2019.229592393, 0.993721698,
2019.250024069, 0.997247701,
2019.270455746, 0.995894223,
2019.290887422, 0.994570672,
2019.311319098, 0.993662317,
2019.331750774, 0.994395646,
2019.352182551, 0.991940951,
2019.372614227, 0.988169236,
2019.393045803, 0.990591331,
2019.413477578, 0.991844907,
2019.433909254, 0.997262043,
2019.454340830, 0.985815206,
2019.474772606, 0.992485164,
2019.495204281, 0.992751423,
2019.515635857, 0.991276213,
2019.536067632, 0.995075411,
2019.556499307, 0.995231760,
2019.576930883, 1.009247076,
2019.597362658, 0.996188267,
2019.617794333, 0.993255619,
2019.638226108, 0.992704052,
2019.658657683, 0.992299074,
2019.679089358, 0.988484128,
2019.699521132, 0.989864673,
2019.719952707, 0.996666895,
2019.781247830, 0.991275792,
2019.801679405, 0.988531983,
2019.822111179, 0.997259389,
2019.842542853, 0.993835381,
2019.862974527, 0.990329627,
2019.883406202, 0.993297529,
2019.903837775, 0.991662948,
2019.924269549, 0.996262290,
2019.944701223, 0.993892165,
2019.965132797, 0.991434814,
2019.985564571, 0.991689220,
2020.005996244, 0.991399931,
2020.026427818, 0.989786409,
2020.046859591, 0.992362156,
2020.067291264, 0.989966348,
2020.087722838, 0.992097600,
2020.108154611, 0.989902070,
2020.128586284, 0.996268998,
2020.149018057, 0.995033503,
2020.169449630, 0.985900043,
2020.189881303, 0.994326587,
2020.210313076, 0.981528689,
2020.230744649, 0.996874115,
2020.251176321, 0.993289161,
2020.271608094, 0.989399319,
2020.292039766, 0.990249277,
2020.312471339, 0.992401358,
2020.332903111, 0.991341962,
2020.353334784, 0.993775191,
2020.373766456, 0.991930736,
2020.394198128, 0.989763016,
2020.414629800, 0.985505983,
2020.435061572, 0.987322496,
2020.455493144, 0.987319291,
2020.475924816, 0.986038724,
2020.496356488, 0.989044453,
2020.516788160, 0.988595792,
2020.537219831, 0.987773959,
2020.557651503, 0.990383405,
2020.578083174, 0.994865247,
2020.598514846, 0.992814521,
2020.618946517, 0.989368450,
2020.639378189, 0.985297834,
2020.659809960, 0.993609848,
2020.680241531, 0.991440337,
2020.700673202, 0.987317141,
2020.721104973, 0.991591079,
2020.741536544, 0.999285545,
2020.761968215, 0.987494209,
2020.782399986, 0.992533576,
2020.802831657, 0.992524848,
2020.823263227, 0.997478548,
2020.843694998, 0.985070904,
2020.864126669, 0.992926437,
2020.884558339, 0.993124220,
2020.904990010, 0.987799361,
2020.925421680, 0.988879172,
2020.945853350, 0.988615108,
2020.966285020, 0.990825200,
2020.986716691, 0.989097930,
2021.007148461, 0.990736005,
2021.027580031, 0.992708211,
2021.048011701, 0.992200737,
2021.068443471, 0.992003669,
2021.088875040, 0.988357488,
2021.109306710, 0.989767108,
2021.129738480, 0.991317559,
2021.150170050, 0.989066988,
2021.170601819, 0.990784222,
2021.191033489, 0.992558969,
2021.211465058, 0.989782811,
2021.231896828, 0.991373843,
2021.252328497, 0.983390558,
2021.272760066, 0.991598479,
2021.293191835, 0.988667988,
2021.313623405, 0.986909043,
2021.334055074, 0.986978647,
2021.354486843, 0.989814695,
2021.374918511, 0.993411659,
2021.395350180, 0.987845121,
2021.415781849, 0.986704761,
2021.436213518, 0.987784820,
2021.456645187, 0.989829494,
2021.477076855, 0.990789469,
2021.497508524, 0.990799580,
2021.517940292, 0.988290444,
2021.538371861, 0.991213740,
2021.558803529, 0.987869223,
2021.579235298, 0.990156055,
2021.599666866, 0.991009045,
2021.620098634, 0.989123541,
2021.640530302, 0.994854192,
2021.660961870, 0.992202634,
2021.681393638, 0.990014698,
2021.722256874, 0.988997425,
2021.742688642, 0.989941979,
2021.763120310, 0.988051193,
2021.783551878, 0.988750468,
2021.803983645, 0.992747489,
2021.824415313, 0.986392732,
2021.844846981, 0.986212938,
2021.865278648, 0.992621187,
2021.885710316, 0.989074725,
2021.906141983, 0.988709028,
2021.926573650, 0.987411088,
2021.947005318, 0.986689537,
2021.967436985, 0.989735044,
2021.987868652, 0.996611089,
2022.008300319, 0.982027245,
2022.028732086, 0.986921363,
2022.049163653, 0.987829386,
2022.069595320, 0.985675302,
2022.090027087, 0.983754842,
2022.110458654, 0.991758170,
2022.130890421, 0.981928696,
2022.151322087, 0.989066965,
2022.171753654, 0.987354151,
2022.192185421, 0.982592804,
2022.212617087, 0.982040152,
2022.233048654, 0.988617475,
2022.253480420, 0.988114613,
2022.273912087, 0.986763643,
2022.294343653, 0.981773456,
2022.314775419, 0.987988367,
2022.335207086, 0.987069897,
2022.355638852, 0.986551384,
2022.376070418, 0.988733833,
2022.396502084, 0.983271837,
2022.416933850, 0.982267140,
2022.478228848, 0.987668934,
2022.498660514, 0.986812846,
2022.519092080, 0.984793813,
2022.539523845, 0.986967976,
2022.559955511, 0.990479346,
2022.580387077, 0.989147336,
2022.600818842, 0.990758992,
2022.621250508, 0.987724447,
2022.641682173, 0.987360441,
2022.662113839, 0.987967906,
2022.682545404, 0.988416436,
2022.702977169, 0.983096997,
2022.723408835, 0.981121730,
2022.743840400, 0.980804875,
2022.764272165, 0.980343042,
2022.784703830, 0.982297727,
2022.805135395, 0.985849266,
2022.825567160, 0.987436750,
2022.845998825, 0.986672341,
2022.866430590, 0.983477323,
2022.886862155, 0.983102148,
2022.907293820, 0.980914568,
2022.927725585, 0.985395511,
2022.948157150, 0.987011961,
2022.968588814, 0.985640331,
2022.989020579, 0.981336720,
2023.009452244, 0.980270940,
2023.029883808, 0.980020333,
2023.050315573, 0.981962637,
2023.070747237, 0.985729129,
2023.091178902, 0.987650271,
2023.111610566, 0.985523197,
2023.132042231, 0.981733039,
2023.152473995, 0.982240821,
2023.193337223, 0.979336028,
2023.213768988, 0.980640118,
2023.234200552, 0.985181689,
2023.254632216, 0.983834479,
2023.275063980, 0.979810330,
2023.295495544, 0.980404583,
2023.315927208, 0.979704575,
2023.336358972, 0.979868524,
2023.356790536, 0.986847126,
2023.377222299, 0.979654460,
2023.397653863, 0.986294476,
2023.438517291, 0.981092360,
2023.458948854, 0.981885037,
2023.479380518, 0.987335927,
2023.499812282, 0.985567020,
2023.520243945, 0.982242377,
2023.540675509, 0.982100311,
2023.561107273, 0.985955547,
2023.581538936, 0.984827286,
2023.601970599, 0.982531591,
2023.622402263, 0.980773691,
2023.642833926, 0.983142974,
2023.724560679, 0.984139088,
2023.744992242, 0.985078566,
2023.765423905, 0.993083139,
2023.785855668, 0.980923135,
2023.806287231, 0.984792016,
2023.826718994, 0.984069336,
2023.847150657, 0.983664959,
2023.867582220, 0.982083721,
2023.888013983, 0.975965918,
2023.908445646, 0.982607879,
2023.928877208, 0.982338582,
2023.949308971, 0.972219690,
2023.969740634, 0.977004495,
2023.990172296, 0.976862185,
2024.010603959, 0.978535046,
2024.031035622, 0.986126578,
2024.051467284, 0.981279922,
2024.071898947, 0.982653938,
2024.092330609, 0.983024819,
2024.112762272, 0.983556728,
2024.133193934, 0.981054907,
2024.174057259, 0.977956894,
2024.194488921, 0.984306489,
2024.214920584, 0.985065669,
2024.235352346, 0.984022572,
2024.255783908, 0.982421816,
2024.276215670, 0.979073514,
2024.296647332, 0.985034265,
2024.317078895, 0.978931837,
2024.337510657, 0.977812948,
2024.357942319, 0.984986706,
2024.378373881, 0.978708906,
2024.419237305, 0.979977760,
2024.439668867, 0.981228600,
2024.460100629, 0.981819725,
2024.480532291, 0.982771665,
2024.500964052, 0.980599599,
2024.521395614, 0.983152370,
2024.541827276, 0.974401406,
2024.562259038, 0.975924132,
2024.582690599, 0.977398787,
2024.603122261, 0.982577592,
2024.623554023, 0.978013743,
2024.664417246, 0.976788190,
2024.684849008, 0.981108078,
2024.705280669, 0.982960908,
2024.725712331, 0.981286944,
2024.746143992, 0.979157417,
2024.766575554, 0.989023415,
2024.787007315, 0.980452262,
2024.827870538, 0.978629388,
2024.848302299, 0.981527810,
2024.868733961, 0.978314702,
2024.909597283, 0.981927286,
2024.930028944, 0.976341090,
2024.950460706, 0.976040038,
2024.970892267, 0.977089796,
2024.991323928, 0.978142553,
2025.011755689, 0.981565670,
2025.032187250, 0.982498255,
2025.052618911, 0.971163271,
2025.073050672, 0.980520409,
2025.093482233, 0.978846083,
2025.113913895, 0.976852698,
2025.154777316, 0.979482297,
2025.175208977, 0.971681113,
2025.195640638, 0.977521098,
2025.216072299, 0.974201664,
2025.236503960, 0.975513505,
2025.256935621, 0.981890209,
2025.277367282, 0.976290054,
2025.297799043, 0.977831562,
2025.318230603, 0.978401184,
2025.338662264, 0.980402962,
2025.359094025, 0.989710875,
2025.399957346, 0.981299744,
2025.420388907, 0.976664415,
2025.440820568, 0.975662721,
2025.461252328, 0.979105373,
2025.481683889, 0.979302151,
2025.502115550, 0.977069802,
2025.522547310, 0.988304200,
2025.542978871, 0.978282538,
2025.563410531, 0.977592691,
2025.583842292, 0.967061658,
2025.604273852, 0.993310955,
2025.686000594, 0.977805115,
2025.706432254, 0.979477733,
2025.726863915, 0.977573049,
2025.747295575, 0.973793483,
2025.767727236, 0.977370766,
2025.788158896, 0.978984175,
2025.808590556, 0.975455802,
2025.829022217, 0.979832298,
2025.849453977, 0.975933024,
2025.890317197, 0.979892904,
2025.910748958, 0.976257633,
2025.931180618, 0.979597493,
2025.951612178, 0.974857119,
2025.972043938, 0.977198156,
2025.992475598, 0.973160399,
2026.012907158, 0.974741329,
2026.033338919, 0.980628893,
2026.053770579, 0.974772083,
2026.074202239, 0.972655944,
2026.094633899, 0.980565619,
2026.155928879, 0.972484036,
2026.176360439, 0.978263184,
2026.196792199, 0.977447644,
2026.217223859, 0.981342458,
2026.237655519, 0.978514326,
2026.258087179, 0.978480124,
2026.278518839, 0.975836357,
2026.298950599, 0.983274436,
2026.319382159, 0.975363828,
2026.339813819, 0.976233824,
2026.401108799, 0.974764104,
2026.421540559, 0.980793694,
2026.441972218, 0.977784498,
2026.462403778, 0.979710660,
2026.482835538, 0.972843077,
2026.503267198, 0.975336176,
2026.523698958, 0.976289463,
2026.544130518, 0.978156493,
2026.564562178, 0.970790075,
2026.584993937, 0.979072671,
2026.605425497, 0.975241744,
2026.625857157, 0.980025920,
2026.646288917, 0.979724072,
2026.666720476, 0.968415646,
2026.687152136, 0.976482524,
2026.707583896, 0.978525439,
2026.728015456, 0.976231225,
2026.748447215, 0.973004161,
2026.768878875, 0.971703281,
2026.789310435, 0.975927206,
2026.809742195, 0.974779294,
2026.830173754, 0.974560268,
2026.871037174, 0.973581732,
2026.891468733, 0.968793264,
2026.911900393, 0.978430254,
2026.932332153, 0.972991901,
2026.952763812, 0.973013968,
2026.973195472, 0.980565010,
2026.993627132, 0.979190468,
2027.014058791, 0.975357680,
2027.034490551, 0.961715282,
2027.054922111, 0.980181778,
2027.075353770, 0.982521822,
2027.116217090, 0.979484022,
2027.136648749, 0.972295824,
2027.157080509, 0.972747216,
2027.177512069, 0.974443464,
2027.197943828, 0.975934473,
2027.218375488, 0.971209926,
2027.238807047, 0.971086848,
2027.259238807, 0.976277520,
2027.279670467, 0.975359325,
2027.300102026, 0.974955642,
2027.320533786, 0.974408948,
2027.381828765, 0.981141642,
2027.402260424, 0.972295212,
2027.422692184, 0.972973812,
2027.443123743, 0.975630271,
2027.463555403, 0.977863939,
2027.483987063, 0.977529834,
2027.504418822, 0.967102113,
2027.524850382, 0.976734519,
2027.545282141, 0.974430508,
2027.565713701, 0.977109019,
2027.627008680, 0.978083413,
2027.647440439, 0.979305944,
2027.667872099, 0.971328093,
2027.688303659, 0.975016512,
2027.708735418, 0.971270798,
2027.729167078, 0.974699837,
2027.749598637, 0.973005740,
2027.770030397, 0.975294339,
2027.790462057, 0.975732029,
2027.810893816, 0.976456235,
2027.872188795, 0.974175004,
2027.892620355, 0.971773879,
2027.913052014, 0.973688175,
2027.933483774, 0.972492194,
2027.953915334, 0.972871363,
2027.974346993, 0.967371193,
2027.994778753, 0.973845464,
2028.015210413, 0.970196331,
2028.035642072, 0.972335685,
2028.056073732, 0.970388632,
2028.076505392, 0.978082938,
2028.096937051, 0.972046301,
2028.178663690, 0.974366165,
2028.199095350, 0.971619713,
2028.219527010, 0.972618078,
2028.239958669, 0.973225791,
2028.260390429, 0.970147519,
2028.280821989, 0.972297892,
2028.301253648, 0.974756976,
2028.342116968, 0.970722447,
2028.362548628, 0.967042773,
2028.382980388, 0.976548109,
2028.403411947, 0.970318378,
2028.423843707, 0.971110809,
2028.444275367, 0.970426022,
2028.464706927, 0.970451351,
2028.485138687, 0.972072779,
2028.505570346, 0.966550318,
2028.526001906, 0.969580410,
2028.546433666, 0.966692577,
2028.607728646, 0.967259188,
2028.628160306, 0.977608386,
2028.648592066, 0.972829660,
2028.669023625, 0.974209959,
2028.689455285, 0.974564865,
2028.709887045, 0.971992844,
2028.750750265, 0.983590764,
2028.771182025, 0.971483016,
2028.791613685, 0.968252654,
2028.852908665, 0.968353798,
2028.873340325, 0.965498006,
2028.893771986, 0.968432927,
2028.914203546, 0.974325023,
2028.934635306, 0.968568790,
2028.955066966, 0.969876150,
2028.975498526, 0.968990234,
2028.995930286, 0.967435078,
2029.016361946, 0.968919866,
2029.036793506, 0.968112240,
2029.057225267, 0.963712473,
2029.077656927, 0.971088645,
2029.098088687, 0.971314223,
2029.118520247, 0.969199873,
2029.138951908, 0.968731282,
2029.159383668, 0.967693130,
2029.179815228, 0.964725771,
2029.200246888, 0.967043490,
2029.220678649, 0.965190087,
2029.241110309, 0.967123287,
2029.261541969, 0.968401866,
2029.281973630, 0.974448469,
2029.343268611, 0.970365895,
2029.363700271, 0.971074979,
2029.384132032, 0.962759027,
2029.404563592, 0.970743720,
2029.424995253, 0.973829063,
2029.445427013, 0.968494918,
2029.465858574, 0.974587196,
2029.486290334, 0.973012753,
2029.506721995, 0.968776717,
2029.527153556, 0.964929804,
2029.588448538, 0.972616753,
2029.608880298, 0.962787901,
2029.629311859, 0.964051936,
2029.649743520, 0.966818090,
2029.670175280, 0.971446422,
2029.690606841, 0.969014195,
2029.711038602, 0.972458376,
2029.731470263, 0.970598125,
2029.772333584, 0.967255157,
2029.833628567, 0.966351419,
2029.854060228, 0.963364588,
2029.874491989, 0.962933872,
2029.894923650, 0.959654343,
2029.915355211, 0.964945456,
2029.935786972, 0.961718172,
2029.956218633, 0.963030048,
2029.976650194, 0.968480539,
2029.997081956, 0.964275808,
2030.017513617, 0.966986635,
2030.078808600, 0.964714812,
2030.099240362, 0.961892918,
2030.119671923, 0.962099938,
2030.140103584, 0.960051276,
2030.160535345, 0.963461814,
2030.180966907, 0.961517250,
2030.201398568, 0.964989050,
2030.221830230, 0.964500726,
2030.242261891, 0.963240925,
2030.262693553, 0.967298130,
2030.283125214, 0.965603583,
2030.303556876, 0.968151321,
2030.323988637, 0.968213474,
2030.344420199, 0.962470372,
2030.364851860, 0.962571526,
2030.385283622, 0.966975194,
2030.405715284, 0.965289762,
2030.426146845, 0.968291991,
2030.446578607, 0.960581487,
2030.467010269, 0.959293641,
2030.487441931, 0.971504120,
2030.507873592, 0.969245796,
2030.548736916, 0.964887508,
2030.569168578, 0.970299270,
2030.589600240, 0.966918810,
2030.610032002, 0.965771835,
2030.630463564, 0.962042483,
2030.650895226, 0.959522768,
2030.671326988, 0.966090147,
2030.691758550, 0.969004297,
2030.712190312, 0.967066165,
2030.732621974, 0.964637580,
2030.753053537, 0.972641990,
2030.793916961, 0.961729832,
2030.814348523, 0.961264904,
2030.834780286, 0.963559949,
2030.855211948, 0.961994879,
2030.875643611, 0.958642665,
2030.896075273, 0.964082756,
2030.916506935, 0.960428939,
2030.936938598, 0.967739602,
2030.957370261, 0.953271013,
2030.977801923, 0.964349580,
2030.998233586, 0.962544218,
2031.059528674, 0.964579944,
2031.079960236, 0.960307727,
2031.100391999, 0.959924684,
2031.120823662, 0.963335389,
2031.141255225, 0.959391246,
2031.161686988, 0.965423392,
2031.182118651, 0.959233026,
2031.202550214, 0.959812556,
2031.222981977, 0.960549372,
2031.243413640, 0.967849302,
2031.284276966, 0.963901429,
2031.304708629, 0.961375828,
2031.325140392, 0.966199110,
2031.345571956, 0.957434989,
2031.366003619, 0.957312005,
2031.406866946, 0.958869738,
2031.427298609, 0.959424564,
2031.447730372, 0.957027146,
2031.468161936, 0.965818536,
2031.488593699, 0.960185040,
2031.549888690, 0.953254523,
2031.570320354, 0.966801196,
2031.590751918, 0.964219593,
2031.611183681, 0.956646163,
2031.631615345, 0.956415074,
2031.652046909, 0.964978599,
2031.672478673, 0.957360105,
2031.692910337, 0.956401235,
2031.713342001, 0.964387014,
2031.733773665, 0.958057022,
2031.795068657, 0.962481426,
2031.815500321, 0.963999456,
2031.835932085, 0.959259653,
2031.856363650, 0.959148779,
2031.876795414, 0.956000197,
2031.897227078, 0.954942724,
2031.917658643, 0.956475561,
2031.938090407, 0.959175823,
2031.958522072, 0.960582395,
2031.978953636, 0.956614157,
2032.019817066, 0.951693111,
2032.040248730, 0.960024108,
2032.060680395, 0.955761764,
2032.081112060, 0.955368218,
2032.101543825, 0.961969158,
2032.121975389, 0.959802911,
2032.142407054, 0.960523944,
2032.162838819, 0.956595058,
2032.183270384, 0.957000147,
2032.203702049, 0.953338110,
2032.285428810, 0.959043646,
2032.305860375, 0.955624024,
2032.326292141, 0.955846009,
2032.346723806, 0.957689495,
2032.367155371, 0.955558935,
2032.387587137, 0.957031421,
2032.408018802, 0.954972140,
2032.428450368, 0.957065133,
2032.448882134, 0.963311018,
2032.469313799, 0.957661725,
2032.489745565, 0.957398827,
2032.510177131, 0.956840994,
2032.530608797, 0.959884089,
2032.551040563, 0.955764293,
2032.571472129, 0.957566019,
2032.591903795, 0.953086310,
2032.612335561, 0.958099529,
2032.632767127, 0.953184585,
2032.653198893, 0.957415078,
2032.673630559, 0.958208606,
2032.694062125, 0.954139575,
2032.755357224, 0.955073234,
2032.775788891, 0.954881821,
2032.796220557, 0.956761185,
2032.816652224, 0.956333597,
2032.837083891, 0.949944146,
2032.857515557, 0.953688746,
2032.877947224, 0.955267442,
2032.898378991, 0.953923748,
2032.918810558, 0.950960342,
2032.939242324, 0.953110552,
2032.959673891, 0.949198944,
2033.000537326, 0.959178860,
2033.020968893, 0.956097902,
2033.041400660, 0.956298831,
2033.061832327, 0.955448948,
2033.082263894, 0.949407368,
2033.102695662, 0.952130718,
2033.123127329, 0.949578970,
2033.143558897, 0.950615914,
2033.163990664, 0.950044946,
2033.184422332, 0.954596480,
2033.204853899, 0.957174877,
2033.245717335, 0.954411734,
2033.266149102, 0.960813030,
2033.286580670, 0.953905328,
2033.307012338, 0.956658954,
2033.327444106, 0.949595712,
2033.347875674, 0.954004569,
2033.368307342, 0.952748263,
2033.388739110, 0.954572889,
2033.409170779, 0.950732836,
2033.429602447, 0.949647497,
2033.450034115, 0.950413557,
2033.511329121, 0.957330179,
2033.531760789, 0.953600739,
2033.552192558, 0.960158779,
2033.572624127, 0.954420158,
2033.593055895, 0.958089591,
2033.613487464, 0.956486846,
2033.633919133, 0.955872131,
2033.654350902, 0.953534358,
2033.674782471, 0.957952972,
2033.695214140, 0.952700985,
2033.736077478, 0.950845121,
2033.756509148, 0.955922950,
2033.776940917, 0.957762732,
2033.797372486, 0.953688920,
2033.817804256, 0.948693422,
2033.838235925, 0.952753317,
2033.858667495, 0.949429583,
2033.879099265, 0.954566640,
2033.899530934, 0.953971962,
2033.919962604, 0.952462736,
2033.940394274, 0.957797747,
2033.981257714, 0.958613398,
2034.001689284, 0.950796734,
2034.022120954, 0.954876631,
2034.042552724, 0.952744793,
2034.062984394, 0.950394274,
2034.083415965, 0.950027462,
2034.103847735, 0.978144553,
2034.124279405, 0.953471933,
2034.144710976, 0.951832417,
2034.165142746, 0.952091099,
2034.185574417, 0.954141180,
2034.246869429, 0.959793308,
2034.267301100, 0.953938442,
2034.287732771, 0.956846141,
2034.308164442, 0.954559610,
2034.328596113, 0.954334046,
2034.349027785, 0.950433565,
2034.369459556, 0.957750955,
2034.389891127, 0.954248409,
2034.410322799, 0.957636828,
2034.430754570, 0.949884842,
2034.471617813, 0.952050798,
2034.492049585, 0.951442035,
2034.512481157, 0.955454577,
2034.532912828, 0.952536023,
2034.553344600, 0.958828551,
2034.573776172, 0.954464147,
2034.594207944, 0.950018906,
2034.614639616, 0.952252081,
2034.635071288, 0.946457209,
2034.655502961, 0.949579358,
2034.675934633, 0.952367199,
2034.737229650, 0.953133051,
2034.757661423, 0.954416506,
2034.778093096, 0.951550949,
2034.798524668, 0.952467275,
2034.818956441, 0.950079040,
2034.839388114, 0.952362529,
2034.859819687, 0.959853458,
2034.880251460, 0.954383634,
2034.900683133, 0.953385843,
2034.921114706, 0.952501557,
2034.982409827, 0.950288469,
2035.002841500, 0.956782674,
2035.023273074, 0.954629006,
2035.043704847, 0.949622100,
2035.064136521, 0.952905578,
2035.084568095, 0.952576694,
2035.104999869, 0.959069135,
2035.125431543, 0.958554431,
2035.145863317, 0.955167623,
2035.166294891, 0.954826993,
2035.207158339, 0.954952342,
2035.227589914, 0.956476512,
2035.248021588, 0.943666183,
2035.268453362, 0.952072875,
2035.288885037, 0.948281821,
2035.309316712, 0.955196446,
2035.329748386, 0.957024312,
2035.350180061, 0.955634639,
2035.370611736, 0.957950299,
2035.391043411, 0.960342269,
2035.411475086, 0.959404113,
2035.472770112, 0.956918467,
2035.493201887, 0.953717370,
2035.513633463, 0.958013634,
2035.534065238, 0.955787890,
2035.554496914, 0.955954175,
2035.574928490, 0.955345936,
2035.595360265, 0.953595009,
2035.615791941, 0.952760436,
2035.656655293, 0.948615046,
2035.717950322, 0.958519440,
2035.738381898, 0.952977586,
2035.758813675, 0.951180096,
2035.779245351, 0.950378975,
2035.799677028, 0.956292584,
2035.820108704, 0.958763648,
2035.840540381, 0.958855412,
2035.860972158, 0.945456660,
2035.881403735, 0.961693382,
2035.901835412, 0.950986766,
2035.963130444, 0.960399470,
2035.983562221, 0.949273374,
2036.003993898, 0.953949981,
2036.024425476, 0.954261566,
2036.044857254, 0.956190810,
2036.065288931, 0.954505152,
2036.085720709, 0.946680160,
2036.106152287, 0.951783364,
2036.126583965, 0.950170015,
2036.147015743, 0.953386212,
2036.187878999, 0.951482328,
2036.208310778, 0.951642243,
2036.228742356, 0.953075977,
2036.249174135, 0.953956552,
2036.269605713, 0.950694651,
2036.290037392, 0.957099205,
2036.310469171, 0.951110673,
2036.330900850, 0.954505311,
2036.351332429, 0.953996191,
2036.371764208, 0.953572148,
2036.392195787, 0.957257001,
2036.453490825, 0.956598643,
2036.473922604, 0.952156384,
2036.494354284, 0.954686181,
2036.514785963, 0.955429623,
2036.535217643, 0.955715338,
2036.555649323, 0.954870705,
2036.576081003, 0.953667437,
2036.596512783, 0.948779395,
2036.616944363, 0.953733371,
2036.637376143, 0.951156882,
2036.698671185, 0.960165979,
2036.719102865, 0.955471672,
2036.739534446, 0.951718644,
2036.759966227, 0.954586604,
2036.780397907, 0.956208152,
2036.800829688, 0.957113014,
2036.821261269, 0.950639001,
2036.841692951, 0.953514484,
2036.862124732, 0.976591682,
2036.882556313, 0.957299319,
2036.943851358, 0.957954111,
2036.964283040, 0.949882756,
2036.984714821, 0.953358522,
2037.005146403, 0.953785435,
2037.025578185, 0.954458477,
2037.046009767, 0.958462257,
2037.066441450, 0.951451601,
2037.086873232, 0.953428672,
2037.107304914, 0.951611220,
2037.127736497, 0.954158019,
2037.189031645, 0.949327646,
2037.209463328, 0.958215842,
2037.229895011, 0.952907892,
2037.250326694, 0.954334272,
2037.270758377, 0.949928177,
2037.291190060, 0.951864268,
2037.311621844, 0.946916899,
2037.332053427, 0.958880837,
2037.352485211, 0.957127781,
2037.372916894, 0.955291379,
2037.434211946, 0.952837336,
2037.454643530, 0.953667230,
2037.475075314, 0.956083918,
2037.495506998, 0.957080917,
2037.515938583, 0.949854512,
2037.536370367, 0.952699679,
2037.556802052, 0.960661876,
2037.577233837, 0.956344573,
2037.597665421, 0.954515079,
2037.618097106, 0.952413341,
2037.679392161, 0.949085825,
2037.699823847, 0.956614476,
2037.720255532, 0.951521111,
2037.740687318, 0.953171948,
2037.761118903, 0.952017139,
2037.781550589, 0.950449295,
2037.801982375, 0.953193662,
2037.822414061, 0.949984947,
2037.842845647, 0.953786300,
2037.863277433, 0.951066294,
2037.904140805, 0.952107336,
2037.924572492, 0.956591496,
2037.945004178, 0.951660120,
2037.965435965, 0.951308661,
2037.985867552, 0.954474190,
2038.006299239, 0.954123692,
2038.026731026, 0.949346545,
2038.047162613, 0.953922187,
2038.067594300, 0.953016627,
2038.088026087, 0.952539209,
2038.108457674, 0.947870827,
2038.169752737, 0.956842187,
2038.190184525, 0.951715135,
2038.210616213, 0.957034634,
2038.231047801, 0.956112821,
2038.251479589, 0.950846636,
2038.271911277, 0.951210150,
2038.292342966, 0.954960846,
2038.312774654, 0.951376222,
2038.333206343, 0.951322186,
2038.353638032, 0.962274102,
2038.374069720, 0.952115105,
2038.394501409, 0.951305922,
2038.414933098, 0.952046275,
2038.435364787, 0.954370517,
2038.455796577, 0.946207683,
2038.476228266, 0.955584204,
2038.496659855, 0.954621205,
2038.517091645, 0.956881051,
2038.537523335, 0.951565109,
2038.557954925, 0.953010443,
2038.578386714, 0.948930933,
2038.598818404, 0.949977359,
2038.660113475, 0.948002359,
2038.680545266, 0.950850131,
2038.700976856, 0.951756992,
2038.721408547, 0.958634698,
2038.741840338, 0.951692075,
2038.762271929, 0.948916014,
2038.782703620, 0.954409937,
2038.803135411, 0.940190105,
2038.823567002, 0.955268783,
2038.843998793, 0.952638812,
2038.884862077, 0.952005974,
2038.905293868, 0.952572275,
2038.925725560, 0.955932099,
2038.946157252, 0.950579367,
2038.966588944, 0.954981111,
2038.987020636, 0.952796064,
2039.007452329, 0.947528579,
2039.027884021, 0.955784051,
2039.048315714, 0.955275403,
2039.068747406, 0.954552760,
2039.089179099, 0.953902905,
2039.130042585, 0.946370444,
2039.150474178, 0.953312726,
2039.170905871, 0.954983082,
2039.191337665, 0.958049220,
2039.211769258, 0.947558620,
2039.232201052, 0.950024383,
2039.252632745, 0.952335883,
2039.273064339, 0.952936883,
2039.293496133, 0.952194237,
2039.313927827, 0.961639705,
2039.334359421, 0.963051013,
2039.416086299, 0.949385625,
2039.436517994, 0.956782522,
2039.456949789, 0.956937587,
2039.477381384, 0.954291078,
2039.497813079, 0.952057306,
2039.518244874, 0.951846696,
2039.538676470, 0.951637967,
2039.559108165, 0.950966419,
2039.579539961, 0.950763565,
2039.599971656, 0.949150023,
2039.620403352, 0.950006660,
2039.640835048, 0.952253239,
2039.661266644, 0.955619966,
2039.681698441, 0.950343941,
2039.702130137, 0.948631029,
2039.722561734, 0.938474466,
2039.742993530, 0.951188632,
2039.763425227, 0.952017988,
2039.783857024, 0.958706030,
2039.804288621, 0.950164770,
2039.824720318, 0.955245402,
2039.886015410, 0.955306875,
2039.906447207, 0.956220065,
2039.926878805, 0.951000457,
2039.947310503, 0.951514681,
2039.967742301, 0.953510237,
2039.988173899, 0.951296000,
2040.008605697, 0.955235911,
2040.029037396, 0.950802692,
2040.049468994, 0.952784391,
2040.069900793, 0.953020716,
2040.110764090, 0.952920090,
2040.131195889, 0.949227271,
2040.151627588, 0.956451232,
2040.172059388, 0.949877997,
2040.192490987, 0.954581751,
2040.212922687, 0.954579469,
2040.233354486, 0.947276197,
2040.253786186, 0.954819816,
2040.274217786, 0.952971429,
2040.294649586, 0.954793234,
2040.315081286, 0.952001808,
2040.376376387, 0.951246991,
2040.396808088, 0.955964103,
2040.417239789, 0.956042285,
2040.437671389, 0.956843224,
2040.458103190, 0.949677108,
2040.478534892, 0.951176563,
2040.498966493, 0.952988567,
2040.519398294, 0.954929613,
2040.539829996, 0.956395555,
2040.560261798, 0.948214496,
2040.601125101, 0.949018357,
2040.621556904, 0.949620957,
2040.641988506, 0.954821939,
2040.662420208, 0.952599872,
2040.682852011, 0.948382948,
2040.703283613, 0.948426639,
2040.723715416, 0.952587973,
2040.744147119, 0.955669771,
2040.764578822, 0.951176847,
2040.785010525, 0.950149910,
2040.846305635, 0.952205305,
2040.866737339, 0.946493789,
2040.887169143, 0.948687879,
2040.907600747, 0.954677425,
2040.928032451, 0.954840512,
2040.948464255, 0.951073332,
2040.968895960, 0.955493404,
2040.989327564, 0.955536955,
2041.009759369, 0.955377718,
2041.030190973, 0.953991955,
2041.050622678, 0.952387086,
2041.091486089, 0.946271861,
2041.111917894, 0.950206077,
2041.132349599, 0.955404469,
2041.152781205, 0.956470768,
2041.173213011, 0.951771273,
2041.193644717, 0.954028841,
2041.214076323, 0.950683203,
2041.234508129, 0.956048360,
2041.254939835, 0.959805098,
2041.275371641, 0.944946294,
2041.295803248, 0.964884210,
2041.377530076, 0.952350923,
2041.397961883, 0.955751467,
2041.418393490, 0.948665379,
2041.438825198, 0.956753412,
2041.459257006, 0.949055581,
2041.479688713, 0.948820702,
2041.500120421, 0.950226074,
2041.520552129, 0.950796126,
2041.540983838, 0.954230978,
2041.561415546, 0.949708542,
2041.581847255, 0.949702203,
2041.602278963, 0.950743368,
2041.622710772, 0.951443737,
2041.643142381, 0.948921212,
2041.663574190, 0.954296187,
2041.684005799, 0.946368617,
2041.704437509, 0.956197530,
2041.745300928, 0.955799817,
2041.765732638, 0.958148607,
2041.786164448, 0.949231511,
2041.827027868, 0.949371648,
2041.847459578, 0.954238178,
2041.867891189, 0.952576874,
2041.888323000, 0.947370952,
2041.908754710, 0.948865619,
2041.929186321, 0.952057597,
2041.949618133, 0.947129255,
2041.970049844, 0.952334924,
2041.990481555, 0.951352284,
2042.010913267, 0.950199144,
2042.031344978, 0.954520863,
2042.092640114, 0.950050923,
2042.113071927, 0.948508699,
2042.133503639, 0.953821484,
2042.153935252, 0.948701085,
2042.174367064, 0.952997810,
2042.194798777, 0.947943552,
2042.215230490, 0.955417928,
2042.235662203, 0.950499120,
2042.256093917, 0.958314706,
2042.276525730, 0.951543233,
2042.337820771, 0.949032741,
2042.358252486, 0.954496410,
2042.378684300, 0.946499464,
2042.399115914, 0.948559369,
2042.419547629, 0.954523025,
2042.439979443, 0.946428223,
2042.460411058, 0.947673639,
2042.480842773, 0.949326442,
2042.501274588, 0.949122812,
2042.521706203, 0.954093155,
2042.542137919, 0.952503389,
2042.562569734, 0.962920111,
2042.583001350, 0.945896503,
2042.603433166, 0.953110074,
2042.623864882, 0.953632961,
2042.644296598, 0.949215085,
2042.664728314, 0.952485486,
2042.685160031, 0.956163660,
2042.705591748, 0.945885475,
2042.726023464, 0.947471128,
2042.746455181, 0.957128198,
2042.766886998, 0.966047422,
2042.828182150, 0.949523633,
2042.848613868, 0.954640491,
2042.869045486, 0.952390661,
2042.889477304, 0.947529248,
2042.909909022, 0.952873161,
2042.930340740, 0.956426395,
2042.950772459, 0.956876741,
2042.971204178, 0.956448691,
2042.991635896, 0.953077892,
2043.012067615, 0.953979812,
2043.073362773, 0.947897763,
2043.093794393, 0.953809057,
2043.114226212, 0.955677944,
2043.134657932, 0.954407864,
2043.155089752, 0.952341077,
2043.175521372, 0.951029232,
2043.195953093, 0.951141207,
2043.216384913, 0.952321032,
2043.236816534, 0.955846696,
2043.257248255, 0.949451170,
2043.318543518, 0.950027088,
2043.359406961, 0.954756168,
2043.379838683, 0.950190128,
2043.400270405, 0.950705138,
2043.420702127, 0.953876143,
2043.441133949, 0.957534746,
2043.461565572, 0.957653140,
2043.481997394, 0.954205048,
2043.502429117, 0.954142303,
2043.543292563, 0.951476185,
2043.563724286, 0.950342931,
2043.584155910, 0.955071833,
2043.604587733, 0.948432869,
2043.625019457, 0.954323312,
2043.645451281, 0.948897437,
2043.665882905, 0.955314698,
2043.686314629, 0.954804870,
2043.706746353, 0.951564107,
2043.727178078, 0.945395360,
2043.747609702, 0.959153206,
2043.788473252, 0.950426601,
2043.808904878, 0.952567575,
2043.829336703, 0.951365194,
2043.849768428, 0.952613199,
2043.870200254, 0.953555392,
2043.890631880, 0.950955965,
2043.911063606, 0.953801840,
2043.931495432, 0.949077939,
2043.951927058, 0.952632464,
2043.972358785, 0.954658268,
2043.992790611, 0.951329482,
2044.033654065, 0.953695121,
2044.054085792, 0.958275848,
2044.074517520, 0.947648874,
2044.094949247, 0.955828178,
2044.115380975, 0.959954211,
2044.135812703, 0.949273105,
2044.156244531, 0.958030324,
2044.176676159, 0.949993981,
2044.197107987, 0.944493930,
2044.217539716, 0.951566335,
2044.237971344, 0.946733291,
2044.299266531, 0.946597276,
2044.319698360, 0.952348900,
2044.340130090, 0.954690669,
2044.360561720, 0.952055035,
2044.380993549, 0.949256994,
2044.401425179, 0.951215595,
2044.421857010, 0.950854657,
2044.442288740, 0.947924856,
2044.462720371, 0.955987426,
2044.483152201, 0.944841827,
2044.544447394, 0.957271770,
2044.585310957, 0.954306057,
2044.605742589, 0.950589727,
2044.626174321, 0.954227044,
2044.646606153, 0.952330699,
2044.667037885, 0.947445194,
2044.687469517, 0.952731094,
2044.707901350, 0.954433984,
2044.728333083, 0.948582613,
2044.748764816, 0.948377537,
2044.769196549, 0.949455586,
2044.789628282, 0.949264103,
2044.810060115, 0.951240964,
2044.830491749, 0.949717423,
2044.850923483, 0.956727031,
2044.871355317, 0.951378010,
2044.891786951, 0.948202776,
2044.912218685, 0.945413847,
2044.932650520, 0.957083633,
2044.953082154, 0.950599379,
2044.973513989, 0.952319195,
2045.034809195, 0.954456401,
2045.055240930, 0.954902120,
2045.075672566, 0.949533918,
2045.096104402, 0.948068956,
2045.116536038, 0.948115715,
2045.136967874, 0.942252931,
2045.157399610, 0.949157123,
2045.177831247, 0.950447136,
2045.198263084, 0.953480774,
2045.218694821, 0.945136893,
2045.279990033, 0.949538476,
2045.300421870, 0.941182105,
2045.320853608, 0.951264168,
2045.341285246, 0.951266814,
2045.361717084, 0.955831308,
2045.382148823, 0.952987132,
2045.402580461, 0.949669991,
2045.423012300, 0.953594438,
2045.443444039, 0.952448623,
2045.463875678, 0.950359265,
2045.525171096, 0.953102285,
2045.545602736, 0.950151041,
2045.566034476, 0.952057005,
2045.586466316, 0.955694138,
2045.606897957, 0.953504454,
2045.627329697, 0.950611916,
2045.647761538, 0.950526212,
2045.668193179, 0.954302746,
2045.688625020, 0.949228841,
2045.709056761, 0.950022132,
2045.729488403, 0.951541745,
2045.749920244, 0.948535043,
2045.770351886, 0.950121297,
2045.790783628, 0.947861544,
2045.811215470, 0.952307036,
2045.831647212, 0.952382525,
2045.852078955, 0.947484107,
2045.872510698, 0.957071262,
2045.892942441, 0.950116912,
2045.913374184, 0.950992404,
2045.933805927, 0.952573275,
2045.954237670, 0.944267248,
2046.015533002, 0.954171923,
2046.035964746, 0.951383409,
2046.056396391, 0.952759991,
2046.076828235, 0.948837375,
2046.097259980, 0.953600862,
2046.117691625, 0.955916526,
2046.138123470, 0.953087961,
2046.158555215, 0.954892881,
2046.178986861, 0.954787856,
2046.199418706, 0.949224956,
2046.260713945, 0.951289301,
2046.281145691, 0.950992375,
2046.301577538, 0.950592540,
2046.322009185, 0.954032181,
2046.342440932, 0.953221295,
2046.362872679, 0.948504249,
2046.383304426, 0.943435579,
2046.403736274, 0.953828577,
2046.424167922, 0.950820425,
2046.444599669, 0.949690839,
2046.485463166, 0.952784451,
2046.505894914, 0.954295857,
2046.526326763, 0.951943073,
2046.546758512, 0.949829548,
2046.567190261, 0.958208764,
2046.587622010, 0.948619998,
2046.608053760, 0.950836972,
2046.628485510, 0.951127867,
2046.648917260, 0.946899638,
2046.669349010, 0.955002044,
2046.689780860, 0.950852066,
2046.730644261, 0.953379959,
2046.751076112, 0.952871564,
2046.771507763, 0.954061118,
2046.791939614, 0.950723709,
2046.812371365, 0.950573741,
2046.832803017, 0.952472701,
2046.853234869, 0.943068349,
2046.873666621, 0.951660761,
2046.894098273, 0.954984868,
2046.914530125, 0.953819804,
2046.934961878, 0.947368940,
2046.996257137, 0.948502624,
2047.016688890, 0.953082461,
2047.037120643, 0.944934287,
2047.057552397, 0.952009278,
2047.077984151, 0.947431046,
2047.098415905, 0.950777193,
2047.118847760, 0.946479329,
2047.139279414, 0.951879454,
2047.159711169, 0.946079175,
2047.180143024, 0.951360513,
2047.241438290, 0.948803625,
2047.261870045, 0.954454851,
2047.282301701, 0.950480456,
2047.302733557, 0.947007311,
2047.323165314, 0.949094177,
2047.343597170, 0.951902706,
2047.364028827, 0.949210589,
2047.384460584, 0.951987738,
2047.404892441, 0.954802176,
2047.425324098, 0.951009482,
2047.486619371, 0.952828941,
2047.507051229, 0.947513127,
2047.527482987, 0.950520060,
2047.547914646, 0.949327713,
2047.568346505, 0.945624765,
2047.588778264, 0.946989414,
2047.609209923, 0.952994736,
2047.629641782, 0.945467505,
2047.650073541, 0.951588440,
2047.670505301, 0.952434053,
2047.690937061, 0.950081294,
2047.711368821, 0.949689578,
2047.731800681, 0.949003881,
2047.752232342, 0.946453503,
2047.772664103, 0.947767049,
2047.793095863, 0.946584242,
2047.813527625, 0.943762273,
2047.833959386, 0.948875530,
2047.854391247, 0.947937461,
2047.874822909, 0.953450995,
2047.895254771, 0.948699065,
2047.915686533, 0.939685586,
2047.976981821, 0.945490404,
2047.997413484, 0.944042822,
2048.017845347, 0.955533082,
2048.038277110, 0.952684433,
2048.058708974, 0.948361806,
2048.079140638, 0.947632790,
2048.099572401, 0.949495923,
2048.120004266, 0.950792553,
2048.140435930, 0.943464881,
2048.160867694, 0.945721041,
2048.181299559, 0.955202677,
2048.201731224, 0.954988050,
2048.222163090, 0.950523959,
2048.242594855, 0.952521582,
2048.263026521, 0.947883605,
2048.283458386, 0.944365761,
2048.303890152, 0.946979834,
2048.324321919, 0.950460426,
2048.344753685, 0.952395315,
2048.365185452, 0.951230776,
2048.385617119, 0.950099954,
2048.406048986, 0.956864379,
2048.467344288, 0.948311249,
2048.487776056, 0.950215788,
2048.508207924, 0.942486671,
2048.528639592, 0.943111941,
2048.549071361, 0.964945434,
2048.569503230, 0.954385579,
2048.589934899, 0.944334789,
2048.610366768, 0.948174930,
2048.630798537, 0.948639269,
2048.651230207, 0.948439113,
2048.712525517, 0.953839307,
2048.732957387, 0.948295415,
2048.753389158, 0.947251737,
2048.773821029, 0.955269040,
2048.794252700, 0.951870556,
2048.814684471, 0.946475081,
2048.835116343, 0.948262676,
2048.855548014, 0.942256241,
2048.875979786, 0.946637921,
2048.896411658, 0.949587908,
2048.916843331, 0.946118877,
2048.937275103, 0.956550755,
2048.957706976, 0.946232644,
2048.978138749, 0.952676991,
2048.998570522, 0.949116173,
2049.019002296, 0.947105158,
2049.039434069, 0.952121216,
2049.059865843, 0.947798360,
2049.080297617, 0.944952455,
2049.100729392, 0.945234601,
2049.121161166, 0.954540106,
2049.141592941, 0.953468357,
2049.202888266, 0.951384289,
2049.223320142, 0.947387592,
2049.243751818, 0.940395625,
2049.264183594, 0.949484242,
2049.284615470, 0.950923413,
2049.305047146, 0.976768977,
2049.325478923, 0.949488944,
2049.345910800, 0.947761713,
2049.366342477, 0.946749034,
2049.386774354, 0.949416119,
2049.407206132, 0.945895819,
2049.427637810, 0.949329457,
2049.448069688, 0.950073850,
2049.468501466, 0.948892748,
2049.488933244, 0.951262282,
2049.509365023, 0.950089913,
2049.529796802, 1.095323516,
2049.550228681, 0.948259111,
2049.570660360, 0.949036922,
2049.591092140, 0.945395984,
2049.611524019, 0.946696507,
2049.631955699, 0.952282203,
2049.672819360, 0.950690627,
2049.693251140, 0.945644839,
2049.713682921, 0.956051824,
2049.734114702, 0.949345596,
2049.754546384, 0.950946864,
2049.774978265, 0.949658751,
2049.795410047, 0.950156968,
2049.815841729, 0.947962899,
2049.836273611, 0.945952301,
2049.856705393, 0.946423531,
2049.877137076, 0.947155803,
2049.918000742, 0.949122838,
2049.958864308, 0.948444041,
2049.979296092, 0.950476674,
2049.999727976, 0.956956311,
2050.020159660, 0.943594776,
2050.040591445, 0.951385900,
2050.061023329, 0.944752616,
2050.101886899, 0.948116720,
2050.122318685, 0.949108636,
2050.163182256, 0.951654902,
2050.183614042, 0.947910663,
2050.204045828, 0.952598982,
2050.224477614, 0.953135358,
2050.244909401, 0.948387469,
2050.265341288, 0.951452880,
2050.285772975, 0.949334821,
2050.306204762, 0.949101065,
2050.326636650, 0.950336523,
2050.347068438, 0.950830408,
2050.367500126, 0.946740455,
2050.408363702, 0.949394064,
2050.428795491, 0.947114047,
2050.449227380, 0.951327823,
2050.469659069, 0.953545608,
2050.490090959, 0.956554636,
2050.510522748, 0.951547288,
2050.530954438, 0.951307721,
2050.551386328, 0.951344565,
2050.571818118, 0.953277724,
2050.592249809, 0.944279014,
2050.612681700, 0.953341233,
2050.653545382, 0.945304375,
2050.673977073, 0.947867602,
2050.694408865, 0.944573077,
2050.714840757, 0.953923617,
2050.735272449, 0.944107712,
2050.755704242, 0.938649018,
2050.776136134, 0.950344722,
2050.796567827, 0.945149610,
2050.816999720, 0.948826272,
2050.837431513, 0.953335169,
2050.857863307, 0.947731927,
2050.919158689, 0.952209680,
2050.939590483, 0.951429539,
2050.960022278, 0.946952416,
2050.980454073, 0.949330429,
2051.000885968, 0.951255703,
2051.021317663, 0.944387762,
2051.041749559, 0.948387460,
2051.062181255, 0.956890748,
2051.082613051, 0.953161699,
2051.103044947, 0.950681846,
2051.143908441, 0.950990941,
2051.164340338, 0.948408152,
2051.184772035, 0.947319553,
2051.205203933, 0.949619089,
2051.225635730, 0.951845409,
2051.246067428, 0.950512763,
2051.266499327, 0.951755302,
2051.286931125, 0.949354203,
2051.307362824, 0.950717336,
2051.327794723, 0.950177655,
2051.348226522, 0.949059124,
2051.368658421, 0.949228347,
2051.389090121, 0.954705681,
2051.409521921, 0.954870554,
2051.450385521, 0.951836708,
2051.470817322, 0.953256010,
2051.491249223, 0.949637214,
2051.511681024, 0.951235964,
2051.532112725, 0.949675426,
2051.552544627, 0.954556750,
2051.572976428, 0.951416920,
2051.593408230, 0.953907431,
2051.634271835, 0.948544411,
2051.654703638, 0.949837808,
2051.675135441, 0.950332170,
2051.695567244, 0.950737174,
2051.715999048, 0.951496005,
2051.736430851, 0.948682116,
2051.777294459, 0.951577443,
2051.797726264, 0.955504180,
2051.818158169, 0.950015896,
2051.838589873, 0.948065692,
2051.879453584, 0.949655170,
2051.899885290, 0.948637329,
2051.920317195, 0.949591399,
2051.940749002, 0.949754711,
2051.961180708, 0.951299523,
2051.981612615, 0.949909640,
2052.002044421, 0.949821221,
2052.022476129, 0.950507561,
2052.042908036, 0.948474813,
2052.063339843, 0.947126093,
2052.083771751, 0.946518189,
2052.124635268, 0.952380905,
2052.145067176, 0.955419011,
2052.165498985, 0.954487051,
2052.185930694, 0.954055665,
2052.206362603, 0.953071328,
2052.226794413, 0.953033596,
2052.247226123, 0.952513903,
2052.267658033, 0.954131628,
2052.288089843, 0.949979616,
2052.308521754, 0.952588086,
2052.328953464, 0.951218100,
2052.369817187, 0.947529856,
2052.390248898, 0.952197102,
2052.410680710, 0.954098178,
2052.431112522, 0.945236327,
2052.451544334, 0.952702444,
2052.471976247, 0.949293026,
2052.492407959, 0.946697553,
2052.512839772, 0.959420124,
2052.533271686, 0.947402250,
2052.553703399, 0.952371406,
2052.574135213, 0.948065848,
2052.614998841, 0.948113671,
2052.635430756, 0.980093464,
2052.676294285, 0.947039234,
2052.696726201, 0.945238046,
2052.737589832, 0.949164546,
2052.758021648, 0.950956420,
2052.778453464, 0.950518304,
2052.798885280, 0.950795592,
2052.819317097, 0.947850798,
2052.860180831, 0.943520290,
2052.880612649, 0.956597496,
2052.901044367, 0.948824536,
2052.921476285, 0.946919447,
2052.941908103, 0.947749630,
2052.962339821, 0.943837321,
2052.982771740, 0.945980397,
2053.003203559, 0.945621633,
2053.023635478, 0.953473928,
2053.044067198, 0.947285294,
2053.064499018, 0.950260108,
2053.146226299, 0.952030104,
2053.166658120, 0.948749524,
2053.187090042, 0.957940364,
2053.207521763, 0.952144710,
2053.227953585, 0.951503069,
2053.248385507, 0.949182389,
2053.268817229, 0.956642588,
2053.289249052, 0.948122870,
2053.309680975, 0.951009817,
2053.350544621, 0.954833136,
2053.370976445, 0.951559610,
2053.391408269, 0.953697577,
2053.411840093, 0.952284592,
2053.432271917, 0.947527152,
2053.452703742, 0.949076750,
2053.473135566, 0.950495056,
2053.493567392, 0.955322717,
2053.513999217, 0.945729812,
2053.534431143, 0.948980112,
2053.554862869, 0.951328064,
2053.595726621, 0.950026265,
2053.616158348, 0.950704133,
2053.636590275, 0.945370560,
2053.657022102, 0.955938417,
2053.677453829, 0.948117461,
2053.697885757, 0.957387146,
2053.718317585, 0.952055130,
2053.738749413, 0.955243372,
2053.759181242, 0.950238187,
2053.779613070, 0.950275227,
2053.800044900, 0.950407703,
2053.840908458, 0.949604263,
2053.861340388, 0.953502704,
2053.881772218, 0.947704110,
2053.902204148, 0.951203692,
2053.922635879, 0.951388362,
2053.943067710, 0.952695188,
2053.963499641, 0.955734176,
2053.983931372, 0.951227094,
2054.004363204, 0.958349203,
2054.024795136, 0.951293660,
2054.045226968, 0.950673310,
2054.086090633, 0.947738916,
2054.106522466, 0.945350952,
2054.126954299, 0.943523340,
2054.147386133, 0.949955302,
2054.167817966, 0.947795060,
2054.188249900, 0.949333494,
2054.208681635, 0.949307785,
2054.229113469, 0.949522732,
2054.249545404, 0.951150632,
2054.269977139, 0.947922453,
2054.290409074, 0.950635860,
2054.331272646, 0.955357171,
2054.351704582, 0.949423474,
2054.372136418, 0.950115238,
2054.392568155, 0.946241814,
2054.413000092, 0.951130332,
2054.433431929, 0.950785508,
2054.453863767, 0.945673126,
2054.474295604, 0.946516849,
2054.494727342, 0.956593093,
2054.515159280, 0.946873128,
2054.535591119, 0.950861721,
2054.576454797, 0.948703119,
2054.596886636, 0.949732100,
2054.617318576, 0.950153241,
2054.637750316, 0.952557727,
2054.658182156, 0.950309552,
2054.678614096, 0.947924921,
2054.699045837, 0.953030479,
2054.719477678, 0.947530270,
2054.739909619, 0.952542283,
2054.760341460, 0.950476149,
2054.780773302, 0.955614407,
2054.821636986, 0.951200166,
2054.842068829, 0.951822124,
2054.862500672, 0.947280906,
2054.882932515, 0.950988398,
2054.903364458, 0.960664483,
2054.923796202, 0.940554232,
2054.944228046, 0.955206028,
2054.964659990, 0.952167479,
2054.985091734, 0.952437916,
2055.005523679, 0.954790540,
2055.025955524, 0.951122873,
2055.087250961, 0.950226384,
2055.107682807, 0.955110636,
2055.128114753, 0.954050811,
2055.148546499, 0.949333721,
2055.168978446, 0.951445186,
2055.189410294, 0.954841455,
2055.209842041, 0.947459029,
2055.230273989, 0.946086140,
2055.250705837, 0.950574926,
2055.271137685, 0.950214812,
2055.291569533, 0.952352910,
2055.312001382, 0.950504098,
2055.332433331, 0.948273284,
2055.352865081, 0.949623894,
2055.373296930, 0.942885951,
2055.393728880, 0.954723360,
2055.414160731, 0.948253313,
2055.434592481, 0.953731997,
2055.455024432, 0.947308379,
2055.475456283, 0.950186418,
2055.495888134, 0.952865278,
2055.516319986, 0.960058633,
2055.557183790, 0.952843893,
2055.577615542, 0.953125570,
2055.598047395, 0.957400280,
2055.618479347, 0.956542937,
2055.638911101, 0.953601468,
2055.659342954, 0.952381102,
2055.679774908, 0.952654100,
2055.700206662, 0.948448512,
2055.720638616, 0.952607636,
2055.741070371, 0.950163814,
2055.761502226, 0.953461526,
2055.802365937, 0.951108423,
2055.822797792, 0.949738814,
2055.843229748, 0.948517631,
2055.863661505, 0.957857087,
2055.884093461, 0.951963480,
2055.904525318, 0.949844407,
2055.924957175, 0.961002051,
2055.945389033, 0.957137400,
2055.965820890, 0.954316740,
2055.986252748, 0.948747074,
2056.006684606, 0.960640640,
2056.067980283, 0.951456740,
2056.088412042, 0.952752894,
2056.108844002, 0.954700910,
2056.129275862, 0.947803580,
2056.149707622, 0.953842309,
2056.170139583, 0.949172076,
2056.190571444, 0.950338328,
2056.211003405, 0.953921363,
2056.231435166, 0.953002280,
2056.251867028, 0.947830656,
2056.272298990, 0.951923517,
2056.292730752, 0.955383924,
2056.313162614, 0.956424568,
2056.333594577, 0.945461974,
2056.354026340, 0.944767517,
2056.374458203, 0.954493697,
2056.394890067, 0.947527777,
2056.415321931, 0.952976077,
2056.435753895, 0.953649964,
2056.456185760, 0.947653732,
2056.476617524, 0.944451763,
2056.497049490, 0.949876507,
2056.537913120, 0.953045908,
2056.558345086, 0.953345073,
2056.578776953, 0.945693603,
2056.599208819, 0.945197307,
2056.619640686, 0.954147698,
2056.640072553, 0.945829989,
2056.660504420, 0.951568115,
2056.680936288, 0.945486687,
2056.701368156, 0.950807050,
2056.721800024, 0.950332835,
2056.742231893, 0.946268448,
2056.783095730, 0.955265277,
2056.803527500, 0.955096875,
2056.823959469, 0.954078935,
2056.844391339, 0.944646371,
2056.864823110, 0.949475637,
2056.885255080, 0.952759373,
2056.905686951, 0.946997978,
2056.926118922, 0.952533089,
2056.946550693, 0.954050863,
2056.966982565, 0.947895447,
2056.987414537, 0.952120498,
2057.028278182, 0.953750484,
2057.048710155, 0.952492441,
2057.069141928, 0.948397462,
2057.089573801, 0.949504175,
2057.110005675, 0.947071248,
2057.130437549, 0.953768624,
2057.150869523, 0.954847303,
2057.171301298, 0.957963674,
2057.191733173, 0.944714645,
2057.212165148, 0.955246211,
2057.232597024, 0.951100324,
2057.293892652, 0.948596133,
2057.314324528, 0.942261016,
2057.334756405, 0.952698039,
