BJD - 2454833, Corrected Flux
1977.364608218, 1.004228697,
1977.385040479, 1.004616602,
1977.405472740, 1.004148400,
1977.425905000, 1.004709192,
1977.446337360, 1.004306411,
1977.466769519, 1.003955879,
1977.487201877, 1.004553028,
1977.507634135, 1.004327229,
1977.528066293, 1.004421827,
1977.548498650, 1.004269893,
1977.568930907, 1.004125279,
1977.589363064, 1.004338898,
1977.609795419, 1.004107077,
1977.630227675, 1.004305315,
1977.650659830, 1.004192455,
1977.671092184, 1.004247114,
1977.691524438, 1.004163352,
1977.711956591, 1.004286975,
1977.732388944, 1.003665259,
1977.752821197, 1.003987906,
1977.773253349, 1.004016375,
1977.793685700, 1.004401870,
1977.814117952, 1.003971747,
1977.834550202, 1.003978415,
1977.854982452, 1.004129835,
1977.875414702, 1.003936555,
1977.895846952, 1.004089348,
1977.916279200, 1.004260133,
1977.936711448, 1.004029667,
1977.957143797, 1.003753954,
1977.977575944, 1.004505272,
1977.998008191, 1.004233266,
1978.018440537, 1.004034948,
1978.038872683, 1.003783277,
1978.059304929, 1.004002170,
1978.079737274, 1.004005077,
1978.100169418, 1.004263487,
1978.120601662, 1.003509645,
1978.141034006, 1.004281701,
1978.161466149, 1.004082932,
1978.181898392, 1.004299162,
1978.202330734, 1.003973999,
1978.222762876, 1.004108735,
1978.243195217, 1.003829850,
1978.263627458, 1.003906827,
1978.284059698, 1.003745400,
1978.304491938, 1.004134623,
1978.324924178, 1.003791989,
1978.345356417, 1.004071270,
1978.365788655, 1.004150123,
1978.386220893, 1.003926450,
1978.406653131, 1.004051497,
1978.427085368, 1.003789455,
1978.447517604, 1.003868856,
1978.467949841, 1.004010894,
1978.488382077, 1.004056478,
1978.508814312, 1.003595816,
1978.529246446, 1.003650733,
1978.590543148, 1.004103317,
1978.610975481, 1.004179419,
1978.631407714, 1.003943093,
1978.651840046, 1.003776730,
1978.672272177, 1.003866312,
1978.692704409, 1.003921313,
1978.713136739, 1.004115978,
1978.733568869, 1.004069796,
1978.754001099, 1.003961189,
1978.774433428, 1.004293340,
1978.794865657, 1.004290058,
1978.815297785, 1.004286723,
1978.835730113, 1.004330626,
1978.856162340, 1.004130250,
1978.876594468, 1.004225508,
1978.917459020, 1.004456149,
1978.937891146, 1.004185899,
1978.958323471, 1.004044689,
1978.978755695, 1.004135448,
1978.999187819, 1.004226416,
1979.019620143, 1.003992073,
1979.060484489, 1.004017535,
1979.080916811, 1.004139608,
1979.101349034, 1.004295479,
1979.121781355, 1.004097908,
1979.142213476, 1.004079282,
1979.162645697, 1.004242994,
1979.183077916, 1.004239517,
1979.203510136, 1.004098020,
1979.223942355, 1.004457091,
1979.244374574, 1.004086202,
1979.264806792, 1.004245123,
1979.285239010, 1.004422503,
1979.326103444, 1.004101720,
1979.346535661, 1.004048018,
1979.366967976, 1.004457337,
1979.387400092, 1.004137201,
1979.407832307, 1.004151724,
1979.428264622, 1.004308676,
1979.448696736, 1.004327630,
1979.469128949, 1.004127962,
1979.489561262, 1.004463790,
1979.509993375, 1.004171144,
1979.530425587, 1.004076487,
1979.550857899, 1.004250360,
1979.571290011, 1.004102326,
1979.591722322, 1.004252977,
1979.612154532, 1.004394000,
1979.632586742, 1.004195427,
1979.653018952, 1.004042985,
1979.673451161, 1.004030918,
1979.693883369, 1.004391322,
1979.714315577, 1.004131458,
1979.734747785, 1.004392582,
1979.755179993, 1.004276743,
1979.775612200, 1.004021480,
1979.796044406, 1.004038385,
1979.816476612, 1.004258471,
1979.836908917, 1.004398313,
1979.857341022, 1.004094023,
1979.877773227, 1.004275317,
1979.898205431, 1.004075814,
1979.918637635, 1.004374503,
1979.939069838, 1.004327103,
1979.959502041, 1.003930999,
1979.979934243, 1.004000122,
1980.000366445, 1.004158883,
1980.020798646, 1.003939644,
1980.041230847, 1.004107353,
1980.061663148, 1.004286737,
1980.082095248, 1.006844908,
1980.102527447, 1.004311953,
1980.122959747, 1.018854256,
1980.143391845, 1.004004881,
1980.163824043, 1.004070424,
1980.184256341, 1.004424747,
1980.204688539, 1.004278279,
1980.225120636, 1.004240098,
1980.245552932, 1.003935481,
1980.265985128, 1.004214252,
1980.286417224, 1.004063772,
1980.306849519, 1.004059232,
1980.327281713, 1.004347253,
1980.347713808, 1.004306914,
1980.368146101, 1.004591540,
1980.388578295, 1.004059878,
1980.409010387, 1.004057715,
1980.429442680, 1.004273261,
1980.449874872, 1.003905364,
1980.470307063, 1.004048579,
1980.490739254, 1.004264704,
1980.511171445, 1.004528660,
1980.531603735, 1.004529577,
1980.552035825, 1.003912204,
1980.572468014, 1.004079947,
1980.592900303, 1.004308109,
1980.613332391, 1.004173944,
1980.633764579, 1.003682536,
1980.654196867, 1.004317636,
1980.674628954, 1.003906719,
1980.695061141, 1.003908322,
1980.715493427, 1.003862819,
1980.735925513, 1.004021274,
1980.756357698, 1.004274334,
1980.776789982, 1.003853834,
1980.797222067, 1.004236370,
1980.817654251, 1.004102255,
1980.838086535, 1.003960911,
1980.878950800, 1.004275337,
1980.899383082, 1.003810023,
1980.919815164, 1.003915873,
1980.940247345, 1.004103279,
1980.960679626, 1.004006548,
1980.981111706, 1.004184939,
1981.042408345, 1.004398178,
1981.062840523, 1.003922698,
1981.103704879, 1.004178900,
1981.124137056, 1.004006926,
1981.144569233, 1.004108800,
1981.165001410, 1.004224525,
1981.185433686, 1.004059379,
1981.205865761, 1.004738719,
1981.226297936, 1.004202605,
1981.246730211, 1.004018189,
1981.267162285, 1.004034424,
1981.287594459, 1.004322998,
1981.308026732, 1.004164018,
1981.328458805, 1.004189728,
1981.348890978, 1.004013839,
1981.369323249, 1.004143879,
1981.389755321, 1.004075130,
1981.410187492, 1.004151979,
1981.430619663, 1.004164124,
1981.451051833, 1.004113340,
1981.471484103, 1.004302085,
1981.594077112, 1.003547006,
1981.614509279, 1.004083487,
1981.634941345, 1.004060508,
1981.655373612, 1.003656096,
1981.675805777, 1.003926045,
1981.696237842, 1.004126833,
1981.716670106, 1.003927630,
1981.737102270, 1.003717173,
1981.757534334, 1.003930865,
1981.777966597, 1.003899493,
1981.798398760, 1.003989389,
1981.818830822, 1.004306277,
1981.839263084, 1.004047845,
1981.859695245, 1.003936864,
1981.880127406, 1.003722162,
1981.900559567, 1.003955749,
1981.920991727, 1.004247065,
1981.941423987, 1.003848645,
1981.961856046, 1.004146585,
1981.982288206, 1.004355147,
1982.002720464, 1.004214140,
1982.023152622, 1.004148596,
1982.043584679, 1.003860224,
1982.064016936, 1.003979518,
1982.084449093, 1.003940521,
1982.104881149, 1.003976793,
1982.125313405, 1.004017965,
1982.145745460, 1.003751142,
1982.166177615, 1.004570250,
1982.186609870, 1.004300525,
1982.207041924, 1.004078161,
1982.227474078, 1.004070746,
1982.247906331, 1.003798960,
1982.268338384, 1.003855206,
1982.288770536, 1.004254807,
1982.309202788, 1.003821784,
1982.329634840, 1.004079772,
1982.350066990, 1.003953689,
1982.370499241, 1.004321063,
1982.390931391, 1.003944729,
1982.411363541, 1.003809210,
1982.431795690, 1.004095552,
1982.452227839, 1.004113448,
1982.472659988, 1.003958727,
1982.493092136, 1.004017320,
1982.513524283, 1.004024107,
1982.533956530, 1.003923929,
1982.554388577, 1.003909669,
1982.574820723, 1.003707353,
1982.595252969, 1.003870709,
1982.615685015, 1.003743990,
1982.636117160, 1.004076887,
1982.656549404, 1.004102842,
1982.676981448, 1.003748777,
1982.697413592, 1.003662893,
1982.717845836, 1.004125247,
1982.738277879, 1.003770530,
1982.758710021, 1.003740674,
1982.779142263, 1.003655970,
1982.799574305, 1.003583211,
1982.820006446, 1.003739021,
1982.840438686, 1.003859371,
1982.860870826, 1.003428925,
1982.881302967, 1.003970262,
1982.901735106, 1.004013253,
1982.922167145, 1.003992796,
1982.942599383, 1.004001373,
1982.983463559, 1.003735074,
1983.003895797, 1.003930424,
1983.024327934, 1.003697701,
1983.044759970, 1.004004995,
1983.065192206, 1.003797568,
1983.085624342, 1.003956348,
1983.106056377, 1.004115753,
1983.126488612, 1.003937444,
1983.146920746, 1.003797400,
1983.167352780, 1.004195256,
1983.187785013, 1.003852062,
1983.208217146, 1.004161642,
1983.249081411, 1.003897364,
1983.269513543, 1.003906539,
1983.289945674, 1.003763098,
1983.310377805, 1.004023828,
1983.330809936, 1.004242817,
1983.351242166, 1.003898160,
1983.371674296, 1.003890903,
1983.392106325, 1.003823378,
1983.412538554, 1.003724035,
1983.432970682, 1.003943492,
1983.473834937, 1.003631342,
1983.494267064, 1.003784389,
1983.514699091, 1.003849997,
1983.535131318, 1.003604496,
1983.555563443, 1.003750579,
1983.575995469, 1.003849040,
1983.596427694, 1.004105029,
1983.616859818, 1.004015853,
1983.637291843, 1.003757361,
1983.657724066, 1.003751922,
1983.678156090, 1.003724637,
1983.698588313, 1.003482079,
1983.719020435, 1.003942311,
1983.739452457, 1.004094508,
1983.759884579, 1.004178863,
1983.780316800, 1.003871675,
1983.800748921, 1.003910131,
1983.821181041, 1.003667350,
1983.841613161, 1.003669045,
1983.862045281, 1.003948385,
1983.882477500, 1.003904211,
1983.902909519, 1.004896511,
1983.923341637, 1.003434402,
1983.943773855, 1.003666490,
1983.964205872, 1.003864759,
1983.984637989, 1.003721921,
1984.005070206, 1.003784088,
1984.025502222, 1.003775417,
1984.045934338, 1.003597643,
1984.066366553, 1.004023941,
1984.086798568, 1.003894785,
1984.107230683, 1.003637152,
1984.127662897, 1.003695203,
1984.148094910, 1.003878553,
1984.168527024, 1.003973135,
1984.188959236, 1.003786556,
1984.209391349, 1.003921986,
1984.229823361, 1.003877667,
1984.250255572, 1.003840270,
1984.270687684, 1.003722383,
1984.291119794, 1.003501669,
1984.311551905, 1.003656140,
1984.331984015, 1.003799925,
1984.352416224, 1.003876835,
1984.372848234, 1.003543165,
1984.393280242, 1.003880733,
1984.413712451, 1.003632593,
1984.475008773, 1.003729999,
1984.495440879, 1.003453097,
1984.515872886, 1.003858958,
1984.536305091, 1.003484003,
1984.556737197, 1.003601466,
1984.577169202, 1.003698859,
1984.597601406, 1.003876351,
1984.618033510, 1.003678067,
1984.638465614, 1.003564822,
1984.658897717, 1.003362179,
1984.679329820, 1.003670018,
1984.699761923, 1.003901275,
1984.720194125, 1.003791230,
1984.740626127, 1.003703137,
1984.761058328, 1.003581862,
1984.801922429, 1.003633869,
1984.822354629, 1.003590646,
1984.842786729, 1.003466048,
1984.863218728, 1.003874428,
1984.883650927, 1.003569751,
1984.904083025, 1.003544512,
1984.985811314, 1.004040313,
1985.006243511, 1.003843872,
1985.026675607, 1.003943024,
1985.047107703, 1.003802936,
1985.067539798, 1.004171251,
1985.087971892, 1.003883064,
1985.108403987, 1.003825073,
1985.128836080, 1.003665440,
1985.149268174, 1.003691324,
1985.169700167, 1.004027956,
1985.190132360, 1.003732852,
1985.210564452, 1.003749132,
1985.230996644, 1.003964190,
1985.251428635, 1.003887204,
1985.271860726, 1.003603561,
1985.292292917, 1.003853469,
1985.312724907, 1.003545151,
1985.333156997, 1.003518342,
1985.374021175, 1.004012359,
1985.394453264, 1.003962735,
1985.455749527, 1.003684042,
1985.476181714, 1.003922299,
1985.496613701, 1.003509229,
1985.517045787, 1.009732718,
1985.537477972, 1.003958588,
1985.557910058, 1.003740358,
1985.578342043, 1.003621277,
1985.598774228, 1.003633286,
1985.619206311, 1.003937376,
1985.639638295, 1.003406811,
1985.660070478, 1.003718906,
1985.680502561, 1.003773894,
1985.700934744, 1.003800871,
1985.721366726, 1.003604760,
1985.741798808, 1.003620542,
1985.762230989, 1.003381394,
1985.803095050, 1.003834274,
1985.823527230, 1.003955162,
1985.843959210, 1.003746649,
1985.864391290, 1.003589856,
1985.884823368, 1.003739369,
1985.946119602, 1.003675283,
1985.966551680, 1.003753294,
1985.986983757, 1.003599284,
1986.007415833, 1.003845701,
1986.027847909, 1.003370235,
1986.048279985, 1.003572229,
1986.068712160, 1.003514766,
1986.089144135, 1.003491793,
1986.109576210, 1.003747966,
1986.130008384, 1.003634972,
1986.150440358, 1.003245562,
1986.170872531, 1.003618506,
1986.191304603, 1.004027682,
1986.211736576, 1.003897321,
1986.232168748, 1.003652702,
1986.252600820, 1.003704893,
1986.273032791, 1.003468979,
1986.293464962, 1.003576307,
1986.313897033, 1.003815807,
1986.334329002, 1.003611389,
1986.354761172, 1.003555178,
1986.375193242, 1.003297946,
1986.395625311, 1.003507690,
1986.416057379, 1.003576263,
1986.436489447, 1.003491345,
1986.456921514, 1.003829848,
1986.477353582, 1.003448051,
1986.497785649, 1.003871486,
1986.518217716, 1.003394006,
1986.538649881, 1.003306057,
1986.559081847, 1.003628296,
1986.579513913, 1.003572796,
1986.599945977, 1.003250588,
1986.620378042, 1.003072882,
1986.681674233, 1.003478618,
1986.702106396, 1.003068744,
1986.722538359, 1.003401801,
1986.742970421, 1.003576239,
1986.763402582, 1.003652010,
1986.783834544, 1.003405802,
1986.804266605, 1.003450094,
1986.824698765, 1.003397516,
1986.845130726, 1.003648183,
1986.865562785, 1.003276252,
1986.926858962, 1.003513107,
1986.947291121, 1.003589855,
1986.967723179, 1.003301974,
1986.988155136, 1.003953458,
1987.008587293, 1.003426190,
1987.029019350, 1.003595484,
1987.049451306, 1.003719999,
1987.069883462, 1.003546297,
1987.090315517, 1.003607652,
1987.110747673, 1.003518848,
1987.172043836, 1.003431914,
1987.192475789, 1.003480295,
1987.212907842, 1.003760603,
1987.253771947, 1.003691074,
1987.274203999, 1.003770177,
1987.294636151, 1.003628034,
1987.315068102, 1.003749013,
1987.335500153, 1.003710106,
1987.355932303, 1.003788743,
1987.376364253, 1.003567485,
1987.396796303, 1.003702152,
1987.417228352, 1.003498449,
1987.437660401, 1.003895098,
1987.458092449, 1.003428728,
1987.478524597, 1.003507664,
1987.498956545, 1.003835728,
1987.519388692, 1.003600385,
1987.539820739, 1.003537855,
1987.560252686, 1.003674089,
1987.580684832, 1.003495984,
1987.601116877, 1.003527749,
1987.662413012, 1.003355301,
1987.682844957, 1.003629956,
1987.703277100, 1.003560788,
1987.723709144, 1.003639352,
1987.744141187, 1.003418530,
1987.764573230, 1.003508239,
1987.785005272, 1.003363240,
1987.805437314, 1.003300318,
1987.825869355, 1.003812868,
1987.846301397, 1.003652518,
1987.907597518, 1.003595344,
1987.928029557, 1.003330424,
1987.948461696, 1.003516324,
1987.968893635, 1.003325083,
1987.989325774, 1.003835304,
1988.009757812, 1.003246445,
1988.030189749, 1.003369827,
1988.050621887, 1.003440710,
1988.071053923, 1.003631426,
1988.091485860, 1.003422799,
1988.111917996, 1.003448205,
1988.132349932, 1.003277376,
1988.152781967, 1.003455653,
1988.173214102, 1.003573605,
1988.193646037, 1.003199155,
1988.214078071, 1.003213910,
1988.234510205, 1.003399169,
1988.254942138, 1.003472523,
1988.275374171, 1.003523077,
1988.295806304, 1.003052028,
1988.316238336, 1.003344289,
1988.336670268, 1.003312586,
1988.397966362, 1.003466781,
1988.418398492, 1.003658451,
1988.438830522, 1.003281566,
1988.459262652, 1.003346580,
1988.479694581, 1.003303793,
1988.500126610, 1.003389455,
1988.520558738, 1.003245027,
1988.540990666, 1.003490087,
1988.561422694, 1.003404496,
1988.581854822, 1.003481509,
1988.643150901, 1.003287890,
1988.663582827, 1.003668349,
1988.684014853, 1.003377420,
1988.704446978, 1.003416083,
1988.724878903, 1.003347986,
1988.765743051, 1.003488532,
1988.786175075, 1.003459161,
1988.806606998, 1.003353435,
1988.827039121, 1.003042123,
1988.908767108, 1.003037812,
1988.929199229, 1.003204263,
1988.949631250, 1.003032142,
1988.970063170, 1.003252377,
1988.990495290, 1.003637061,
1989.010927309, 1.003361670,
1989.031359229, 1.003403988,
1989.051791347, 1.003347176,
1989.072223366, 1.003332064,
1989.092655284, 1.003224891,
1989.113087401, 1.003356455,
1989.133519418, 1.003826205,
1989.153951436, 1.003312104,
1989.174383452, 1.003303754,
1989.194815468, 1.003256280,
1989.215247484, 1.003397375,
1989.235679499, 1.003339231,
1989.256111514, 1.003312453,
1989.276543529, 1.003485828,
1989.296975643, 1.003293758,
1989.317407557, 1.003103934,
1989.378703596, 1.003195612,
1989.399135709, 1.003439740,
1989.419567721, 1.003308820,
1989.439999632, 1.003401005,
1989.460431744, 1.003130907,
1989.480863755, 1.003332036,
1989.501295665, 1.003303706,
1989.521727775, 1.003559913,
1989.542159785, 1.003355250,
1989.562591695, 1.003231627,
1989.583023804, 1.003151867,
1989.603455812, 1.003393518,
1989.623887721, 1.003188906,
1989.644319829, 1.003445248,
1989.664751836, 1.003469804,
1989.685183744, 1.003175917,
1989.705615850, 1.003746254,
1989.726047857, 1.003365422,
1989.746479763, 1.003122614,
1989.766911869, 1.003381331,
1989.787343874, 1.003302681,
1989.807775779, 1.003524583,
1989.869071992, 1.003405433,
1989.889503895, 1.003037405,
1989.909935898, 1.003651396,
1989.930368001, 1.003281180,
1989.950799904, 1.003352431,
1989.971231906, 1.003717132,
1989.991664008, 1.003447059,
1990.012095909, 1.003557374,
1990.032527910, 1.003232587,
1990.052960010, 1.003351392,
1990.073391911, 1.003398855,
1990.093823910, 1.003593695,
1990.114256010, 1.003366978,
1990.134688009, 1.003423359,
1990.155119908, 1.003715372,
1990.175552007, 1.003483401,
1990.195984005, 1.003134656,
1990.216415902, 1.003440585,
1990.236848000, 1.003506651,
1990.257279996, 1.003222409,
1990.277711993, 1.002942557,
1990.359439976, 1.003425366,
1990.379871871, 1.003631767,
1990.400303965, 1.003434044,
1990.441167853, 1.003155993,
1990.461599946, 1.003786271,
1990.482031939, 1.003128174,
1990.502463932, 1.003866848,
1990.522895924, 1.003087721,
1990.543327916, 1.003348936,
1990.604623889, 1.003243624,
1990.625055880, 1.003274661,
1990.645487970, 1.003146817,
1990.665919860, 1.003400189,
1990.686351849, 1.003487434,
1990.706783938, 1.003218513,
1990.727215827, 1.003527086,
1990.747647915, 1.003204710,
1990.768079903, 1.003283819,
1990.788511791, 1.003048632,
1990.849807751, 1.003473216,
1990.870239837, 1.003387586,
1990.890671823, 1.003582771,
1990.911103709, 1.003382172,
1990.931535794, 1.003409634,
1990.951967779, 1.003700970,
1990.972399763, 1.003385790,
1990.992831747, 1.003544899,
1991.013263731, 1.003543973,
1991.033695714, 1.003428314,
1991.054127697, 1.003330698,
1991.074559679, 1.003059195,
1991.094991562, 1.003471369,
1991.115423644, 1.003550811,
1991.135855625, 1.003361866,
1991.156287706, 1.003202832,
1991.176719587, 1.003258541,
1991.197151568, 1.003399203,
1991.217583648, 1.003209524,
1991.238015527, 1.003350774,
1991.258447507, 1.003268749,
1991.278879586, 1.003132174,
1991.340175521, 1.003263450,
1991.360607398, 1.003079284,
1991.381039376, 1.003314985,
1991.401471452, 1.003203380,
1991.421903329, 1.003167901,
1991.442335305, 1.003304326,
1991.462767381, 1.003291209,
1991.483199356, 1.003524698,
1991.503631232, 1.003026938,
1991.524063307, 1.003176817,
1991.544495281, 1.003261991,
1991.564927155, 1.003599816,
1991.585359229, 1.003345139,
1991.605791202, 1.003279713,
1991.626223275, 1.003249761,
1991.646655148, 1.003269997,
1991.667087120, 1.003463714,
1991.687519192, 1.003335508,
1991.707951064, 1.003293347,
1991.728383035, 1.003278858,
1991.748815006, 1.003231634,
1991.769246977, 1.002903473,
1991.789678947, 1.003429613,
1991.810110917, 1.003490951,
1991.830542886, 1.003220332,
1991.850974856, 1.003543811,
1991.871406824, 1.003306510,
1991.891838793, 1.003444208,
1991.912270761, 1.003299266,
1991.932702729, 1.003308134,
1991.953134696, 1.003153071,
1991.973566663, 1.003135895,
1991.993998730, 1.003306559,
1992.014430597, 1.003111472,
1992.075726494, 1.003225767,
1992.096158559, 1.003172420,
1992.116590523, 1.003143569,
1992.137022388, 1.003112471,
1992.157454452, 1.003196004,
1992.177886415, 1.003321220,
1992.198318278, 1.003338509,
1992.218750341, 1.003083835,
1992.239182304, 1.003167626,
1992.259614166, 1.003306634,
1992.300478190, 1.003417667,
1992.320910151, 1.003562011,
1992.341342112, 1.003073353,
1992.361774072, 1.002941901,
1992.382206033, 1.003358247,
1992.402637992, 1.003175712,
1992.423069952, 1.003148697,
1992.443502011, 1.003101215,
1992.463933970, 1.003263861,
1992.484365828, 1.003137065,
1992.504797886, 1.003195484,
1992.525229744, 1.003116615,
1992.545661702, 1.003012261,
1992.566093759, 1.003265528,
1992.586525615, 1.002890095,
1992.606957572, 1.003048236,
1992.647821484, 1.002921346,
1992.668253439, 1.003119175,
1992.688685494, 1.003121204,
1992.709117349, 1.003300863,
1992.729549303, 1.003394917,
1992.749981357, 1.003328534,
1992.811277217, 1.003304886,
1992.831709170, 1.003102079,
1992.852141122, 1.003170766,
1992.872573074, 1.003243822,
1992.893005026, 1.003183849,
1992.913436977, 1.003436331,
1992.933868928, 1.003369199,
1992.954300878, 1.003158280,
1992.995164779, 1.003514991,
1993.015596728, 1.002817489,
1993.036028777, 1.003040568,
1993.056460626, 1.002895091,
1993.076892575, 1.002933331,
1993.097324623, 1.003007323,
1993.117756471, 1.003156233,
1993.138188419, 1.003405473,
1993.158620466, 1.003217704,
1993.179052313, 1.003219580,
1993.199484259, 1.003134506,
1993.219916306, 1.003540369,
1993.240348152, 1.002859886,
1993.301643987, 1.003321288,
1993.322076032, 1.003119631,
1993.342507976, 1.003305924,
1993.362939820, 1.003030727,
1993.383371863, 1.003130429,
1993.403803807, 1.002854879,
1993.424235650, 1.003244637,
1993.444667692, 1.003244897,
1993.465099634, 1.003114775,
1993.485531476, 1.003141088,
1993.546827300, 1.003139928,
1993.567259340, 1.003364855,
1993.587691281, 1.002857477,
1993.608123120, 1.002946569,
1993.648987099, 1.003242957,
1993.669419138, 1.002962081,
1993.689850976, 1.002871623,
1993.710282915, 1.003393190,
1993.730714952, 1.002843478,
1993.751146790, 1.003027129,
1993.771578727, 1.003202102,
1993.792010764, 1.003123724,
1993.832874537, 1.003229105,
1993.853306573, 1.002993539,
1993.873738508, 1.002816521,
1993.894170344, 1.003091520,
1993.914602378, 1.002941027,
1993.935034313, 1.003357865,
1993.955466147, 1.002956274,
1993.975898181, 1.003262622,
1994.037193981, 1.003239466,
1994.057625814, 1.003304241,
1994.078057846, 1.002721944,
1994.098489778, 1.003026828,
1994.118921609, 1.002785508,
1994.139353640, 1.002858688,
1994.159785572, 1.003079614,
1994.180217502, 1.003052039,
1994.200649433, 1.002951484,
1994.221081362, 1.002936241,
1994.282377150, 1.002953758,
1994.302809079, 1.003180363,
1994.323241007, 1.003091602,
1994.343672935, 1.003171747,
1994.364104863, 1.003189153,
1994.384536890, 1.003081019,
1994.404968717, 1.002780361,
1994.425400644, 1.002939150,
1994.445832670, 1.003314843,
1994.466264497, 1.003109358,
1994.486696522, 1.003156660,
1994.507128448, 1.002628036,
1994.527560273, 1.003152068,
1994.547992297, 1.002627813,
1994.568424222, 1.003068909,
1994.588856046, 1.002688697,
1994.609288070, 1.002977171,
1994.629719993, 1.002848982,
1994.650151916, 1.003339707,
1994.670583839, 1.003175067,
1994.691015762, 1.003331065,
1994.711447584, 1.003077454,
1994.772743348, 1.003093810,
1994.793175369, 1.003134068,
1994.813607290, 1.003031999,
1994.834039110, 1.002988112,
1994.854471130, 1.003084063,
1994.874903049, 1.002969005,
1994.895335069, 1.002950744,
1994.915766888, 1.002929758,
1994.936198806, 1.003211891,
1994.956630825, 1.002786961,
1995.017926578, 1.002949336,
1995.038358395, 1.002898613,
1995.058790311, 1.002918539,
1995.079222328, 1.002963709,
1995.099654144, 1.003006588,
1995.120086060, 1.002955874,
1995.140518075, 1.002632043,
1995.160949890, 1.002530038,
1995.181381805, 1.003025030,
1995.201813819, 1.002950201,
1995.263109561, 1.002918424,
1995.283541474, 1.002768171,
1995.303973387, 1.002779518,
1995.324405300, 1.002960145,
1995.344837212, 1.002789242,
1995.365269124, 1.002853591,
1995.385701035, 1.003102156,
1995.406132947, 1.002865749,
1995.426564858, 1.003015445,
1995.446996768, 1.002591366,
1995.467428679, 1.003189178,
1995.487860589, 1.003242140,
1995.508292499, 1.003046320,
1995.528724308, 1.003099776,
1995.549156317, 1.002894402,
1995.569588226, 1.002915056,
1995.590020134, 1.003134425,
1995.610452043, 1.002763374,
1995.630883950, 1.002907369,
1995.651315858, 1.003198363,
1995.671747765, 1.003071236,
1995.692179672, 1.002959434,
1995.753475391, 1.002890155,
1995.773907396, 1.002906741,
1995.794339302, 1.003466629,
1995.814771107, 1.002932008,
1995.835203111, 1.002919500,
1995.855635016, 1.002940889,
1995.876066820, 1.003055750,
1995.896498824, 1.003077624,
1995.916930727, 1.002882221,
1995.937362530, 1.003241521,
1995.998658238, 1.003088649,
1996.019090240, 1.002719075,
1996.039522141, 1.004489430,
1996.059954042, 1.002631908,
1996.080385943, 1.002630863,
1996.100817844, 1.002815883,
1996.121249745, 1.002754912,
1996.141681644, 1.002630015,
1996.162113544, 1.002567161,
1996.182545444, 1.002591692,
1996.202977343, 1.002745048,
1996.223409242, 1.002824102,
1996.243841240, 1.002565396,
1996.264273038, 1.002870667,
1996.284704936, 1.002648098,
1996.305136934, 1.002737173,
1996.325568731, 1.003144004,
1996.346000628, 1.002692408,
1996.366432625, 1.002903012,
1996.386864421, 1.002544065,
1996.407296317, 1.002915629,
1996.427728313, 1.002461474,
1996.489023998, 1.002482260,
1996.509455793, 1.002480874,
1996.529887787, 1.002725800,
1996.550319681, 1.003025149,
1996.570751574, 1.002615039,
1996.591183467, 1.002658274,
1996.611615360, 1.002805359,
1996.632047253, 1.002686870,
1996.652479146, 1.003155571,
1996.672911037, 1.002747607,
1996.734206712, 1.002881351,
1996.754638603, 1.002681201,
1996.775070593, 1.002712708,
1996.795502383, 1.003207466,
1996.815934273, 1.003172285,
1996.836366263, 1.002879992,
1996.856798052, 1.002900550,
1996.877229941, 1.003248184,
1996.897661830, 1.002903836,
1996.918093719, 1.002628273,
1996.979389382, 1.002869386,
1996.999821369, 1.002875293,
1997.020253156, 1.002652667,
1997.040685043, 1.002762207,
1997.061117029, 1.002848162,
1997.101980701, 1.003015245,
1997.122412686, 1.002966062,
1997.142844571, 1.002630615,
1997.163276356, 1.002911542,
1997.224572009, 1.002748381,
1997.245003992, 1.002891858,
1997.265435876, 1.002846433,
1997.285867659, 1.002747800,
1997.306299641, 1.002718650,
1997.326731524, 1.002927483,
1997.347163506, 1.003073496,
1997.367595288, 1.002952391,
1997.388027169, 1.002863783,
1997.408459150, 1.002734326,
1997.428890931, 1.002713105,
1997.449322812, 1.002702791,
1997.469754792, 1.003069680,
1997.490186572, 1.003189863,
1997.510618452, 1.002776051,
1997.531050431, 1.002583239,
1997.551482310, 1.002476821,
1997.571914089, 1.002901080,
1997.592346068, 1.002766903,
1997.612777846, 1.002664103,
1997.633209724, 1.002519969,
1997.653641702, 1.002637931,
1997.714937333, 1.002576591,
1997.735369110, 1.002890965,
1997.755801086, 1.002790850,
1997.776232962, 1.002956381,
1997.796664737, 1.002899636,
1997.817096713, 1.002841735,
1997.837528588, 1.002841415,
1997.857960362, 1.002982107,
1997.878392337, 1.002776413,
1997.898824211, 1.002563918,
1997.960119832, 1.002755521,
1997.980551704, 1.002857487,
1998.000983577, 1.002535726,
1998.021415450, 1.002886525,
1998.041847322, 1.002687463,
1998.062279294, 1.002585865,
1998.082711065, 1.003228333,
1998.103143036, 1.003010599,
1998.123574907, 1.002688817,
1998.144006678, 1.002489728,
1998.164438648, 1.002352939,
1998.184870518, 1.002621903,
1998.205302288, 1.002544201,
1998.225734257, 1.002743394,
1998.246166126, 1.002883706,
1998.266597895, 1.002662819,
1998.287029864, 1.002683706,
1998.307461732, 1.002754628,
1998.348325468, 1.002650552,
1998.368757235, 1.002750618,
1998.389189203, 1.002740494,
1998.450484702, 1.002631979,
1998.470916669, 1.002425288,
1998.491348534, 1.002681032,
1998.511780400, 1.002414681,
1998.532212265, 1.002559742,
1998.552644130, 1.002540560,
1998.573076094, 1.002489990,
1998.593507858, 1.002261337,
1998.613939722, 1.002485797,
1998.634371686, 1.002358974,
1998.716099038, 1.002806650,
1998.736530901, 1.002693186,
1998.756962862, 1.002903865,
1998.777394624, 1.002868977,
1998.797826486, 1.002465103,
1998.818258447, 1.002898813,
1998.838690208, 1.002529319,
1998.859122068, 1.002777192,
1998.879554029, 1.004047992,
1998.899985889, 1.002846070,
1998.920417748, 1.002982903,
1998.940849608, 1.002737923,
1998.961281467, 1.002411168,
1998.981713326, 1.003462794,
1999.002145185, 1.003336015,
1999.022577043, 1.003034486,
1999.043009001, 1.002487704,
1999.063440759, 1.002432307,
1999.083872616, 1.002667089,
1999.104304473, 1.002802398,
1999.124736330, 1.003006981,
1999.186031899, 1.002712569,
1999.206463655, 1.002704766,
1999.226895610, 1.002522621,
1999.247327466, 1.002733618,
1999.267759421, 1.002488370,
1999.288191175, 1.002560441,
1999.308623030, 1.002445211,
1999.329054984, 1.002567060,
1999.349486738, 1.002868673,
1999.369918591, 1.002486862,
1999.390350544, 1.002664796,
1999.410782397, 1.002716503,
1999.431214150, 1.002611148,
1999.451646103, 1.002636023,
1999.472077955, 1.002674734,
1999.492509707, 1.002787683,
1999.512941658, 1.002649146,
1999.533373510, 1.002534427,
1999.553805261, 1.002802578,
1999.574237211, 1.002841852,
1999.594669062, 1.002642688,
1999.615100812, 1.002522921,
1999.676396561, 1.003183237,
1999.696828310, 1.002830428,
1999.717260159, 1.002357667,
1999.737692107, 1.002461408,
1999.758123856, 1.002776832,
1999.778555704, 1.004400825,
1999.798987652, 1.002544766,
1999.819419399, 1.002740145,
1999.839851246, 1.002621151,
1999.860283093, 1.002436888,
1999.921578632, 1.002541424,
1999.942010478, 1.002894219,
1999.962442323, 1.003367372,
1999.982874269, 1.002663996,
2000.003306014, 1.002686737,
2000.023737958, 1.002614489,
2000.044169803, 1.002471325,
2000.064601547, 1.002585386,
2000.085033491, 1.002606586,
2000.105465335, 1.002669666,
2000.125897078, 1.002367650,
2000.146329021, 1.002491826,
2000.166760864, 1.002300363,
2000.187192606, 1.002327395,
2000.207624549, 1.002606344,
2000.228056391, 1.002324824,
2000.248488233, 1.002569070,
2000.268920074, 1.002633712,
2000.289351915, 1.002528145,
2000.309783756, 1.002396377,
2000.330215597, 1.002501452,
2000.350647437, 1.002574946,
2000.411942957, 1.002799737,
2000.432374896, 1.002468037,
2000.452806735, 1.002556346,
2000.473238474, 1.002484722,
2000.493670412, 1.002152576,
2000.514102250, 1.002440342,
2000.534533988, 1.002611300,
2000.554965926, 1.002585501,
2000.575397764, 1.002266259,
2000.595829501, 1.002695090,
2000.636693174, 1.002786402,
2000.657125011, 1.002717413,
2000.677556947, 1.002527979,
2000.697988683, 1.002441162,
2000.718420518, 1.002870520,
2000.738852453, 1.002456015,
2000.759284188, 1.002950838,
2000.779716123, 1.002588400,
2000.800147958, 1.002574546,
2000.820579792, 1.002614639,
2000.841011626, 1.002508172,
2000.861443460, 1.002772008,
2000.881875293, 1.002633888,
2000.902307126, 1.002449437,
2000.922738959, 1.003106731,
2000.963602724, 1.002543563,
2000.984034456, 1.002529900,
2001.004466288, 1.002235706,
2001.024898220, 1.002648190,
2001.045329951, 1.002686995,
2001.065761782, 1.002734478,
2001.086193713, 1.002984830,
2001.147489204, 1.002425889,
2001.167920933, 1.002731561,
2001.188352863, 1.002342169,
2001.208784692, 1.002445081,
2001.229216521, 1.002628991,
2001.249648350, 1.002624665,
2001.270080078, 1.002818566,
2001.290512007, 1.003547798,
2001.310943834, 1.002574941,
2001.331375662, 1.002533179,
2001.351807389, 1.002679048,
2001.372239317, 1.002475426,
2001.392671144, 1.002594958,
2001.413102870, 1.002878958,
2001.433534796, 1.002493045,
2001.453966623, 1.002418887,
2001.474398349, 1.002526041,
2001.494830274, 1.002339941,
2001.515262099, 1.002421902,
2001.535694024, 1.002339013,
2001.556125749, 1.002197511,
2001.576557574, 1.002135276,
2001.637853046, 1.002539713,
2001.658284969, 1.002419336,
2001.678716693, 1.002359820,
2001.699148516, 1.002400590,
2001.719580439, 1.002219371,
2001.740012161, 1.002322108,
2001.760443983, 1.002498868,
2001.780875905, 1.002447233,
2001.801307727, 1.002242412,
2001.821739449, 1.002190693,
2001.842171370, 1.002209625,
2001.862603191, 1.002666343,
2001.883035111, 1.002523170,
2001.903466832, 1.002188068,
2001.923898652, 1.002344225,
2001.944330572, 1.002289548,
2001.964762292, 1.002149940,
2001.985194111, 1.002546767,
2002.005625930, 1.002449273,
2002.026057749, 1.002359684,
2002.046489568, 1.002361204,
2002.066921386, 1.002369576,
2002.128216840, 1.002478191,
2002.148648658, 1.002252863,
2002.169080475, 1.002154386,
2002.189512292, 1.002274004,
2002.209944108, 1.002408900,
2002.230376025, 1.002407712,
2002.250807741, 1.002521383,
2002.271239557, 1.002005961,
2002.291671472, 1.002451766,
2002.312103288, 1.002450839,
2002.332535003, 1.002160000,
2002.352966918, 1.002342432,
2002.373398732, 1.002436717,
2002.393830447, 1.002612334,
2002.414262361, 1.002310564,
2002.434694175, 1.002277732,
2002.455125889, 1.002169151,
2002.475557802, 1.002216976,
2002.495989615, 1.002186005,
2002.516421328, 1.002156132,
2002.536853241, 1.002251334,
2002.557285053, 1.002280296,
2002.639012400, 1.002648676,
2002.659444111, 1.002361618,
2002.679875922, 1.002301277,
2002.700307833, 1.002421725,
2002.720739543, 1.002246124,
2002.741171354, 1.002334680,
2002.761603164, 1.002091364,
2002.782034973, 1.002101607,
2002.802466783, 1.002094274,
2002.822898692, 1.002520505,
2002.843330401, 1.002161499,
2002.863762209, 1.002422171,
2002.884194118, 1.002149610,
2002.904625826, 1.002386474,
2002.925057634, 1.002320636,
2002.945489542, 1.002431761,
2002.965921249, 1.002394868,
2002.986353157, 1.001889084,
2003.006784964, 1.001977967,
2003.027216670, 1.002634885,
2003.108943995, 1.002037367,
2003.129375800, 1.001999600,
2003.149807606, 1.002035583,
2003.170239411, 1.002312001,
2003.190671216, 1.002065631,
2003.211103020, 1.002086867,
2003.231534824, 1.001797136,
2003.251966629, 1.001943929,
2003.272398432, 1.001800170,
2003.292830336, 1.002008776,
2003.313262039, 1.002456504,
2003.333693942, 1.002383369,
2003.354125745, 1.002240409,
2003.374557448, 1.002125844,
2003.394989350, 1.001922320,
2003.415421153, 1.002043988,
2003.435852854, 1.002034592,
2003.456284756, 1.002109167,
2003.476716457, 1.002263148,
2003.497148259, 1.002131918,
2003.517580160, 1.002255859,
2003.538011860, 1.002234497,
2003.599307261, 1.001955795,
2003.619739061, 1.001804970,
2003.640170960, 1.002136792,
2003.660602760, 1.002261904,
2003.681034559, 1.002025975,
2003.701466357, 1.002096152,
2003.721898156, 1.002044377,
2003.742329954, 1.002056176,
2003.762761753, 1.002082226,
2003.783193550, 1.002101103,
2003.803625448, 1.002082417,
2003.824057145, 1.001928877,
2003.844488942, 1.002218492,
2003.864920839, 1.002196662,
2003.885352536, 1.002113932,
2003.905784332, 1.002035078,
2003.926216229, 1.001957369,
2003.946647925, 1.002092576,
2003.967079720, 1.002076537,
2003.987511616, 1.002158961,
2004.007943311, 1.002041041,
2004.028375206, 1.002628097,
2004.089670590, 1.001726955,
2004.110102384, 1.002029094,
2004.130534178, 1.001926166,
2004.150965971, 1.002036025,
2004.171397765, 1.002525764,
2004.191829558, 1.001662821,
2004.212261351, 1.002235661,
2004.232693144, 1.002265885,
2004.253124836, 1.002355891,
2004.273556728, 1.002316017,
2004.293988520, 1.001884147,
2004.314420212, 1.001998925,
2004.334852104, 1.002078843,
2004.355283895, 1.001916228,
2004.375715786, 1.001970629,
2004.396147477, 1.002163870,
2004.416579268, 1.002078738,
2004.437011158, 1.001832565,
2004.457442848, 1.002029797,
2004.477874638, 1.002360071,
2004.498306528, 1.002246310,
2004.518738217, 1.002660576,
2004.580033584, 1.002332616,
2004.600465373, 1.002126243,
2004.620897261, 1.001993417,
2004.641329049, 1.002215422,
2004.661760737, 1.002054607,
2004.682192625, 1.001871478,
2004.702624412, 1.001815868,
2004.723056199, 1.002044073,
2004.743487986, 1.002213912,
2004.763919773, 1.002254046,
2004.825215132, 1.002147927,
2004.845646918, 1.002099551,
2004.866078703, 1.001932051,
2004.886510489, 1.001884164,
2004.906942274, 1.002090351,
2004.927374059, 1.001973209,
2004.947805843, 1.002178168,
2004.968237628, 1.001876431,
2004.988669412, 1.002091296,
2005.009101196, 1.002077807,
2005.029532980, 1.002137859,
2005.049964764, 1.002214028,
2005.070396647, 1.002033399,
2005.090828330, 1.001877088,
2005.111260113, 1.002388800,
2005.131691996, 1.002207670,
2005.152123778, 1.002262836,
2005.172555460, 1.002067786,
2005.192987342, 1.001961294,
2005.213419124, 1.001929899,
2005.233850806, 1.002061699,
2005.254282687, 1.001930509,
2005.295146149, 1.001769774,
2005.315578030, 1.002126515,
2005.336009810, 1.002005390,
2005.356441490, 1.001998490,
2005.376873370, 1.001892258,
2005.397305150, 1.002053346,
2005.417737030, 1.002097907,
2005.438168709, 1.001912479,
2005.458600488, 1.002017316,
2005.479032367, 1.001917653,
2005.499464046, 1.001838547,
2005.519895824, 1.001988298,
2005.540327703, 1.001977509,
2005.560759381, 1.001893234,
2005.581191158, 1.002012068,
2005.601623036, 1.002056301,
2005.622054713, 1.002068915,
2005.642486491, 1.001821395,
2005.662918268, 1.002089524,
2005.683350044, 1.001905425,
2005.703781821, 1.002155677,
2005.724213697, 1.002130966,
2005.805940700, 1.001862905,
2005.826372575, 1.001947400,
2005.846804350, 1.001895972,
2005.867236025, 1.001586032,
2005.887667900, 1.001937716,
2005.908099674, 1.001696294,
2005.928531348, 1.001840757,
2005.948963222, 1.001793939,
2005.969394995, 1.001769623,
2005.989826769, 1.002003719,
2006.010258542, 1.001878964,
2006.030690315, 1.001736599,
2006.051122088, 1.001744134,
2006.071553861, 1.001821182,
2006.091985633, 1.002107245,
2006.112417505, 1.001758489,
2006.132849177, 1.001661483,
2006.153280949, 1.001991768,
2006.173712821, 1.001368938,
2006.194144592, 1.001785206,
2006.214576263, 1.001775834,
2006.235008134, 1.001772229,
2006.255439905, 1.001790840,
2006.275871575, 1.001667098,
2006.296303445, 1.001834280,
2006.316735215, 1.001667037,
2006.337166885, 1.001810191,
2006.357598755, 1.002162109,
2006.378030424, 1.001794004,
2006.398462194, 1.001656308,
2006.418894063, 1.002012747,
2006.439325731, 1.001778447,
2006.459757600, 1.001747594,
2006.480189368, 1.002210252,
2006.541484672, 1.001638658,
2006.561916440, 1.001772738,
2006.582348207, 1.001470057,
2006.602779974, 1.001976790,
2006.623211741, 1.001650946,
2006.643643608, 1.001725486,
2006.664075274, 1.001923553,
2006.684507041, 1.001713502,
2006.704938907, 1.002034486,
2006.725370573, 1.001865311,
2006.745802338, 1.001761032,
2006.766234204, 1.001805135,
2006.786665869, 1.001950156,
2006.807097734, 1.001534941,
2006.827529499, 1.001635123,
2006.847961163, 1.001826164,
2006.868393028, 1.001750363,
2006.888824792, 1.002045151,
2006.909256456, 1.001945276,
2006.929688320, 1.002057589,
2006.950120083, 1.001946756,
2006.970551747, 1.001792201,
2007.031847136, 1.001847064,
2007.052278898, 1.002023193,
2007.072710660, 1.001874636,
2007.093142423, 1.002014850,
2007.113574184, 1.001779387,
2007.134005946, 1.001556565,
2007.154437708, 1.001802885,
2007.174869469, 1.001583950,
2007.195301230, 1.001674609,
2007.215733091, 1.001831150,
2007.236164752, 1.001807152,
2007.256596512, 1.001557254,
2007.277028373, 1.001696068,
2007.297460033, 1.001933503,
2007.317891793, 1.001733918,
2007.338323653, 1.001557935,
2007.358755312, 1.001631425,
2007.379187071, 1.001626814,
2007.399618931, 1.001971740,
2007.420050589, 1.001898421,
2007.440482448, 1.001866627,
2007.460914207, 1.001593466,
2007.522209481, 1.002813142,
2007.542641239, 1.001663908,
2007.563072996, 1.001828241,
2007.583504754, 1.001893050,
2007.603936511, 1.001900087,
2007.624368368, 1.001668558,
2007.644800024, 1.001838388,
2007.685663637, 1.001618197,
2007.706095293, 1.001533924,
2007.726527049, 1.001970083,
2007.746958805, 1.001730659,
2007.767390560, 1.001776746,
2007.787822416, 1.001861305,
2007.808254171, 1.001715589,
2007.828685826, 1.001458903,
2007.849117681, 1.001782492,
2007.869549335, 1.001715878,
2007.889981089, 1.002252070,
2007.910412943, 1.011381559,
2007.930844598, 1.001869736,
2007.951276351, 1.001634161,
2007.971708205, 1.001588197,
2007.992139858, 1.001492771,
2008.012571611, 1.001825949,
2008.033003464, 1.001847641,
2008.053435217, 1.001746458,
2008.073866870, 1.001744228,
2008.094298722, 1.001550957,
2008.114730474, 1.001760040,
2008.135162226, 1.002052538,
2008.155593978, 1.001567955,
2008.176025730, 1.001900888,
2008.196457581, 1.001782440,
2008.257752834, 1.001840697,
2008.278184485, 1.001927936,
2008.298616235, 1.001519444,
2008.319048085, 1.001960757,
2008.339479736, 1.001752176,
2008.359911486, 1.001534182,
2008.380343335, 1.001380747,
2008.400774985, 1.001541688,
2008.421206734, 1.001700131,
2008.441638583, 1.001739845,
2008.523365578, 1.001517811,
2008.543797326, 1.001798792,
2008.564229074, 1.001648507,
2008.584660722, 1.001803999,
2008.605092569, 1.001579284,
2008.625524316, 1.001600641,
2008.645955964, 1.001493096,
2008.666387811, 1.001763127,
2008.686819558, 1.001806145,
2008.707251204, 1.001718282,
2008.727683051, 1.001400559,
2008.748114797, 1.001815289,
2008.768546643, 1.002040051,
2008.788978289, 1.001645102,
2008.809410035, 1.001478416,
2008.829841880, 1.001695211,
2008.850273526, 1.001383844,
2008.870705271, 1.001622006,
2008.891137116, 1.001725245,
2008.911568761, 1.001664418,
2008.932000505, 1.001735432,
2008.952432349, 1.001458694,
2008.972863994, 1.001133079,
2008.993295738, 1.001556184,
2009.013727582, 1.001523126,
2009.034159325, 1.001658843,
2009.054590969, 1.001657176,
2009.075022812, 1.001934477,
2009.095454555, 1.001416873,
2009.115886298, 1.001268063,
2009.136318041, 1.001684056,
2009.156749783, 1.001690354,
2009.177181626, 1.001289439,
2009.238476752, 1.001413425,
2009.258908493, 1.001750617,
2009.279340135, 1.001323406,
2009.299771976, 1.001605357,
2009.320203717, 1.001728265,
2009.340635358, 1.001667502,
2009.361067199, 1.001256745,
2009.381498939, 1.001539600,
2009.401930780, 1.001531746,
2009.422362420, 1.001555105,
2009.442794160, 1.001774600,
2009.463226000, 1.001539015,
2009.483657639, 1.001279340,
2009.504089379, 1.001592421,
2009.524521218, 1.001241443,
2009.544952957, 1.001513835,
2009.565384596, 1.001461962,
2009.585816435, 1.001366300,
2009.606248174, 1.001363769,
2009.626679812, 1.001541690,
2009.647111650, 1.001277206,
2009.667543388, 1.001261304,
2009.687975026, 1.001478148,
2009.708406864, 1.001647748,
2009.728838601, 1.001531702,
2009.749270438, 1.001549204,
2009.769702075, 1.001611457,
2009.790133813, 1.001427555,
2009.810565649, 1.001203239,
2009.830997286, 1.001454854,
2009.851429022, 1.001553711,
2009.871860758, 1.001245657,
2009.892292495, 1.001449171,
2009.912724230, 1.001587822,
2009.974019437, 1.001444140,
2009.994451172, 1.001227039,
2010.014882907, 1.001425449,
2010.035314642, 1.001254668,
2010.055746377, 1.001764457,
2010.076178111, 1.001650544,
2010.096609946, 1.001242671,
2010.117041680, 1.001343653,
2010.137473314, 1.001727970,
2010.157905147, 1.001512153,
2010.178336881, 1.001327151,
2010.198768514, 1.003447208,
2010.219200348, 1.001043606,
2010.239632081, 1.001495250,
2010.260063714, 1.001325150,
2010.280495547, 1.001201941,
2010.300927279, 1.001146633,
2010.321358912, 1.001326654,
2010.341790744, 1.001289362,
2010.382654308, 1.001365631,
2010.403085940, 1.001059826,
2010.464381133, 1.001253469,
2010.484812865, 1.001321326,
2010.505244695, 1.001319154,
2010.525676426, 1.001383061,
2010.546108057, 1.001506143,
2010.566539887, 1.001488519,
2010.586971617, 1.001381747,
2010.607403247, 1.001414026,
2010.627835077, 1.001029595,
2010.648266807, 1.001736952,
2010.668698436, 1.001702222,
2010.689130266, 1.001284706,
2010.709561895, 1.001612889,
2010.729993724, 1.001555219,
2010.750425453, 1.001577497,
2010.770857081, 1.001262138,
2010.791288910, 1.001399808,
2010.811720638, 1.001152134,
2010.832152266, 1.001576060,
2010.852584094, 1.001542041,
2010.873015822, 1.001195099,
2010.893447450, 1.001245203,
2010.913879277, 1.001606136,
2010.934311005, 1.001413702,
2010.954742732, 1.001524703,
2010.975174459, 1.001156635,
2010.995606186, 1.001105447,
2011.016038012, 1.001429717,
2011.036469739, 1.001351331,
2011.056901365, 1.001449757,
2011.077333191, 1.001379081,
2011.097764917, 1.001622269,
2011.118196543, 1.001397881,
2011.138628369, 1.001307508,
2011.179491720, 1.000995724,
2011.199923545, 1.001489772,
2011.220355270, 1.001174154,
2011.240786895, 1.001131395,
2011.261218719, 1.001410765,
2011.281650444, 1.001284828,
2011.302082068, 1.001269957,
2011.322513893, 1.001422415,
2011.342945616, 1.001300279,
2011.363377340, 1.000943990,
2011.383809064, 1.000636297,
2011.445104234, 1.001355605,
2011.465535957, 1.001127774,
2011.485967680, 1.001176469,
2011.506399403, 1.001237725,
2011.526831126, 1.001349758,
2011.547262948, 1.001326111,
2011.567694570, 1.000978777,
2011.588126292, 1.001349823,
2011.608558114, 1.001331178,
2011.628989736, 1.001113579,
2011.649421558, 1.001211935,
2011.669853279, 1.001393751,
2011.690284901, 1.001264365,
2011.710716722, 1.001138938,
2011.731148443, 1.001060198,
2011.751580064, 1.001121964,
2011.772011884, 1.000839399,
2011.792443605, 1.000822548,
2011.812875225, 1.001285062,
2011.833307046, 1.001105177,
2011.853738765, 1.001216645,
2011.874170485, 1.001076493,
2011.894602205, 1.000887000,
2011.915033925, 1.001192873,
2011.935465744, 1.000727491,
2011.976329082, 1.001160714,
2011.996760901, 1.000852317,
2012.017192620, 1.001012643,
2012.037624239, 1.001240190,
2012.058056057, 1.000900366,
2012.078487676, 1.001055395,
2012.098919394, 1.001028380,
2012.119351212, 1.000913571,
2012.139782830, 1.000806531,
2012.160214548, 1.000926328,
2012.180646365, 1.001208571,
2012.201077983, 1.000946771,
2012.221509700, 1.001143117,
2012.241941517, 1.001035097,
2012.262373134, 1.000918693,
2012.282804951, 1.000883143,
2012.303236667, 1.000765500,
2012.323668284, 1.000768229,
2012.344100100, 1.000982406,
2012.364531816, 1.001008014,
2012.425826964, 1.001386212,
2012.446258680, 1.001287091,
2012.466690395, 1.001121443,
2012.487122110, 1.001099532,
2012.507553826, 1.001137602,
2012.527985540, 1.001205927,
2012.548417255, 1.001463850,
2012.568849070, 1.001215258,
2012.589280785, 1.001364647,
2012.609712399, 1.000812584,
2012.630144213, 1.000889114,
2012.650575927, 1.000582206,
2012.671007541, 1.000983324,
2012.691439355, 1.000929214,
2012.711871069, 1.001071489,
2012.732302682, 1.001098658,
2012.752734495, 1.000909815,
2012.773166209, 1.001129738,
2012.793597822, 1.001129429,
2012.814029635, 1.000639886,
2012.834461347, 1.000805184,
2012.854893060, 1.000958606,
2012.916188197, 1.000944889,
2012.936619909, 1.001153945,
2012.957051621, 1.000907921,
2012.977483333, 1.000892042,
2012.997915044, 1.000861393,
2013.018346756, 1.000949971,
2013.038778467, 1.000766699,
2013.059210178, 1.000845603,
2013.079641889, 1.000915874,
2013.100073700, 1.001164210,
2013.120505311, 1.001109633,
2013.140937121, 1.001138987,
2013.161368831, 1.000584580,
2013.181800442, 1.000681214,
2013.202232252, 1.001041000,
2013.222663962, 1.000935598,
2013.243095572, 1.001051376,
2013.263527382, 1.000792664,
2013.283959091, 1.000915089,
2013.304390700, 1.000905237,
2013.324822510, 1.000624343,
2013.345254219, 1.000799977,
2013.365685828, 1.000995373,
2013.386117637, 1.000760795,
2013.406549345, 1.001006325,
2013.426981054, 1.000844627,
2013.447412762, 1.000913160,
2013.467844471, 1.001027293,
2013.488276179, 1.000519206,
2013.508707887, 1.001200933,
2013.529139595, 1.000623894,
2013.549571302, 1.001184001,
2013.570003010, 1.001171152,
2013.590434718, 1.000935681,
2013.610866525, 1.000756916,
2013.631298132, 1.000805726,
2013.651729839, 1.000870573,
2013.672161646, 1.000801577,
2013.692593253, 1.000852132,
2013.713024959, 1.001019462,
2013.733456766, 1.000714335,
2013.753888372, 1.000603326,
2013.774320178, 1.000373766,
2013.794751884, 1.000822578,
2013.815183490, 1.000753246,
2013.835615296, 1.000625916,
2013.896910412, 1.000840905,
2013.917342118, 1.000679230,
2013.937773823, 1.000524547,
2013.958205528, 1.000731915,
2013.978637233, 1.001040151,
2013.999068937, 1.000797899,
2014.019500642, 1.000547962,
2014.039932346, 1.000958786,
2014.060364151, 1.000654176,
2014.080795855, 1.000631022,
2014.101227459, 1.000634518,
2014.121659263, 1.000748629,
2014.142090967, 1.000762430,
2014.162522570, 1.000630565,
2014.182954373, 1.000699886,
2014.203386077, 1.000438111,
2014.223817680, 1.000549412,
2014.244249483, 1.000743116,
2014.264681086, 1.000328971,
2014.285112789, 1.000875274,
2014.305544592, 1.000677256,
2014.325976194, 1.000576717,
2014.346407997, 1.000051944,
2014.366839699, 1.000705809,
2014.387271301, 1.000852150,
2014.407703103, 1.000411566,
2014.428134805, 1.000572568,
2014.448566507, 1.000441830,
2014.468998208, 1.000562444,
2014.489429910, 1.000647084,
2014.509861611, 1.000577669,
2014.530293312, 1.000285131,
2014.550725013, 1.000232924,
2014.571156714, 1.000529965,
2014.591588515, 1.000137063,
2014.612020116, 1.000192543,
2014.632451917, 1.000290423,
2014.652883617, 1.000403508,
2014.673315217, 1.000498043,
2014.693747018, 1.000331747,
2014.714178718, 1.000511702,
2014.734610318, 1.000256383,
2014.755042117, 1.000291156,
2014.775473817, 1.000050758,
2014.795905417, 1.000399363,
2014.816337216, 1.000240530,
2014.877632314, 1.000861437,
2014.898064013, 1.000983749,
2014.918495711, 1.000453961,
2014.938927410, 1.000683778,
2014.959359109, 1.000121909,
2014.979790807, 1.000443398,
2017.860659722, 0.998792071,
2017.881091505, 0.998739095,
2017.901523087, 0.998734576,
2017.921954770, 0.999086425,
2017.942386552, 0.998997331,
2017.962818134, 0.999128180,
2017.983249817, 0.998724292,
2018.003681599, 0.998560766,
2018.024113181, 0.998321465,
2018.044544862, 0.998726044,
2018.064976644, 0.998913577,
2018.085408226, 0.998729729,
2018.105840008, 0.998792756,
2018.126271689, 0.998708426,
2018.146703370, 0.998934359,
2018.167135052, 0.998761281,
2018.187566733, 0.998622459,
2018.207998414, 0.998617770,
2018.248861776, 0.998727902,
2018.269293457, 0.998658916,
2018.289725238, 0.998973626,
2018.310156818, 0.999077179,
2018.330588499, 0.999083272,
2018.351020279, 0.998692625,
2018.371451860, 0.998738302,
2018.391883640, 0.999115434,
2018.412315320, 0.998740732,
2018.432746900, 0.998954501,
2018.453178680, 0.998728752,
2018.473610360, 0.998976978,
2018.494041940, 0.998871218,
2018.514473720, 0.998783746,
2018.534905299, 0.998541061,
2018.555336979, 0.998695053,
2018.575768758, 0.998990785,
2018.596200338, 0.999102986,
2018.616632117, 0.998788933,
2018.637063796, 0.998194068,
2018.657495475, 0.998828823,
2018.677927154, 0.998788543,
2018.698358833, 0.998098197,
2018.718790512, 0.997696728,
2018.739222191, 0.997931063,
2018.820948905, 0.998812502,
2018.841380684, 0.998901178,
2018.861812362, 0.998772497,
2018.882243940, 0.998875792,
2018.902675718, 0.998851935,
2018.923107396, 0.999061582,
2018.943538974, 0.998732271,
2018.963970752, 0.998685150,
2018.984402429, 0.998886176,
2019.004834007, 0.998582684,
2019.025265785, 0.998660857,
2019.045697462, 0.998808261,
2019.066129039, 0.998615447,
2019.086560817, 0.998543471,
2019.106992494, 0.998742813,
2019.127424171, 0.998949795,
2019.147855848, 0.998890498,
2019.168287525, 0.998735310,
2019.188719202, 0.999060201,
2019.209150879, 0.998970803,
2019.229582555, 0.998616178,
2019.250014232, 0.998906695,
2019.270445909, 0.999049819,
2019.290877585, 0.998459398,
2019.311309261, 0.998722534,
2019.331740938, 0.998816928,
2019.352172714, 0.998559499,
2019.372604390, 0.998830868,
2019.393035966, 0.998478515,
2019.413467742, 0.998840752,
2019.433899418, 0.998563543,
2019.454330994, 0.998968161,
2019.474762770, 0.998877393,
2019.495194445, 0.998850365,
2019.515626021, 0.998945591,
2019.536057796, 0.998725546,
2019.556489472, 0.998705710,
2019.576921047, 0.999161460,
2019.597352822, 0.998986687,
2019.617784497, 0.998921061,
2019.638216273, 0.998631028,
2019.658647848, 0.998793220,
2019.679079523, 0.998891785,
2019.699511297, 0.998858347,
2019.719942872, 0.998896881,
2019.781237996, 0.998587671,
2019.801669571, 0.998562913,
2019.822101345, 0.998699540,
2019.842533019, 0.998722494,
2019.862964693, 0.998510154,
2019.883396368, 0.998750862,
2019.903827942, 0.998541148,
2019.924259716, 0.998627481,
2019.944691390, 0.998640352,
2019.965122964, 0.998631449,
2019.985554737, 0.998777540,
2020.005986411, 0.998825547,
2020.026417985, 0.998717639,
2020.046849758, 0.998666055,
2020.067281432, 0.998726400,
2020.087713005, 0.998881612,
2020.108144778, 0.998896329,
2020.128576452, 0.998659476,
2020.149008225, 0.998581238,
2020.169439798, 0.998984482,
2020.189871471, 0.998936708,
2020.210303244, 0.998345213,
2020.230734817, 0.998655315,
2020.251166490, 0.998629438,
2020.271598263, 0.999002729,
2020.292029935, 0.998546290,
2020.312461508, 0.998656881,
2020.332893280, 0.998638463,
2020.353324953, 0.998910742,
2020.373756625, 0.998310367,
2020.394188297, 0.998852155,
2020.414619970, 0.998615265,
2020.435051742, 0.998678044,
2020.455483314, 0.998391924,
2020.475914986, 0.998668729,
2020.496346658, 0.998421859,
2020.516778330, 0.998596640,
2020.537210002, 0.998915193,
2020.557641673, 0.998658906,
2020.578073345, 0.998728404,
2020.598505017, 0.999084324,
2020.618936688, 0.998722897,
2020.639368360, 0.998883347,
2020.659800131, 0.998422980,
2020.680231703, 0.998338369,
2020.700663374, 0.998352575,
2020.721095145, 0.998659633,
2020.741526716, 0.998703653,
2020.761958387, 0.998523883,
2020.782390158, 0.998825519,
2020.802821829, 0.998644435,
2020.823253400, 0.998698896,
2020.843685171, 0.998865897,
2020.864116842, 0.998736395,
2020.884548512, 0.998814186,
2020.904980183, 0.999074277,
2020.925411854, 0.999082501,
2020.945843524, 0.999274033,
2020.966275194, 0.998594164,
2020.986706865, 0.998549808,
2021.007138635, 0.998687822,
2021.027570205, 0.998741255,
2021.048001875, 0.998512848,
2021.068433646, 0.998493167,
2021.088865215, 0.998433442,
2021.109296885, 0.998835295,
2021.129728655, 0.998642521,
2021.150160225, 0.998893763,
2021.170591995, 0.998534952,
2021.191023665, 0.998953868,
2021.211455234, 0.998597151,
2021.231887004, 0.998747951,
2021.252318673, 0.998737556,
2021.272750243, 0.998724524,
2021.293182012, 0.998486809,
2021.313613582, 0.998693857,
2021.334045251, 0.998646319,
2021.354477020, 0.999008496,
2021.374908689, 0.998680572,
2021.395340358, 0.998480660,
2021.415772027, 0.998681111,
2021.436203696, 0.998296124,
2021.456635365, 0.998776615,
2021.477067034, 0.998660971,
2021.497498703, 0.998898040,
2021.538362040, 0.998835089,
2021.558793709, 0.998784597,
2021.579225477, 0.998641811,
2021.599657046, 0.998703917,
2021.620088814, 0.998753119,
2021.640520483, 0.998649167,
2021.660952051, 0.998663608,
2021.681383819, 0.998475415,
2021.722247055, 0.998943292,
2021.742678823, 0.998810599,
2021.763110492, 0.998519429,
2021.783542060, 0.998657987,
2021.803973827, 0.998387388,
2021.824405495, 0.998744480,
2021.844837163, 0.998485478,
2021.865268831, 0.998381389,
2021.885700498, 0.998671173,
2021.906132166, 0.998102293,
2021.926563834, 0.998649093,
2021.946995501, 0.997990240,
2021.967427169, 0.998163681,
2021.987858836, 0.998530936,
2022.008290503, 0.998249424,
2022.028722271, 0.998532763,
2022.049153838, 0.998616101,
2022.069585505, 0.998079681,
2022.090017272, 0.998604967,
2022.110448839, 0.998550404,
2022.130880606, 0.998274860,
2022.151312273, 0.998314672,
2022.171743840, 0.998480926,
2022.192175607, 0.998528516,
2022.233038841, 0.998197991,
2022.253470607, 0.998662751,
2022.273902274, 0.998305268,
2022.294333841, 0.998387286,
2022.314765607, 0.998467164,
2022.335197274, 0.998634546,
2022.355629040, 0.998356259,
2022.376060606, 0.998200943,
2022.396492273, 0.998510452,
2022.416924039, 0.998217722,
2022.478219038, 0.998147290,
2022.498650704, 0.998492513,
2022.519082270, 0.998199641,
2022.539514036, 0.998743610,
2022.559945702, 0.998373435,
2022.580377268, 0.998550895,
2022.600809033, 0.999003015,
2022.621240699, 0.998332644,
2022.641672365, 0.998172264,
2022.662104031, 0.998282876,
2022.682535596, 0.998070663,
2022.702967362, 0.998352123,
2022.723399027, 0.998356469,
2022.743830593, 0.998237098,
2022.764262358, 0.998554325,
2022.784694024, 0.998285495,
2022.805125589, 0.998219990,
2022.825557355, 0.998245429,
2022.845989020, 0.998358924,
2022.866420785, 0.998386158,
2022.886852350, 0.998447744,
2022.907284015, 0.998227838,
2022.927715780, 0.998414983,
2022.948147346, 0.998549452,
2022.968579011, 0.998316595,
2022.989010775, 0.998538638,
2023.009442440, 0.998574983,
2023.029874005, 0.998410348,
2023.050305770, 0.998456909,
2023.070737435, 0.998429756,
2023.091169100, 0.998665134,
2023.111600764, 0.998399537,
2023.132032429, 0.998287713,
2023.152464193, 0.998173653,
2023.193327423, 0.998130749,
2023.213759187, 0.998136751,
2023.234190752, 0.998337835,
2023.254622416, 0.998085509,
2023.275054180, 0.998462171,
2023.295485744, 0.998202754,
2023.315917409, 0.998024803,
2023.336349173, 0.998315851,
2023.356780737, 0.998135309,
2023.377212501, 0.997954540,
2023.397644065, 0.998140775,
2023.438507494, 0.998218099,
2023.458939058, 0.998224687,
2023.479370721, 0.998285874,
2023.499802485, 0.997911528,
2023.540665713, 0.997963822,
2023.561097477, 0.998012827,
2023.581529141, 0.998415821,
2023.601960805, 0.998163864,
2023.622392468, 0.998183103,
2023.642824132, 0.998036496,
2023.724550886, 0.997936443,
2023.744982449, 0.998183682,
2023.765414113, 0.997877098,
2023.785845876, 0.997971859,
2023.806277439, 0.997928660,
2023.826709203, 0.998192741,
2023.847140866, 0.998345698,
2023.867572429, 0.998160690,
2023.888004192, 0.997942038,
2023.908435856, 0.998082088,
2023.928867419, 0.998008383,
2023.949299182, 0.998182367,
2023.969730845, 0.997973225,
2023.990162508, 0.997711750,
2024.010594171, 0.997952264,
2024.031025834, 0.997762038,
2024.051457497, 0.998068582,
2024.071889159, 0.998159310,
2024.092320822, 0.998116357,
2024.112752485, 0.997720445,
2024.133184148, 0.998238013,
2024.174047473, 0.997891658,
2024.194479136, 0.997869277,
2024.214910799, 0.997753636,
2024.235342561, 0.997765273,
2024.255774124, 0.997936275,
2024.276205886, 0.998024191,
2024.296637549, 0.997723550,
2024.317069111, 0.998292666,
2024.337500874, 0.998137918,
2024.357932536, 0.998045097,
2024.378364099, 0.997848510,
2024.419227523, 0.997838217,
2024.439659085, 0.998174134,
2024.460090848, 0.997995225,
2024.480522510, 0.998706369,
2024.500954272, 0.998984865,
2024.521385834, 0.998207485,
2024.541817497, 0.998407460,
2024.562249259, 0.997637910,
2024.582680821, 0.997829720,
2024.603112483, 0.997712765,
2024.623544245, 0.998167094,
2024.664407469, 0.998067144,
2024.684839231, 0.997826560,
2024.705270893, 0.998127219,
2024.725702555, 0.997952331,
2024.746134216, 0.998201328,
2024.766565778, 0.997873651,
2024.786997540, 0.997586194,
2024.807429202, 0.997955991,
2024.827860764, 0.997970651,
2024.848292525, 0.997965435,
2024.868724187, 0.998086494,
2024.909587510, 0.997949074,
2024.930019172, 0.998177610,
2024.950450934, 0.998068200,
2024.970882495, 0.997941322,
2024.991314157, 0.998009603,
2025.011745918, 0.998148794,
2025.032177480, 0.997769231,
2025.052609141, 0.997734169,
2025.073040903, 0.998214791,
2025.093472464, 0.997781255,
2025.113904126, 0.997944013,
2025.154767548, 0.997956657,
2025.175199210, 0.997952242,
2025.195630871, 0.997925089,
2025.216062532, 0.998065432,
2025.236494194, 0.997608702,
2025.256925855, 0.997613466,
2025.277357516, 0.997771900,
2025.297789277, 0.997589463,
2025.318220838, 0.997795352,
2025.338652500, 0.997998909,
2025.359084261, 0.997764707,
2025.399947583, 0.997803405,
2025.420379144, 0.997786519,
2025.440810805, 0.998024696,
2025.461242566, 0.997701450,
2025.481674127, 0.997813998,
2025.502105788, 0.997600531,
2025.522537549, 0.997890681,
2025.542969110, 0.997815546,
2025.563400771, 0.997693856,
2025.604264093, 0.998107908,
2025.685990836, 0.997819423,
2025.706422497, 0.997733305,
2025.726854158, 0.997816941,
2025.747285819, 0.997370469,
2025.767717479, 0.997657328,
2025.788149140, 0.997617441,
2025.808580801, 0.997755356,
2025.829012462, 0.997985594,
2025.849444222, 0.997964833,
2025.910739204, 0.997235821,
2025.931170865, 0.997289467,
2025.951602426, 0.997483699,
2025.972034186, 0.997433261,
2025.992465847, 0.997609407,
2026.012897408, 0.997494036,
2026.033329168, 0.997373356,
2026.053760829, 0.997415165,
2026.074192489, 0.997454935,
2026.094624150, 0.997479699,
2026.155919131, 0.997703508,
2026.176350692, 0.997543065,
2026.196782452, 0.997149622,
2026.217214113, 0.997375533,
2026.237645773, 0.997602245,
2026.258077434, 0.997412906,
2026.278509094, 0.998367078,
2026.298940854, 0.997699270,
2026.319372415, 0.997432728,
2026.339804075, 0.997514006,
2026.401099056, 0.997221163,
2026.421530817, 0.997374957,
2026.441962477, 0.997716187,
2026.462394037, 0.997562838,
2026.482825797, 0.997703392,
2026.503257458, 0.997731971,
2026.523689218, 0.997895845,
2026.544120778, 0.997461752,
2026.564552439, 0.997606778,
2026.584984199, 0.997870188,
2026.605415759, 0.997744839,
2026.625847420, 0.997579631,
2026.646279180, 0.997385422,
2026.666710740, 0.997830502,
2026.687142400, 0.997414939,
2026.707574160, 0.997620803,
2026.728005721, 0.997356450,
2026.748437481, 0.997415506,
2026.768869141, 0.997395432,
2026.789300701, 0.998598610,
2026.809732461, 0.997452536,
2026.830164022, 0.997487782,
2026.871027442, 0.997289909,
2026.891459002, 0.997791627,
2026.911890662, 0.997493791,
2026.932322422, 0.997473517,
2026.952754083, 0.997478700,
2026.973185743, 0.997375399,
2026.993617403, 0.997638046,
2027.014049063, 0.997450140,
2027.034480823, 0.997137761,
2027.054912383, 0.997725575,
2027.075344043, 0.997533322,
2027.116207364, 0.997452241,
2027.136639024, 0.997473512,
2027.157070784, 0.997383249,
2027.177502344, 0.997696713,
2027.197934104, 0.997398150,
2027.218365764, 0.997215801,
2027.238797324, 0.997200031,
2027.279660745, 0.997388027,
2027.320524065, 0.997373247,
2027.381819045, 0.997208530,
2027.402250705, 0.997373208,
2027.422682465, 0.997349770,
2027.443114025, 0.997324027,
2027.463545685, 0.997081249,
2027.483977346, 0.997468906,
2027.504409106, 0.997449682,
2027.524840666, 0.997158574,
2027.545272426, 0.997046325,
2027.565703986, 0.997400216,
2027.626998966, 0.997195424,
2027.647430726, 0.997530022,
2027.667862387, 0.997214426,
2027.688293947, 0.997523103,
2027.708725707, 0.997172279,
2027.729157367, 0.997598300,
2027.749588927, 0.997188293,
2027.770020687, 0.997322460,
2027.810884107, 0.997517167,
2027.872179088, 0.997308778,
2027.892610648, 0.997376500,
2027.913042308, 0.997140407,
2027.933474068, 0.996967748,
2027.953905629, 0.997200310,
2027.974337289, 0.997475248,
2027.994769049, 0.997332183,
2028.015200709, 0.997544237,
2028.035632369, 0.997086901,
2028.056064030, 0.997126003,
2028.076495690, 0.997223323,
2028.096927350, 0.997134555,
2028.178653991, 0.997268528,
2028.199085651, 0.997317664,
2028.219517311, 0.997155428,
2028.239948972, 0.997241443,
2028.260380732, 0.997073413,
2028.280812292, 0.996954799,
2028.301243953, 0.997388360,
2028.342107273, 0.997116038,
2028.362538933, 0.997119317,
2028.382970694, 0.997021940,
2028.403402254, 0.996825815,
2028.423834015, 0.997083761,
2028.444265675, 0.997129597,
2028.464697235, 0.997218771,
2028.485128996, 0.997266299,
2028.505560656, 0.996797372,
2028.525992216, 0.997094790,
2028.546423977, 0.996625047,
2028.607718958, 0.996979056,
2028.628150619, 0.997215737,
2028.648582379, 0.997082113,
2028.669013940, 0.997192027,
2028.689445600, 0.996984965,
2028.709877361, 0.997258956,
2028.750740582, 0.997179971,
2028.771172342, 0.997176950,
2028.791604003, 0.997299189,
2028.852898985, 0.996381703,
2028.873330645, 0.996673631,
2028.893762306, 0.996620940,
2028.914193867, 0.996983691,
2028.934625627, 0.997001658,
2028.955057288, 0.996959786,
2028.975488849, 0.996970283,
2028.995920609, 0.996825356,
2029.016352270, 0.997188142,
2029.036783831, 0.996969550,
2029.057215592, 0.996806698,
2029.077647253, 0.996936813,
2029.098079013, 0.996879604,
2029.118510574, 0.996812520,
2029.138942235, 0.996643019,
2029.159373996, 0.996699342,
2029.179805557, 0.996638968,
2029.200237218, 0.996754227,
2029.220668979, 0.997013345,
2029.241100639, 0.996621387,
2029.261532300, 0.996555555,
2029.281963961, 0.996934241,
2029.343258944, 0.996969153,
2029.363690605, 0.996901713,
2029.384122367, 0.996805317,
2029.404553928, 0.996782652,
2029.424985589, 0.996579309,
2029.445417350, 0.996560932,
2029.465848911, 0.996664195,
2029.486280672, 0.996408003,
2029.506712333, 0.996406817,
2029.527143895, 0.996519862,
2029.588438878, 0.996955892,
2029.608870640, 0.996736837,
2029.629302201, 0.997053223,
2029.649733862, 0.996673488,
2029.670165624, 0.996710662,
2029.690597185, 0.996598377,
2029.711028946, 0.996691266,
2029.731460608, 0.996350771,
2029.751892269, 0.996459041,
2029.772323931, 0.996757943,
2029.833618915, 0.996631524,
2029.854050577, 0.996729711,
2029.874482339, 0.997871266,
2029.894914000, 0.996545767,
2029.915345562, 0.996488468,
2029.935777324, 0.996732822,
2029.956208985, 0.996720560,
2029.976640547, 0.996440372,
2029.997072309, 0.996572400,
2030.017503971, 0.996680283,
2030.099230718, 0.996388144,
2030.119662280, 0.996602869,
2030.140093942, 0.996417314,
2030.160525704, 0.996622672,
2030.180957266, 0.996542606,
2030.201388928, 0.997061387,
2030.221820590, 0.996603668,
2030.242252252, 0.996441532,
2030.262683914, 0.996428577,
2030.283115576, 0.996647768,
2030.303547238, 0.996348183,
2030.323979001, 0.996531656,
2030.344410563, 0.996533690,
2030.364842225, 0.996552335,
2030.385273987, 0.996550200,
2030.405705650, 0.996505762,
2030.426137212, 0.996604007,
2030.446568975, 0.996737686,
2030.467000637, 0.996385808,
2030.487432299, 0.996509565,
2030.507863962, 0.996398194,
2030.548727287, 0.996542832,
2030.569158950, 0.996317545,
2030.589590612, 0.996543257,
2030.610022375, 0.996488990,
2030.630453937, 0.996619195,
2030.650885600, 0.996389319,
2030.671317363, 0.996383639,
2030.691748926, 0.996231251,
2030.712180688, 0.996393714,
2030.732612351, 0.996330480,
2030.753043914, 0.996246947,
2030.793907340, 0.996698330,
2030.814338903, 0.996602474,
2030.834770666, 0.996397845,
2030.855202329, 0.996610156,
2030.875633992, 0.996107705,
2030.896065655, 0.996326821,
2030.916497318, 0.996092256,
2030.936928982, 0.996447376,
2030.957360645, 0.996096325,
2030.977792308, 0.996432562,
2030.998223971, 0.996550851,
2031.059519061, 0.996218613,
2031.079950625, 0.996439993,
2031.100382388, 0.996047670,
2031.120814052, 0.996625776,
2031.141245615, 0.996145168,
2031.182109043, 0.996394764,
2031.202540606, 0.996116920,
2031.222972370, 0.996261047,
2031.243404034, 0.996389244,
2031.284267361, 0.996439949,
2031.304699025, 0.996332912,
2031.325130789, 0.996446963,
2031.345562353, 0.996041371,
2031.365994017, 0.996382661,
2031.386425781, 0.996266587,
2031.406857345, 0.996500439,
2031.427289009, 0.996196456,
2031.447720773, 0.995984238,
2031.468152338, 0.996131738,
2031.488584102, 0.996126756,
2031.549879095, 0.996048866,
2031.570310759, 0.995832461,
2031.590742324, 0.995876265,
2031.611174088, 0.996065682,
2031.631605752, 0.996169795,
2031.652037317, 0.995784698,
2031.672469082, 0.995950419,
2031.692900746, 0.996228418,
2031.713332411, 0.995954431,
2031.733764076, 0.995736482,
2031.795059070, 0.996278454,
2031.815490735, 0.995771964,
2031.835922500, 0.995796265,
2031.856354065, 0.996076472,
2031.876785830, 0.996155093,
2031.897217495, 0.996066196,
2031.917649060, 0.996155582,
2031.938080826, 0.995640824,
2031.958512491, 0.996117987,
2031.978944056, 0.996067621,
2032.019807487, 0.996239885,
2032.040239152, 0.996042362,
2032.060670818, 0.996088622,
2032.081102483, 0.996242351,
2032.101534249, 0.995995783,
2032.121965814, 0.995903885,
2032.142397480, 0.996204993,
2032.162829246, 0.995889651,
2032.183260811, 0.995969876,
2032.203692477, 0.995642181,
2032.224124243, 0.996497468,
2032.285419241, 0.996389723,
2032.305850807, 0.995975373,
2032.326282573, 0.996023024,
2032.346714239, 0.996148722,
2032.367145805, 0.996207584,
2032.387577572, 0.995797469,
2032.408009238, 0.996115921,
2032.428440804, 0.996146813,
2032.448872571, 0.996248885,
2032.469304237, 0.995908565,
2032.489736004, 0.996046855,
2032.510167570, 0.996141371,
2032.530599237, 0.996091490,
2032.551031003, 0.995888339,
2032.571462570, 0.996009568,
2032.591894237, 0.995831634,
2032.612326004, 0.996191316,
2032.632757570, 0.995979765,
2032.653189337, 0.995907395,
2032.673621004, 0.996075541,
2032.694052571, 0.995703437,
2032.714484338, 0.996078385,
2032.755347673, 0.995921495,
2032.775779340, 0.995881859,
2032.796211007, 0.995908983,
2032.816642675, 0.995995771,
2032.837074342, 0.996110983,
2032.857506010, 0.995741320,
2032.877937677, 0.996080241,
2032.898369445, 0.996205436,
2032.918801012, 0.996250943,
2032.939232780, 0.996377391,
2032.959664348, 0.996157847,
2033.000527783, 0.996194968,
2033.020959351, 0.996377940,
2033.041391119, 0.995946659,
2033.061822787, 0.995971273,
2033.082254355, 0.995998220,
2033.102686123, 0.996024477,
2033.123117792, 0.996441558,
2033.143549360, 0.996293702,
2033.163981128, 0.995878593,
2033.184412796, 0.995700117,
2033.204844365, 0.995891339,
2033.245707802, 0.995751552,
2033.266139570, 0.995806976,
2033.286571139, 0.995576232,
2033.307002808, 0.996304570,
2033.327434577, 0.996033816,
2033.347866146, 0.996275548,
2033.368297814, 0.996112363,
2033.388729583, 0.995811108,
2033.409161252, 0.995864293,
2033.429592921, 0.995941820,
2033.450024591, 0.996004099,
2033.511319598, 0.996147600,
2033.531751268, 0.996034229,
2033.552183037, 0.996214830,
2033.572614607, 0.995621084,
2033.593046376, 0.996205887,
2033.613477946, 0.996083794,
2033.633909616, 0.995691004,
2033.654341385, 0.996008052,
2033.674772955, 0.996247863,
2033.695204625, 0.995915812,
2033.756499635, 0.996153335,
2033.776931405, 0.995924475,
2033.797362976, 0.995877807,
2033.817794746, 0.996034453,
2033.838226416, 0.996151023,
2033.858657987, 0.995804009,
2033.879089757, 0.995845108,
2033.899521428, 0.996065124,
2033.919953098, 0.996077950,
2033.940384769, 0.996074983,
2033.981248210, 0.996131653,
2034.001679781, 0.995843433,
2034.022111452, 0.996068528,
2034.042543223, 0.995544751,
2034.062974894, 0.995769321,
2034.083406465, 0.995761393,
2034.103838237, 0.996194276,
2034.124269908, 0.995955480,
2034.144701479, 0.995707559,
2034.165133251, 0.995913958,
2034.185564922, 0.996182918,
2034.246859937, 0.996057741,
2034.267291609, 0.996254688,
2034.287723281, 0.996046846,
2034.308154952, 0.995751806,
2034.328586624, 0.995989379,
2034.349018296, 0.996080359,
2034.369450068, 0.996096442,
2034.389881641, 0.996076376,
2034.410313313, 0.995858884,
2034.430745085, 0.995984676,
2034.471608330, 0.995895323,
2034.492040103, 0.996083223,
2034.532903348, 0.995774877,
2034.553335121, 0.996084989,
2034.573766693, 0.995777569,
2034.594198466, 0.996035300,
2034.614630139, 0.995959301,
2034.635061812, 0.996087012,
2034.655493485, 0.995942339,
2034.675925159, 0.995900338,
2034.737220179, 0.996193202,
2034.757651952, 0.996200384,
2034.778083626, 0.995871141,
2034.798515199, 0.995930534,
2034.818946973, 0.996364533,
2034.839378647, 0.996297562,
2034.859810221, 0.996104097,
2034.880241994, 0.995890753,
2034.900673668, 0.996032448,
2034.921105243, 0.996518746,
2034.982400365, 0.996089306,
2035.002832040, 0.995848523,
2035.023263614, 0.996164800,
2035.043695389, 0.995939508,
2035.064127063, 0.996060680,
2035.084558638, 0.996067527,
2035.104990413, 0.995857240,
2035.125422088, 0.995959855,
2035.145853862, 0.995694062,
2035.166285438, 0.995961690,
2035.207148888, 0.996263548,
2035.227580463, 0.996291129,
2035.248012138, 0.995917827,
2035.268443914, 0.996100611,
2035.288875589, 0.996119792,
2035.309307265, 0.996330969,
2035.329738940, 0.996004847,
2035.350170616, 0.996002528,
2035.370602292, 0.995967583,
2035.391033968, 0.996092332,
2035.411465644, 0.996098563,
2035.472760672, 0.996115910,
2035.493192448, 0.995965611,
2035.513624025, 0.995849578,
2035.534055801, 0.995996035,
2035.554487478, 0.995925192,
2035.574919054, 0.995822236,
2035.595350831, 0.995670951,
2035.615782508, 0.996060781,
2035.636214085, 0.996205055,
2035.656645862, 0.995971509,
2035.717940893, 0.996207469,
2035.738372470, 0.996084684,
2035.758804248, 0.995912522,
2035.779235925, 0.996005416,
2035.799667603, 0.996060724,
2035.820099280, 0.996469048,
2035.840530958, 0.996204253,
2035.860962736, 0.995691021,
2035.881394314, 0.996195033,
2035.901825992, 0.995854851,
2035.963121026, 0.996227168,
2035.983552804, 0.996054846,
2036.003984483, 0.996275716,
2036.024416061, 0.996060708,
2036.044847840, 0.996330832,
2036.065279518, 0.996232959,
2036.085711297, 0.995727784,
2036.106142876, 0.996326268,
2036.126574555, 0.995974799,
2036.147006334, 0.996034535,
2036.187869592, 0.995949906,
2036.208301371, 0.996242757,
2036.228732951, 0.996085098,
2036.249164730, 0.995649299,
2036.269596310, 0.995876285,
2036.290027989, 0.996443244,
2036.310459769, 0.995967553,
2036.330891449, 0.996303967,
2036.351323029, 0.996030786,
2036.371754809, 0.996323584,
2036.392186389, 0.996039927,
2036.453481430, 0.996390027,
2036.473913210, 0.996126740,
2036.494344891, 0.996309748,
2036.514776571, 0.996448632,
2036.535208252, 0.996526770,
2036.555639933, 0.996200614,
2036.576071614, 0.996320195,
2036.596503395, 0.996256111,
2036.616934976, 0.995883801,
2036.637366757, 0.996049163,
2036.698661801, 0.996379613,
2036.719093483, 0.995950736,
2036.739525064, 0.996539650,
2036.759956846, 0.999233837,
2036.780388528, 0.996255298,
2036.800820310, 0.996206728,
2036.821251892, 0.995993901,
2036.841683574, 0.996473672,
2036.862115356, 0.996198925,
2036.882546939, 0.996077672,
2036.943841986, 0.995880903,
2036.964273669, 0.996029801,
2036.984705452, 0.996424483,
2037.005137034, 0.996251479,
2037.025568817, 0.995890443,
2037.046000401, 0.996097727,
2037.066432084, 0.996338864,
2037.086863867, 0.996033903,
2037.107295550, 0.995933748,
2037.127727134, 0.996020426,
2037.189022285, 0.996091162,
2037.209453969, 0.996032632,
2037.229885653, 0.996062569,
2037.250317337, 0.996626988,
2037.270749021, 0.996155653,
2037.291180705, 0.996167904,
2037.311612490, 0.996249976,
2037.332044074, 0.996063223,
2037.352475859, 0.996214844,
2037.372907543, 0.996166912,
2037.434202598, 0.996308651,
2037.454634183, 0.996820413,
2037.475065968, 0.996164872,
2037.495497654, 0.996041493,
2037.515929239, 0.995958914,
2037.536361024, 0.996025031,
2037.556792710, 0.996022524,
2037.577224496, 0.996070447,
2037.597656081, 0.996100155,
2037.618087767, 0.995852871,
2037.679382826, 0.996183226,
2037.699814512, 0.996296975,
2037.720246198, 0.995910803,
2037.740677985, 0.996205517,
2037.761109572, 0.996186801,
2037.781541258, 0.996245497,
2037.801973045, 0.996319189,
2037.822404732, 0.995885114,
2037.842836319, 0.996083917,
2037.863268106, 0.996189754,
2037.904131481, 0.996192984,
2037.924563168, 0.995998964,
2037.944994856, 0.996040368,
2037.965426644, 0.995847701,
2037.985858231, 0.996061612,
2038.006289919, 0.996124548,
2038.026721707, 0.996280724,
2038.047153295, 0.995949006,
2038.067584984, 0.995886515,
2038.088016772, 0.996020620,
2038.108448360, 0.996010481,
2038.169743426, 0.996189726,
2038.190175215, 0.996067732,
2038.210606904, 0.995421364,
2038.231038493, 0.995963592,
2038.251470282, 0.996283847,
2038.271901972, 0.996081861,
2038.292333661, 0.996302925,
2038.312765351, 0.996114338,
2038.333197040, 0.996447383,
2038.353628730, 0.996133729,
2038.374060420, 0.996311895,
2038.394492110, 0.996088488,
2038.414923800, 0.995842094,
2038.435355490, 0.996201247,
2038.455787280, 0.996481550,
2038.476218971, 0.996315045,
2038.496650561, 0.995876073,
2038.517082352, 0.995761934,
2038.537514043, 0.995929831,
2038.557945633, 0.996016204,
2038.578377424, 0.995832413,
2038.598809115, 0.996128269,
2038.660104189, 0.996313105,
2038.680535981, 0.996002762,
2038.700967573, 0.996081458,
2038.721399264, 0.996190152,
2038.741831056, 0.996184199,
2038.782694340, 0.996034315,
2038.803126132, 0.995941345,
2038.823557725, 0.996377520,
2038.843989517, 0.996202799,
2038.884852802, 0.996066981,
2038.905284595, 0.996046529,
2038.925716288, 0.996044737,
2038.946147981, 0.996110966,
2038.966579674, 0.996096264,
2038.987011368, 0.996102368,
2039.007443061, 0.995956816,
2039.027874754, 0.996080525,
2039.068738142, 0.996391335,
2039.089169836, 0.996099846,
2039.130033324, 0.995710999,
2039.150464918, 0.996221717,
2039.170896612, 0.996076437,
2039.191328407, 0.996388314,
2039.211760001, 0.996203468,
2039.232191796, 0.996073167,
2039.252623491, 0.996194952,
2039.273055086, 0.996152164,
2039.293486881, 0.996093983,
2039.313918576, 0.996096177,
2039.334350171, 0.996507914,
2039.416077053, 0.996269508,
2039.436508749, 0.996060123,
2039.456940545, 0.996394296,
2039.477372141, 0.995976403,
2039.497803838, 0.996077868,
2039.518235634, 0.995882382,
2039.538667230, 0.996071080,
2039.559098927, 0.996134030,
2039.579530724, 0.996274516,
2039.599962421, 0.996128396,
2039.620394118, 0.996093718,
2039.640825815, 0.996263290,
2039.661257412, 0.996124255,
2039.681689209, 0.996209879,
2039.702120907, 0.996347003,
2039.722552504, 0.996010695,
2039.742984302, 0.996588330,
2039.763416000, 0.995995597,
2039.783847798, 0.996091127,
2039.804279396, 0.996248887,
2039.824711094, 0.996273350,
2039.886006190, 0.996319154,
2039.906437988, 0.996098281,
2039.926869587, 0.996006623,
2039.947301286, 0.996057166,
2039.967733085, 0.995962068,
2039.988164685, 0.996182115,
2040.008596484, 0.996017320,
2040.029028183, 0.996286066,
2040.049459783, 0.996277211,
2040.069891583, 0.996279940,
2040.110754883, 0.996351826,
2040.131186683, 0.996688003,
2040.151618383, 0.996271593,
2040.172050183, 0.996109302,
2040.192481784, 0.996027829,
2040.212913484, 0.995865961,
2040.233345285, 0.995993358,
2040.253776986, 0.996011624,
2040.274208587, 0.996063086,
2040.294640388, 0.995967743,
2040.315072090, 0.996648517,
2040.396798896, 0.996131734,
2040.417230598, 0.996139572,
2040.437662200, 0.996532439,
2040.458094002, 0.996090490,
2040.478525704, 0.996017873,
2040.498957307, 0.996280577,
2040.519389110, 0.996215413,
2040.539820812, 0.996225958,
2040.560252615, 0.996274510,
2040.621547724, 0.996405367,
2040.641979328, 0.996182871,
2040.662411031, 0.996353078,
2040.682842835, 0.996435966,
2040.703274439, 0.996352070,
2040.723706243, 0.996427035,
2040.744137947, 0.996561569,
2040.764569651, 0.996056138,
2040.785001355, 0.996322282,
2040.846296469, 0.996181964,
2040.866728174, 0.996308567,
2040.887159979, 0.996294783,
2040.907591584, 0.996301275,
2040.928023289, 0.996284377,
2040.948455095, 0.996418941,
2040.968886800, 0.996009781,
2040.989318406, 0.996201121,
2041.009750212, 0.997033903,
2041.030181818, 0.996466700,
2041.050613524, 0.996042888,
2041.091476936, 0.996053511,
2041.111908743, 0.995986053,
2041.132340450, 0.996199157,
2041.152772056, 0.996241882,
2041.173203863, 0.996099055,
2041.193635570, 0.996112434,
2041.214067178, 0.996087125,
2041.234498985, 0.996156897,
2041.254930692, 0.996264882,
2041.275362500, 0.995790707,
2041.295794108, 0.996023933,
2041.377520940, 0.996195115,
2041.397952749, 0.995944031,
2041.418384357, 0.996101923,
2041.438816066, 0.995980427,
2041.459247875, 0.995947110,
2041.479679584, 0.995988314,
2041.500111293, 0.996065595,
2041.520543002, 0.995845197,
2041.540974712, 0.996245049,
2041.561406421, 0.996185083,
2041.581838131, 0.995903964,
2041.602269841, 0.996578712,
2041.622701651, 0.995615786,
2041.643133261, 0.996215084,
2041.663565071, 0.996260412,
2041.683996682, 0.995869418,
2041.704428393, 0.995966552,
2041.765723525, 0.996220584,
2041.786155336, 0.996237144,
2041.847450471, 0.996030035,
2041.867882082, 0.996060075,
2041.888313894, 0.996214512,
2041.908745606, 0.996120074,
2041.929177219, 0.996022838,
2041.949609031, 0.996237044,
2041.970040743, 0.996251039,
2041.990472456, 0.996100911,
2042.010904169, 0.996231842,
2042.031335882, 0.995785910,
2042.092631021, 0.995898491,
2042.113062835, 0.996091376,
2042.133494548, 0.995832509,
2042.153926162, 0.995951969,
2042.174357976, 0.996141442,
2042.194789690, 0.996107839,
2042.215221405, 0.995911965,
2042.235653119, 0.996110986,
2042.256084834, 0.996006791,
2042.276516648, 0.995980532,
2042.337811693, 0.995831289,
2042.358243408, 0.995640017,
2042.378675224, 0.995871659,
2042.399106840, 0.995835806,
2042.419538555, 0.995797233,
2042.439970371, 0.995988245,
2042.460401987, 0.995999222,
2042.480833703, 0.995682411,
2042.501265520, 0.995995913,
2042.521697136, 0.996022695,
2042.542128853, 0.996193162,
2042.562560670, 0.996208956,
2042.582992287, 0.996223933,
2042.603424104, 0.996370869,
2042.623855821, 0.996045549,
2042.644287539, 0.996265828,
2042.664719256, 0.996429197,
2042.685150974, 0.996009264,
2042.705582692, 0.996173990,
2042.726014410, 0.996107099,
2042.746446128, 0.996110450,
2042.766877946, 0.995781912,
2042.828173102, 0.996205821,
2042.848604821, 0.996021344,
2042.869036440, 0.996559428,
2042.889468260, 0.995878561,
2042.909899979, 0.996092412,
2042.930331699, 0.995906729,
2042.950763418, 0.996035466,
2042.971195138, 0.995940715,
2042.991626858, 0.996019887,
2043.012058579, 0.995958526,
2043.073353740, 0.996018463,
2043.093785361, 0.995993993,
2043.114217182, 0.995886070,
2043.134648903, 0.996168746,
2043.155080724, 0.995947563,
2043.175512346, 0.996167671,
2043.195944067, 0.995938133,
2043.216375889, 0.995980805,
2043.236807511, 0.995752730,
2043.257239233, 0.995811784,
2043.318534501, 0.996108737,
2043.338966223, 0.996535805,
2043.359397946, 0.996346555,
2043.379829669, 0.996024962,
2043.400261393, 0.996042110,
2043.420693116, 0.996062053,
2043.441124939, 0.996374990,
2043.461556563, 0.996134828,
2043.481988387, 0.996002896,
2043.502420111, 0.996076547,
2043.543283560, 0.996136771,
2043.563715284, 0.996012789,
2043.584146909, 0.995973441,
2043.604578734, 0.995609602,
2043.625010459, 0.995781700,
2043.645442284, 0.996036465,
2043.665873909, 0.996115066,
2043.686305635, 0.995875765,
2043.706737360, 0.995844456,
2043.727169086, 0.995699712,
2043.747600712, 0.995927938,
2043.788464265, 0.995865667,
2043.808895891, 0.995896219,
2043.829327718, 0.995876772,
2043.849759445, 0.995549843,
2043.870191271, 0.995894241,
2043.890622899, 0.996065726,
2043.911054626, 0.995996823,
2043.931486453, 0.995615587,
2043.951918081, 0.995794107,
2043.972349809, 0.995917237,
2043.992781637, 0.995808316,
2044.033645093, 0.995977498,
2044.054076822, 0.996244205,
2044.074508550, 0.996140539,
2044.094940279, 0.996084805,
2044.115372008, 0.995691384,
2044.135803737, 0.995773440,
2044.156235567, 0.995556865,
2044.176667196, 0.996073234,
2044.197099026, 0.995622324,
2044.217530756, 0.996000276,
2044.237962386, 0.995976716,
2044.299257576, 0.996149708,
2044.319689407, 0.996145384,
2044.340121138, 0.995867933,
2044.360552769, 0.995550245,
2044.380984600, 0.995790135,
2044.401416231, 0.995614021,
2044.421848063, 0.995898748,
2044.442279795, 0.995684494,
2044.462711426, 0.996051059,
2044.483143258, 0.995753449,
2044.544438456, 0.996278013,
2044.585302021, 0.995941266,
2044.605733654, 0.995955904,
2044.626165387, 0.995616303,
2044.646597221, 0.995809331,
2044.667028954, 0.995920187,
2044.687460588, 0.996002040,
2044.707892422, 0.995606931,
2044.728324156, 0.995941877,
2044.748755890, 0.995563839,
2044.769187625, 0.995929456,
2044.789619360, 0.995583403,
2044.810051194, 0.995937218,
2044.830482829, 0.995657529,
2044.850914564, 0.995933061,
2044.871346400, 0.995419461,
2044.891778035, 0.995666760,
2044.912209771, 0.995664397,
2044.932641607, 0.995643409,
2044.953073243, 0.995810001,
2044.973505079, 0.996012685,
2045.034800289, 0.996030690,
2045.055232025, 0.995934052,
2045.075663663, 0.995846552,
2045.096095500, 0.995913339,
2045.116527137, 0.995992906,
2045.136958975, 0.996001891,
2045.157390713, 0.996010194,
2045.177822351, 0.995722523,
2045.198254189, 0.996010676,
2045.218685927, 0.995670425,
2045.279981143, 0.995951245,
2045.300412982, 0.995528723,
2045.320844721, 0.996013528,
2045.341276361, 0.996034434,
2045.361708200, 0.995778821,
2045.382139940, 0.996002524,
2045.402571580, 0.995880359,
2045.423003420, 0.995587339,
2045.443435160, 0.995401214,
2045.463866801, 0.995784632,
2045.525162223, 0.995762365,
2045.545593864, 0.995901187,
2045.566025606, 0.995979014,
2045.586457447, 0.996253158,
2045.606889089, 0.996052006,
2045.627320831, 0.995901255,
2045.647752673, 0.995611806,
2045.668184315, 0.995696189,
2045.688616158, 0.996074495,
2045.709047901, 0.995827398,
2045.729479543, 0.995794919,
2045.749911387, 0.996176548,
2045.770343030, 0.995661577,
2045.790774773, 0.996407868,
2045.811206617, 0.995899167,
2045.831638360, 0.996041654,
2045.852070104, 0.995724975,
2045.872501849, 0.995698238,
2045.892933593, 0.996112435,
2045.913365337, 0.995963948,
2045.933797082, 0.995546810,
2045.954228827, 0.995858635,
2046.015524163, 0.996071656,
2046.035955908, 0.995993231,
2046.056387554, 0.996236201,
2046.076819400, 0.996024713,
2046.097251146, 0.995822318,
2046.117682793, 0.995861815,
2046.138114639, 0.996017034,
2046.158546386, 0.995883394,
2046.178978033, 0.996215069,
2046.199409880, 0.996104976,
2046.260705122, 0.996070942,
2046.281136870, 0.996226204,
2046.301568718, 0.996107861,
2046.322000367, 0.995723755,
2046.342432115, 0.995988568,
2046.362863864, 0.995871771,
2046.383295613, 0.995952899,
2046.403727462, 0.995623085,
2046.424159111, 0.996114571,
2046.444590860, 0.995821286,
2046.485454359, 0.995925938,
2046.505886109, 0.995412533,
2046.526317960, 0.995913509,
2046.546749710, 0.995881736,
2046.567181460, 0.996112001,
2046.587613211, 0.996030070,
2046.628476713, 0.996162373,
2046.648908464, 0.995664390,
2046.669340216, 0.996023802,
2046.689772068, 0.995630607,
2046.751067324, 0.995745380,
2046.771498976, 0.995924071,
2046.791930829, 0.996187600,
2046.812362582, 0.995846847,
2046.832794235, 0.995914344,
2046.853226088, 0.995644968,
2046.873657842, 0.995940603,
2046.894089495, 0.995801765,
2046.914521349, 0.995936813,
2046.934953103, 0.995893092,
2046.996248366, 0.995635246,
2047.016680121, 0.995734826,
2047.037111876, 0.996042204,
2047.057543631, 0.996098194,
2047.077975387, 0.995966014,
2047.098407142, 0.995775667,
2047.118838998, 0.996232489,
2047.139270654, 0.996113855,
2047.159702410, 0.995944026,
2047.180134267, 0.995720713,
2047.241429537, 0.996106888,
2047.261861294, 0.996032464,
2047.282292951, 0.996247784,
2047.302724809, 0.995958880,
2047.323156567, 0.995872446,
2047.343588425, 0.995964676,
2047.364020083, 0.995953260,
2047.384451841, 0.995592480,
2047.404883700, 0.995878662,
2047.425315359, 0.995490088,
2047.486610636, 0.996316608,
2047.507042496, 0.996193789,
2047.527474255, 0.996064479,
2047.547905915, 0.995835069,
2047.568337776, 0.995632321,
2047.588769536, 0.996107407,
2047.609201196, 0.996072869,
2047.629633057, 0.996057538,
2047.650064818, 0.996452239,
2047.670496579, 0.995979404,
2047.690928341, 0.995896034,
2047.711360102, 0.996188187,
2047.731791964, 0.995905241,
2047.752223626, 0.995945665,
2047.772655388, 0.995899944,
2047.793087151, 0.995827780,
2047.813518913, 0.995932757,
2047.833950676, 0.995886326,
2047.854382539, 0.996026437,
2047.874814202, 0.995737251,
2047.895246066, 0.995805864,
2047.915677829, 0.995914562,
2047.976973121, 0.995920811,
2047.997404786, 0.995706390,
2048.017836651, 0.996252221,
2048.038268415, 0.995913334,
2048.058700280, 0.996035443,
2048.079131946, 0.996077644,
2048.099563711, 0.996149982,
2048.119995577, 0.996027736,
2048.140427243, 0.995626676,
2048.160859009, 0.995805275,
2048.181290875, 0.996110098,
2048.201722542, 0.995515401,
2048.222154408, 0.995777391,
2048.242586175, 0.995842083,
2048.263017842, 0.995673191,
2048.283449710, 0.995642749,
2048.303881477, 0.995833049,
2048.324313245, 0.995841034,
2048.344745013, 0.995716892,
2048.365176781, 0.995785875,
2048.385608450, 0.995541593,
2048.406040318, 0.995915561,
2048.467335625, 0.996134686,
2048.487767395, 0.995933546,
2048.508199264, 0.995875796,
2048.528630934, 0.995717709,
2048.549062704, 0.995807505,
2048.589926245, 0.995624785,
2048.610358116, 0.995897747,
2048.630789887, 0.996022042,
2048.651221558, 0.996194820,
2048.712516872, 0.996014440,
2048.732948744, 0.995795615,
2048.773812389, 0.995873729,
2048.794244062, 0.996125164,
2048.814675834, 0.996139351,
2048.835107707, 0.995822968,
2048.855539381, 0.996021890,
2048.875971154, 0.995881011,
2048.896403028, 0.995999212,
2048.916834702, 0.995800757,
2048.937266476, 0.995872878,
2048.957698350, 0.995987097,
2048.978130125, 0.995992497,
2048.998561899, 0.995814931,
2049.018993674, 0.995729011,
2049.039425450, 0.995991756,
2049.059857225, 0.995929942,
2049.080289001, 0.996029778,
2049.100720776, 0.995703661,
2049.121152552, 0.995996643,
2049.202879659, 0.995681802,
2049.223311536, 0.995909265,
2049.243743213, 0.996125580,
2049.264174991, 0.996372929,
2049.284606869, 0.996299365,
2049.305038547, 0.996098091,
2049.325470325, 0.996205615,
2049.345902203, 0.995549719,
2049.366333882, 0.996147988,
2049.386765761, 0.996126974,
2049.407197540, 0.996032244,
2049.427629219, 0.995505225,
2049.448061099, 0.995670346,
2049.468492879, 0.995791657,
2049.488924659, 0.996034785,
2049.509356439, 0.995872866,
2049.529788219, 0.996008477,
2049.550220100, 0.995962054,
2049.570651781, 0.995931301,
2049.591083562, 0.995799686,
2049.611515443, 0.996236386,
2049.631947125, 0.996135045,
2049.672810788, 0.995928347,
2049.693242571, 0.996680673,
2049.713674353, 0.996031326,
2049.734106136, 0.996085509,
2049.754537818, 0.995897556,
2049.774969702, 0.996203071,
2049.795401485, 0.995728694,
2049.815833168, 0.995892036,
2049.836265052, 0.995936877,
2049.856696836, 0.995740583,
2049.877128520, 0.995957884,
2049.917992189, 0.996176726,
2049.938424074, 0.995963810,
2049.958855759, 0.996064996,
2049.979287545, 0.996022504,
2049.999719430, 0.995902005,
2050.020151116, 0.995902100,
2050.040582902, 0.995892727,
2050.061014788, 0.995710380,
2050.081446475, 0.996134520,
2050.101878361, 0.996281294,
2050.122310148, 0.995644985,
2050.163173723, 0.995900939,
2050.183605510, 0.996180849,
2050.204037298, 0.996152206,
2050.244900874, 0.996087833,
2050.265332763, 0.996148405,
2050.285764452, 0.995980372,
2050.306196240, 0.995870381,
2050.326628130, 0.996211727,
2050.347059919, 0.995994013,
2050.367491609, 0.996145867,
2050.408355189, 0.996279044,
2050.428786979, 0.996069626,
2050.449218869, 0.996189719,
2050.469650560, 0.996387712,
2050.490082451, 0.996024340,
2050.510514243, 0.996200179,
2050.530945934, 0.996449939,
2050.551377826, 0.996147988,
2050.571809618, 0.996114793,
2050.592241310, 0.996172217,
2050.612673202, 0.996213673,
2050.653536888, 0.996248951,
2050.673968581, 0.995982399,
2050.694400374, 0.995789714,
2050.714832267, 0.996105796,
2050.735263961, 0.996203357,
2050.755695755, 0.996165855,
2050.796559344, 0.995978069,
2050.816991239, 0.996182980,
2050.837423034, 0.996563011,
2050.857854829, 0.996263924,
2050.919150216, 0.995679501,
2050.939582012, 0.995652319,
2050.960013808, 0.996169467,
2050.980445605, 0.995748774,
2051.000877501, 0.995850178,
2051.021309199, 0.996274170,
2051.041741096, 0.995584522,
2051.062172793, 0.995946961,
2051.082604591, 0.996273940,
2051.103036489, 0.996229917,
2051.164331884, 0.995884500,
2051.184763583, 0.995863238,
2051.205195482, 0.996034723,
2051.225627282, 0.996428478,
2051.246058982, 0.996020532,
2051.266490881, 0.996410294,
2051.286922681, 0.996053011,
2051.307354382, 0.996130488,
2051.327786282, 0.995991348,
2051.348218083, 0.996368668,
2051.368649984, 0.996111226,
2051.389081686, 0.996168928,
2051.429945389, 0.995901529,
2051.450377091, 0.996396640,
2051.470808893, 0.996060348,
2051.491240796, 0.996159956,
2051.511672598, 0.996540612,
2051.532104301, 0.996109084,
2051.552536205, 0.996365552,
2051.572968008, 0.996233678,
2051.593399812, 0.996351478,
2051.634263420, 0.996263390,
2051.654695224, 0.996292017,
2051.675127029, 0.996209923,
2051.695558834, 0.996168116,
2051.715990639, 0.996178505,
2051.736422444, 0.996226191,
2051.756854350, 0.996378579,
2051.777286056, 0.996118393,
2051.797717862, 0.996405711,
2051.818149768, 0.996095577,
2051.838581475, 0.996125453,
2051.879445189, 0.996356182,
2051.899876896, 0.996007019,
2051.920308804, 0.996217227,
2051.940740611, 0.996295391,
2051.961172319, 0.996697405,
2051.981604228, 0.996297330,
2052.002036036, 0.996016338,
2052.022467745, 0.996426576,
2052.042899654, 0.996032099,
2052.063331463, 0.996110438,
2052.083763373, 0.996568085,
2052.124626893, 0.996567747,
2052.145058803, 0.996390913,
2052.165490613, 0.996435265,
2052.185922324, 0.996063499,
2052.206354235, 0.996273552,
2052.226786046, 0.996478000,
2052.247217758, 0.996251942,
2052.267649670, 0.996316745,
2052.288081482, 0.996437053,
2052.308513394, 0.996324789,
2052.328945106, 0.996257657,
2052.369808832, 0.996390439,
2052.390240545, 0.996351391,
2052.410672358, 0.996234374,
2052.431104172, 0.996209925,
2052.451535986, 0.996666497,
2052.471967900, 0.996063626,
2052.492399615, 0.996323210,
2052.512831430, 0.996285367,
2052.533263344, 0.996333782,
2052.553695060, 0.996400689,
2052.574126875, 0.996478365,
2052.614990507, 0.996310178,
2052.635422423, 0.996489326,
2052.655854239, 0.996490594,
2052.676285956, 0.996423566,
2052.696717873, 0.996566158,
2052.717149690, 0.996581720,
2052.737581508, 0.996723875,
2052.758013325, 0.996058207,
2052.778445143, 0.996466108,
2052.798876962, 0.996163013,
2052.819308780, 0.996462601,
2052.880604337, 0.996305971,
2052.901036056, 0.996316598,
2052.921467976, 0.996171134,
2052.941899796, 0.996839659,
2052.962331516, 0.996377418,
2052.982763437, 0.996472350,
2053.003195258, 0.996695801,
2053.023627178, 0.996207147,
2053.044058900, 0.996229069,
2053.064490721, 0.996433497,
2053.146218010, 0.996550719,
2053.166649833, 0.996388371,
2053.187081756, 0.996214773,
2053.207513479, 0.996673522,
2053.227945302, 0.996565506,
2053.248377226, 0.996320576,
2053.268808950, 0.996287905,
2053.289240775, 0.996147719,
2053.309672699, 0.996241917,
2053.350536349, 0.996453205,
2053.370968174, 0.996024617,
2053.391400000, 0.995996183,
2053.411831826, 0.995902626,
2053.432263652, 0.995956820,
2053.452695478, 0.996317659,
2053.473127305, 0.996191927,
2053.493559132, 0.996359320,
2053.513990959, 0.996482225,
2053.534422886, 0.996073999,
2053.554854614, 0.996353088,
2053.595718370, 0.996473464,
2053.616150098, 0.996284979,
2053.636582027, 0.996572461,
2053.657013856, 0.996584689,
2053.677445585, 0.996016192,
2053.697877515, 0.996281173,
2053.718309344, 0.996604913,
2053.738741175, 0.996432296,
2053.759173005, 0.996317915,
2053.779604835, 0.996005839,
2053.800036666, 0.996200478,
2053.840900228, 0.996600040,
2053.861332160, 0.996350928,
2053.881763992, 0.996311045,
2053.902195924, 0.996965533,
2053.922627656, 0.996284764,
2053.943059489, 0.996342772,
2053.963491422, 0.996517409,
2053.983923155, 0.996345132,
2054.004354988, 0.996333212,
2054.024786922, 0.996279864,
2054.045218756, 0.996094294,
2054.086082424, 0.996054647,
2054.106514259, 0.996079746,
2054.126946094, 0.996105943,
2054.147377929, 0.996560025,
2054.167809765, 0.996349545,
2054.188241701, 0.996355601,
2054.208673437, 0.996178930,
2054.229105273, 0.996467594,
2054.249537210, 0.996344396,
2054.269968946, 0.996196732,
2054.290400883, 0.996295756,
2054.331264459, 0.996439131,
2054.351696396, 0.996391978,
2054.372128235, 0.996716500,
2054.392559973, 0.995853536,
2054.412991912, 0.995921294,
2054.433423751, 0.996020538,
2054.453855590, 0.996211492,
2054.474287429, 0.996295443,
2054.494719169, 0.996387361,
2054.515151109, 0.996240766,
2054.535582950, 0.996296147,
2054.576446631, 0.996708397,
2054.596878472, 0.996302149,
2054.617310413, 0.996460448,
2054.637742155, 0.996649934,
2054.658173997, 0.996546333,
2054.678605939, 0.996369347,
2054.699037682, 0.996595395,
2054.719469524, 0.996708068,
2054.739901467, 0.996286280,
2054.760333311, 0.995875216,
2054.780765154, 0.996604936,
2054.821628842, 0.996321411,
2054.842060686, 0.996279186,
2054.862492531, 0.996457858,
2054.882924376, 0.996544736,
2054.903356321, 0.996326757,
2054.923788067, 0.996685337,
2054.944219912, 0.996690288,
2054.964651858, 0.996299785,
2054.985083604, 0.996254765,
2055.005515551, 0.996255190,
2055.025947398, 0.996687827,
2055.087242840, 0.995900411,
2055.107674688, 0.996113590,
2055.128106636, 0.996517832,
2055.148538384, 0.996001565,
2055.168970333, 0.996482873,
2055.189402182, 0.996449887,
2055.209833931, 0.996144879,
2055.230265881, 0.995884293,
2055.250697731, 0.996027482,
2055.271129581, 0.996245571,
2055.291561431, 0.995927409,
2055.311993282, 0.996156781,
2055.332425233, 0.996275847,
2055.352856984, 0.996121589,
2055.373288835, 0.996089041,
2055.393720787, 0.996325366,
2055.414152639, 0.996398665,
2055.434584391, 0.996226252,
2055.455016344, 0.996217484,
2055.475448197, 0.996080714,
2055.495880050, 0.996004136,
2055.516311903, 0.996254724,
2055.557175711, 0.996349896,
2055.577607465, 0.996321996,
2055.598039320, 0.996025605,
2055.618471274, 0.996398294,
2055.638903029, 0.996326091,
2055.659334885, 0.996384700,
2055.679766840, 0.996127444,
2055.700198596, 0.996364250,
2055.720630552, 0.996222849,
2055.741062309, 0.996248501,
2055.761494166, 0.996121749,
2055.802357880, 0.996305466,
2055.822789738, 0.996331112,
2055.843221695, 0.996338763,
2055.863653454, 0.996161637,
2055.884085412, 0.996239100,
2055.904517271, 0.996082342,
2055.924949130, 0.996321465,
2055.945380989, 0.996242816,
2055.965812848, 0.996115000,
2055.986244708, 0.996321233,
2056.006676568, 0.996172835,
2056.067972251, 0.996253775,
2056.088404012, 0.996113934,
2056.108835973, 0.996363776,
2056.129267835, 0.996095832,
2056.149699597, 0.996181323,
2056.170131560, 0.996090834,
2056.190563422, 0.996374190,
2056.210995385, 0.995949279,
2056.231427148, 0.996151256,
2056.251859012, 0.996036236,
2056.272290976, 0.996129424,
2056.292722740, 0.996316470,
2056.313154604, 0.996357691,
2056.333586569, 0.996197430,
2056.354018334, 0.996142575,
2056.374450199, 0.996382657,
2056.394882064, 0.996205988,
2056.415313930, 0.996787889,
2056.435745896, 0.996484585,
2056.456177763, 0.996802367,
2056.476609529, 0.996282961,
2056.497041496, 0.996348199,
2056.537905131, 0.996284952,
2056.558337099, 0.996566104,
2056.578768967, 0.996494023,
2056.599200835, 0.996489632,
2056.619632704, 0.996683125,
2056.640064573, 0.996171169,
2056.660496442, 0.996414206,
2056.680928312, 0.996315969,
2056.701360181, 0.996186698,
2056.721792051, 0.996767957,
2056.742223922, 0.996182038,
2056.783087764, 0.996307613,
2056.803519535, 0.996263259,
2056.823951506, 0.996363989,
2056.844383378, 0.996275766,
2056.864815150, 0.996482343,
2056.885247123, 0.996224235,
2056.905678995, 0.996096851,
2056.926110968, 0.996963384,
2056.946542742, 0.996414391,
2056.966974615, 0.996330984,
2056.987406589, 0.996231721,
2057.028270238, 0.996268823,
2057.048702212, 0.996155868,
2057.069133988, 0.996551636,
2057.089565863, 0.996241201,
2057.109997738, 0.996228494,
2057.130429614, 0.996599098,
2057.150861591, 0.996787549,
2057.171293367, 0.996483095,
2057.191725244, 0.996343550,
2057.212157221, 0.996291577,
2057.232589098, 0.996478005,
2057.293884732, 0.996308227,
2057.314316611, 0.996389605,
2057.334748490, 0.996553036,
