BJD - 2454833, Corrected Flux
1977.262457691, 1.003319561,
1977.282889957, 1.002932943,
1977.303322123, 1.002789286,
1977.364619018, 1.002918045,
1977.385051282, 1.002882099,
1977.405483546, 1.002817233,
1977.425915809, 1.002755205,
1977.446348171, 1.003079954,
1977.466780334, 1.003039611,
1977.487212695, 1.002896502,
1977.507644956, 1.002667354,
1977.528077117, 1.002707032,
1977.548509478, 1.002718778,
1977.568941737, 1.002452871,
1977.589373896, 1.002405622,
1977.609806255, 1.002411592,
1977.630238514, 1.002761117,
1977.650670672, 1.002716317,
1977.671103029, 1.002694188,
1977.691535286, 1.002591436,
1977.711967443, 1.002613534,
1977.732399798, 1.002522675,
1977.752832054, 1.002712566,
1977.773264209, 1.002697290,
1977.793696564, 1.002586310,
1977.814128818, 1.002489190,
1977.834561071, 1.003036856,
1977.854993325, 1.003062333,
1977.875425577, 1.003094042,
1977.895857829, 1.002719522,
1977.916290081, 1.002754614,
1977.936722333, 1.002852429,
1977.957154684, 1.002648681,
1977.977586834, 1.002466687,
1977.998019084, 1.002441825,
1978.018451433, 1.002375925,
1978.038883582, 1.002066728,
1978.059315831, 1.002242288,
1978.079748179, 1.002764392,
1978.100180326, 1.002726942,
1978.120612573, 1.002612615,
1978.141044920, 1.002438356,
1978.161477066, 1.002556251,
1978.181909312, 1.002712935,
1978.202341657, 1.002482353,
1978.222773802, 1.002178743,
1978.243206146, 1.002326591,
1978.263638390, 1.002524336,
1978.284070633, 1.002674987,
1978.304502876, 1.002440685,
1978.324935118, 1.002266653,
1978.345367361, 1.002436304,
1978.365799602, 1.002481961,
1978.386231843, 1.002219667,
1978.427096324, 1.002343042,
1978.447528563, 1.002271816,
1978.488393041, 1.002555229,
1978.508825279, 1.002519009,
1978.529257417, 1.001640397,
1978.590554128, 1.002484216,
1978.610986464, 1.002263424,
1978.631418699, 1.002272669,
1978.651851034, 1.002396198,
1978.672283169, 1.002294362,
1978.692715403, 1.002068365,
1978.713147736, 1.002022215,
1978.733579869, 1.001887388,
1978.754012102, 1.001966069,
1978.774444434, 1.001988707,
1978.794876666, 1.001815914,
1978.815308797, 1.001760772,
1978.835741128, 1.002115783,
1978.856173358, 1.002375692,
1978.876605488, 1.002379386,
1978.917470047, 1.001700892,
1978.937902175, 1.002299835,
1978.958334503, 1.002631962,
1978.978766731, 1.002366183,
1978.999198858, 1.002140862,
1979.019631185, 1.002379995,
1979.060495536, 1.002690958,
1979.080927862, 1.002708545,
1979.101360087, 1.002637334,
1979.121792411, 1.002555405,
1979.142224535, 1.002467481,
1979.162656758, 1.002698555,
1979.183088981, 1.002491961,
1979.203521204, 1.001806548,
1979.223953426, 1.001686243,
1979.244385647, 1.002034138,
1979.264817868, 1.002024054,
1979.285250089, 1.001949871,
1979.326114529, 1.002098372,
1979.346546749, 1.002467541,
1979.366979067, 1.002160493,
1979.387411186, 1.001970898,
1979.407843404, 1.002082200,
1979.428275721, 1.002111687,
1979.448707838, 1.002440000,
1979.469140055, 1.002243550,
1979.489572371, 1.002350593,
1979.510004487, 1.002518727,
1979.530436702, 1.002561132,
1979.550869017, 1.002382842,
1979.571301131, 1.002109170,
1979.591733444, 1.002350211,
1979.612165658, 1.002763466,
1979.632597871, 1.002500358,
1979.653030083, 1.002314397,
1979.673462295, 1.002449360,
1979.693894507, 1.002647299,
1979.714326718, 1.002590650,
1979.734758928, 1.002543955,
1979.775623348, 1.001951854,
1979.796055558, 1.001963989,
1979.816487767, 1.002097831,
1979.836920075, 1.002056239,
1979.857352183, 1.001802550,
1979.877784390, 1.001779350,
1979.898216597, 1.001915290,
1979.918648804, 1.002003409,
1979.939081010, 1.002132928,
1979.959513216, 1.002075517,
1979.979945421, 1.002222762,
1980.000377625, 1.002084485,
1980.020809830, 1.002189292,
1980.041242034, 1.002127008,
1980.061674337, 1.002340292,
1980.082106440, 1.002566208,
1980.102538642, 1.002332330,
1980.122970944, 1.002149213,
1980.143403046, 1.002090490,
1980.163835247, 1.002170031,
1980.184267548, 1.002300440,
1980.204699748, 1.002186360,
1980.225131848, 1.002222111,
1980.245564147, 1.002448662,
1980.265996346, 1.002462809,
1980.286428444, 1.002181136,
1980.306860742, 1.001978155,
1980.327292940, 1.002014488,
1980.347725037, 1.002097783,
1980.368157334, 1.002115149,
1980.388589530, 1.001956865,
1980.409021625, 1.001891072,
1980.429453921, 1.002361312,
1980.449886115, 1.002438906,
1980.470318310, 1.002111058,
1980.490750504, 1.001640271,
1980.511182697, 1.001729152,
1980.531614990, 1.002049517,
1980.552047083, 1.002358303,
1980.572479275, 1.002179406,
1980.592911567, 1.002060691,
1980.613343658, 1.002333211,
1980.633775848, 1.002526725,
1980.654208139, 1.002557836,
1980.674640229, 1.002479690,
1980.695072418, 1.002079807,
1980.715504707, 1.001907192,
1980.735936796, 1.002063129,
1980.756368984, 1.002311938,
1980.776801271, 1.002259117,
1980.797233358, 1.002098643,
1980.817665545, 1.002251351,
1980.838097832, 1.002440682,
1980.858529918, 1.002408296,
1980.878962103, 1.002024522,
1980.899394388, 1.001947715,
1980.919826473, 1.002136907,
1980.940258657, 1.002383447,
1980.960690940, 1.002137129,
1980.981123024, 1.001850816,
1981.042419670, 1.002484017,
1981.062851852, 1.002503643,
1981.083284033, 1.002260509,
1981.103716213, 1.002218326,
1981.124148393, 1.002205929,
1981.144580573, 1.002024591,
1981.165012752, 1.002099629,
1981.185445031, 1.002473203,
1981.205877109, 1.002336400,
1981.226309287, 1.002277479,
1981.246741565, 1.002420261,
1981.267173642, 1.002535206,
1981.287605818, 1.002390379,
1981.308038094, 1.002352315,
1981.328470170, 1.002304588,
1981.348902345, 1.002275522,
1981.369334620, 1.002430713,
1981.389766694, 1.002353435,
1981.410198868, 1.002264591,
1981.430631041, 1.002513079,
1981.451063215, 1.002465650,
1981.471495487, 1.002390134,
1981.594088514, 1.001971443,
1981.614520683, 1.002130548,
1981.634952752, 1.002233941,
1981.655385021, 1.002242687,
1981.675817189, 1.002207962,
1981.696249256, 1.002345828,
1981.716681524, 1.002050311,
1981.737113691, 1.002038079,
1981.757545757, 1.002086669,
1981.777978023, 1.002378206,
1981.798410188, 1.002158618,
1981.818842254, 1.001916028,
1981.839274519, 1.001986466,
1981.859706682, 1.002371379,
1981.880138846, 1.002060328,
1981.900571010, 1.001642424,
1981.921003173, 1.001604577,
1981.941435435, 1.001748847,
1981.961867497, 1.002081675,
1981.982299659, 1.002040035,
1982.002731920, 1.002217851,
1982.023164081, 1.002283731,
1982.043596141, 1.002749168,
1982.064028401, 1.002490697,
1982.084460560, 1.002292815,
1982.104892619, 1.002514026,
1982.125324878, 1.002662834,
1982.145756936, 1.002374455,
1982.166189094, 1.002052957,
1982.186621351, 1.001960395,
1982.207053408, 1.002050467,
1982.247917820, 1.001454299,
1982.268349876, 1.001891562,
1982.288782031, 1.002163182,
1982.309214285, 1.002256546,
1982.329646340, 1.002146610,
1982.350078493, 1.002056254,
1982.370510747, 1.002035035,
1982.390942900, 1.002049064,
1982.411375052, 1.002274121,
1982.431807204, 1.002191809,
1982.452239356, 1.002341931,
1982.472671507, 1.002482098,
1982.493103658, 1.002380242,
1982.513535808, 1.002179386,
1982.533968058, 1.002401272,
1982.554400107, 1.002425803,
1982.574832256, 1.002261722,
1982.595264505, 1.001776348,
1982.615696553, 1.002095783,
1982.636128701, 1.002242409,
1982.656560948, 1.002013534,
1982.676992995, 1.002114399,
1982.697425142, 1.002224928,
1982.717857387, 1.002195906,
1982.738289433, 1.002293931,
1982.758721578, 1.001982535,
1982.779153823, 1.001855205,
1982.799585867, 1.002279919,
1982.820018011, 1.002593270,
1982.840450254, 1.002902375,
1982.860882397, 1.002712156,
1982.881314540, 1.002656217,
1982.901746682, 1.002686625,
1982.922178724, 1.002281952,
1982.942610965, 1.002455488,
1982.983475147, 1.002279268,
1983.003907386, 1.002052763,
1983.024339526, 1.002018015,
1983.044771565, 1.001972529,
1983.065203804, 1.001966584,
1983.085635942, 1.002243778,
1983.106067980, 1.002045573,
1983.126500217, 1.002054969,
1983.146932354, 1.002033950,
1983.167364391, 1.001981158,
1983.187796627, 1.001993816,
1983.208228763, 1.001765901,
1983.228660898, 1.001745804,
1983.249093033, 1.001922574,
1983.269525167, 1.002405990,
1983.289957301, 1.002589833,
1983.310389435, 1.002482803,
1983.330821568, 1.002269900,
1983.351253801, 1.002599012,
1983.371685933, 1.002480105,
1983.392117965, 1.002339440,
1983.412550197, 1.002275125,
1983.432982328, 1.002577523,
1983.473846589, 1.002422153,
1983.494278719, 1.002111608,
1983.514710747, 1.002215064,
1983.535142976, 1.002142268,
1983.555575105, 1.001916025,
1983.576007133, 1.001826665,
1983.596439361, 1.002066234,
1983.616871488, 1.002146509,
1983.637303515, 1.002362579,
1983.657735741, 1.002370724,
1983.678167767, 1.001948244,
1983.698599993, 1.001869214,
1983.719032118, 1.002057267,
1983.739464142, 1.002136812,
1983.759896267, 1.001963708,
1983.780328491, 1.002085808,
1983.800760614, 1.001994356,
1983.821192737, 1.001865874,
1983.841624860, 1.002180538,
1983.862056982, 1.002230344,
1983.882489204, 1.001988476,
1983.902921225, 1.001840752,
1983.923353346, 1.002115945,
1983.943785567, 1.002193025,
1983.964217587, 1.002057188,
1983.984649706, 1.002067487,
1984.005081926, 1.002130678,
1984.025513944, 1.001991166,
1984.066378281, 1.002131781,
1984.086810298, 1.001889013,
1984.107242415, 1.002052625,
1984.127674632, 1.002119818,
1984.148106648, 1.002133148,
1984.168538764, 1.001828298,
1984.188970980, 1.001953576,
1984.209403095, 1.002166497,
1984.229835109, 1.002234928,
1984.250267324, 1.002287630,
1984.270699437, 1.002302131,
1984.291131551, 1.002507254,
1984.311563664, 1.002666799,
1984.331995776, 1.002661395,
1984.352427989, 1.002614551,
1984.372860000, 1.002525515,
1984.393292012, 1.002539260,
1984.475020553, 1.002970116,
1984.495452662, 1.002897933,
1984.536316879, 1.002597011,
1984.556748987, 1.002689014,
1984.577180995, 1.002463990,
1984.597613202, 1.002169799,
1984.618045308, 1.002125586,
1984.638477415, 1.002173792,
1984.658909521, 1.002346223,
1984.679341626, 1.002313387,
1984.699773731, 1.002281235,
1984.720205936, 1.002184650,
1984.740637940, 1.002210792,
1984.761070144, 1.002355858,
1984.781502247, 1.002459006,
1984.801934251, 1.002460309,
1984.822366453, 1.002686436,
1984.863230557, 1.002123246,
1984.883662758, 1.001900787,
1984.904094860, 1.002080337,
1985.006255358, 1.002458592,
1985.026687456, 1.002218014,
1985.047119555, 1.002389632,
1985.067551652, 1.002140897,
1985.087983749, 1.002061820,
1985.108415846, 1.002351842,
1985.128847943, 1.002441191,
1985.149280039, 1.002186789,
1985.169712034, 1.002086742,
1985.190144229, 1.002113579,
1985.210576324, 1.001973606,
1985.231008519, 1.002396218,
1985.251440513, 1.002438322,
1985.271872606, 1.002336195,
1985.292304800, 1.002404501,
1985.312736792, 1.002483312,
1985.333168884, 1.002779371,
1985.353601077, 1.002571869,
1985.374033068, 1.002071490,
1985.394465159, 1.001822297,
1985.476193620, 1.001966048,
1985.496625608, 1.001658789,
1985.517057697, 1.001897801,
1985.537489885, 1.002037344,
1985.557921973, 1.002121985,
1985.578353961, 1.002159907,
1985.598786148, 1.002142859,
1985.619218235, 1.002270889,
1985.639650221, 1.002250659,
1985.660082407, 1.002080795,
1985.680514492, 1.001852673,
1985.700946677, 1.002259832,
1985.721378662, 1.002363665,
1985.762242930, 1.002177243,
1985.782674913, 1.002208680,
1985.803106996, 1.002232356,
1985.823539179, 1.002167166,
1985.843971161, 1.002188082,
1985.864403243, 1.001941601,
1985.884835324, 1.001782050,
1985.946131566, 1.002215231,
1985.966563646, 1.002054253,
1985.986995725, 1.002145750,
1986.007427804, 1.002364787,
1986.027859883, 1.002046460,
1986.048291961, 1.001750014,
1986.068724139, 1.001873054,
1986.089156116, 1.002263820,
1986.109588193, 1.002448753,
1986.130020370, 1.002442570,
1986.150452346, 1.002489620,
1986.170884521, 1.002628692,
1986.191316597, 1.002410782,
1986.211748572, 1.002382655,
1986.232180746, 1.002330866,
1986.252612820, 1.002491407,
1986.273044794, 1.002290982,
1986.293476967, 1.002059640,
1986.313909041, 1.002044670,
1986.334341013, 1.002113798,
1986.354773185, 1.001826053,
1986.375205257, 1.001902031,
1986.395637328, 1.002229428,
1986.416069400, 1.002121376,
1986.436501470, 1.001873522,
1986.456933540, 1.001937442,
1986.477365610, 1.001986531,
1986.497797679, 1.002291547,
1986.518229748, 1.002329362,
1986.538661917, 1.002441750,
1986.559093885, 1.002655081,
1986.579525953, 1.002408346,
1986.599958020, 1.002462883,
1986.681686286, 1.001907475,
1986.702118451, 1.002244143,
1986.722550416, 1.002322757,
1986.742982481, 1.002118349,
1986.763414645, 1.001914665,
1986.783846609, 1.002065646,
1986.804278672, 1.002067854,
1986.824710835, 1.001965582,
1986.845142798, 1.001747867,
1986.865574860, 1.001946653,
1986.926871044, 1.002219345,
1986.947303205, 1.002308302,
1986.967735265, 1.002303921,
1986.988167226, 1.002236401,
1987.008599385, 1.001936838,
1987.029031444, 1.001985042,
1987.049463402, 1.002276712,
1987.069895561, 1.001855052,
1987.090327619, 1.001754802,
1987.110759776, 1.002040822,
1987.172055946, 1.002156012,
1987.192487902, 1.002419009,
1987.212919958, 1.002804864,
1987.233352113, 1.002959508,
1987.253784068, 1.002725431,
1987.274216123, 1.002702045,
1987.294648276, 1.002838943,
1987.315080230, 1.002628793,
1987.335512283, 1.002272993,
1987.355944436, 1.002016559,
1987.376376388, 1.001941832,
1987.396808441, 1.002004825,
1987.417240492, 1.002193477,
1987.437672543, 1.002141718,
1987.458104594, 1.002066920,
1987.478536744, 1.001944226,
1987.498968695, 1.002106107,
1987.519400845, 1.001908971,
1987.539832894, 1.001724432,
1987.560264843, 1.001618725,
1987.601129039, 1.001869456,
1987.662425182, 1.001759626,
1987.682857128, 1.001961169,
1987.703289274, 1.002209014,
1987.723721320, 1.002535672,
1987.744153365, 1.002260531,
1987.764585411, 1.002158696,
1987.785017455, 1.002096695,
1987.805449500, 1.002015528,
1987.846313587, 1.002248940,
1987.907609715, 1.001739151,
1987.928041757, 1.001745754,
1987.948473898, 1.001708203,
1987.968905840, 1.001930915,
1987.989337980, 1.002010670,
1988.009770021, 1.002255111,
1988.030201961, 1.002213692,
1988.050634100, 1.002248539,
1988.071066140, 1.002262597,
1988.091498079, 1.002340720,
1988.111930217, 1.002069392,
1988.132362155, 1.001813265,
1988.152794193, 1.002001731,
1988.173226330, 1.002189052,
1988.193658267, 1.002151813,
1988.214090304, 1.001957964,
1988.234522440, 1.001751356,
1988.254954376, 1.002005545,
1988.275386412, 1.002069933,
1988.295818546, 1.002142101,
1988.316250581, 1.002105007,
1988.336682515, 1.001762619,
1988.397978616, 1.001691392,
1988.418410748, 1.003303453,
1988.438842781, 1.001910446,
1988.459274913, 1.002144344,
1988.479706845, 1.001987767,
1988.500138876, 1.002294765,
1988.520571007, 1.002422963,
1988.541002937, 1.002384045,
1988.561434967, 1.002131469,
1988.581867097, 1.002153923,
1988.643163184, 1.002388652,
1988.663595112, 1.002346315,
1988.684027140, 1.001910633,
1988.704459267, 1.001844835,
1988.724891194, 1.002063278,
1988.745323221, 1.002006445,
1988.765755347, 1.001786823,
1988.786187373, 1.002027526,
1988.806619299, 1.002263611,
1988.827051424, 1.002102762,
1988.908779421, 1.001654201,
1988.929211544, 1.001840941,
1988.949643567, 1.001908201,
1988.970075489, 1.001876151,
1988.990507612, 1.001988870,
1989.010939633, 1.002231723,
1989.031371555, 1.002056430,
1989.051803676, 1.001912803,
1989.072235696, 1.001818171,
1989.092667617, 1.001733381,
1989.113099737, 1.001912322,
1989.133531756, 1.002219462,
1989.153963775, 1.002104919,
1989.174395794, 1.001751579,
1989.194827812, 1.001648825,
1989.215259831, 1.001841533,
1989.235691848, 1.001876085,
1989.256123865, 1.001180746,
1989.276555882, 1.001251443,
1989.296987999, 1.001730790,
1989.317419915, 1.001927169,
1989.378715961, 1.002180535,
1989.399148076, 1.002304630,
1989.419580090, 1.002232844,
1989.440012004, 1.002449182,
1989.480876131, 1.002424668,
1989.501308044, 1.002308497,
1989.521740156, 1.001918687,
1989.542172168, 1.002034085,
1989.562604080, 1.001926478,
1989.583036192, 1.001830459,
1989.603468202, 1.001832043,
1989.623900113, 1.001911299,
1989.644332223, 1.001819461,
1989.664764233, 1.001948533,
1989.685196142, 1.001985250,
1989.705628252, 1.002053964,
1989.726060260, 1.001970172,
1989.746492169, 1.002213810,
1989.766924277, 1.002159998,
1989.787356284, 1.002044171,
1989.807788192, 1.002155674,
1989.869084411, 1.002153994,
1989.889516317, 1.002042650,
1989.909948322, 1.001821088,
1989.930380427, 1.001701106,
1989.950812332, 1.001940089,
1989.971244336, 1.002127919,
1989.991676440, 1.002184223,
1990.012108344, 1.001992617,
1990.032540347, 1.002046739,
1990.052972450, 1.002558949,
1990.073404352, 1.002874326,
1990.093836355, 1.002438932,
1990.114268456, 1.002215541,
1990.134700457, 1.002139804,
1990.155132359, 1.002016720,
1990.175564459, 1.001798072,
1990.195996460, 1.001607138,
1990.216428360, 1.001230075,
1990.236860459, 1.001439084,
1990.257292458, 1.001378596,
1990.277724457, 1.001964006,
1990.298156455, 1.002151563,
1990.359452449, 1.001661059,
1990.379884346, 1.001798899,
1990.400316442, 1.001956268,
1990.441180334, 1.001950694,
1990.461612430, 1.001876803,
1990.482044426, 1.001781637,
1990.502476420, 1.001835302,
1990.522908415, 1.002393311,
1990.543340409, 1.003030647,
1990.604636389, 1.002083385,
1990.625068382, 1.002186538,
1990.645500474, 1.002142409,
1990.665932366, 1.001813869,
1990.686364357, 1.001812642,
1990.706796449, 1.001748351,
1990.727228339, 1.001842042,
1990.747660430, 1.002016214,
1990.768092420, 1.002021957,
1990.788524310, 1.002281962,
1990.849820277, 1.001809313,
1990.870252365, 1.001940411,
1990.890684353, 1.001881207,
1990.911116241, 1.001908787,
1990.931548328, 1.001633355,
1990.951980315, 1.001512490,
1990.972412302, 1.001776299,
1990.992844288, 1.002074482,
1991.013276273, 1.002138630,
1991.033708259, 1.002006671,
1991.054140244, 1.001923018,
1991.074572229, 1.001774795,
1991.115436197, 1.001753186,
1991.135868181, 1.001446190,
1991.156300264, 1.001860951,
1991.176732147, 1.001909299,
1991.197164130, 1.002546326,
1991.217596212, 1.002430093,
1991.238028094, 1.002191739,
1991.258460076, 1.002069240,
1991.278892157, 1.002084072,
1991.340188098, 1.002008708,
1991.360619978, 1.001736053,
1991.381051957, 1.001998084,
1991.401484036, 1.002193479,
1991.421915915, 1.001934377,
1991.442347894, 1.001718880,
1991.462779971, 1.001640040,
1991.483211949, 1.001584483,
1991.503643826, 1.001783399,
1991.524075903, 1.001871389,
1991.544507880, 1.001942999,
1991.564939756, 1.002027387,
1991.585371832, 1.002102406,
1991.605803808, 1.002101206,
1991.626235883, 1.001979330,
1991.646667757, 1.002100343,
1991.667099732, 1.002279207,
1991.687531806, 1.002101536,
1991.707963680, 1.001981329,
1991.728395653, 1.002217487,
1991.748827626, 1.002379272,
1991.769259599, 1.002161516,
1991.789691571, 1.002243461,
1991.810123544, 1.002033361,
1991.830555515, 1.002125686,
1991.850987486, 1.002121220,
1991.871419457, 1.002007291,
1991.891851428, 1.002281617,
1991.912283398, 1.002523229,
1991.932715368, 1.002222917,
1991.953147338, 1.001967153,
1991.973579307, 1.002023918,
1991.994011376, 1.002518606,
1992.075739148, 1.002022758,
1992.096171214, 1.002130183,
1992.116603181, 1.002233229,
1992.137035048, 1.002015149,
1992.157467114, 1.001958952,
1992.177899079, 1.001649445,
1992.198330945, 1.001622561,
1992.218763010, 1.002174027,
1992.239194975, 1.002370823,
1992.259626839, 1.001930849,
1992.300490867, 1.002323818,
1992.320922830, 1.002477157,
1992.341354793, 1.002292379,
1992.361786755, 1.002249246,
1992.382218718, 1.002286664,
1992.402650680, 1.002157957,
1992.423082641, 1.002273747,
1992.443514702, 1.002243209,
1992.463946663, 1.002319583,
1992.484378524, 1.002298430,
1992.504810584, 1.002147765,
1992.525242444, 1.002038316,
1992.545674403, 1.001990584,
1992.566106462, 1.001890248,
1992.586538321, 1.002220697,
1992.606970280, 1.002275686,
1992.647834196, 1.001850465,
1992.668266153, 1.001866597,
1992.688698210, 1.002097946,
1992.709130067, 1.002192945,
1992.729562023, 1.001996412,
1992.749994079, 1.002025760,
1992.811289946, 1.002472297,
1992.831721900, 1.002105945,
1992.852153855, 1.001949475,
1992.872585809, 1.001844445,
1992.893017762, 1.002308537,
1992.913449716, 1.002528630,
1992.933881669, 1.002404545,
1992.954313621, 1.002275116,
1992.974745674, 1.002242185,
1992.995177526, 1.002318008,
1993.015609477, 1.002191003,
1993.036041528, 1.002034187,
1993.056473380, 1.001950736,
1993.076905330, 1.002091000,
1993.097337380, 1.002228507,
1993.117769230, 1.001980332,
1993.138201180, 1.001972473,
1993.158633229, 1.002031296,
1993.179065078, 1.002156822,
1993.199497027, 1.002086768,
1993.219929075, 1.001681616,
1993.301656764, 1.001826353,
1993.322088811, 1.001867293,
1993.342520757, 1.001921236,
1993.362952603, 1.002133144,
1993.383384649, 1.002286750,
1993.403816594, 1.001837281,
1993.424248439, 1.001575376,
1993.444680483, 1.001692753,
1993.465112428, 1.002155091,
1993.485544271, 1.002030675,
1993.546840101, 1.001698275,
1993.567272144, 1.001913013,
1993.587704086, 1.001781233,
1993.608135928, 1.001440319,
1993.628567969, 1.001503400,
1993.648999910, 1.001740983,
1993.669431951, 1.001772496,
1993.689863792, 1.001792145,
1993.710295732, 1.001770216,
1993.730727772, 1.001679108,
1993.771591551, 1.001218260,
1993.792023589, 1.001430015,
1993.812455528, 1.001797569,
1993.832887366, 1.001754031,
1993.853319404, 1.001752858,
1993.873751342, 1.001690972,
1993.894183179, 1.002018611,
1993.914615216, 1.001980391,
1993.935047152, 1.001743536,
1993.955478988, 1.001570011,
1993.975911024, 1.001712426,
1994.037206830, 1.002263634,
1994.057638664, 1.002159284,
1994.078070699, 1.002061203,
1994.098502632, 1.001945453,
1994.118934466, 1.001708918,
1994.139366499, 1.001644123,
1994.159798432, 1.001532966,
1994.180230365, 1.001634575,
1994.200662297, 1.001525566,
1994.221094229, 1.001543285,
1994.282390023, 1.001921228,
1994.302821953, 1.001718642,
1994.323253884, 1.001441844,
1994.343685814, 1.001359153,
1994.364117743, 1.001538708,
1994.384549773, 1.001850404,
1994.404981602, 1.001909329,
1994.425413530, 1.001757120,
1994.445845558, 1.001603166,
1994.466277386, 1.001831928,
1994.486709414, 1.002138656,
1994.507141341, 1.002122468,
1994.527573168, 1.001711238,
1994.548005195, 1.001721056,
1994.568437121, 1.002108606,
1994.588868947, 1.002179794,
1994.629732899, 1.001769536,
1994.650164824, 1.001849849,
1994.670596748, 1.002116869,
1994.691028673, 1.002454974,
1994.711460497, 1.002105257,
1994.772756267, 1.002151927,
1994.793188290, 1.002292257,
1994.813620212, 1.001987639,
1994.834052035, 1.001897704,
1994.854484056, 1.002268313,
1994.874915978, 1.002356162,
1994.895347999, 1.002278568,
1994.915779820, 1.002027078,
1994.936211740, 1.002007779,
1994.956643761, 1.001737299,
1995.017939519, 1.001921295,
1995.038371338, 1.001958539,
1995.058803257, 1.001796543,
1995.079235275, 1.001891482,
1995.099667093, 1.001799674,
1995.120099011, 1.001637771,
1995.140531028, 1.001555458,
1995.160962845, 1.001687542,
1995.181394762, 1.002071317,
1995.201826778, 1.001833464,
1995.263122525, 1.002199199,
1995.283554440, 1.001991125,
1995.303986355, 1.002030128,
1995.324418269, 1.001935591,
1995.344850184, 1.001769612,
1995.365282097, 1.001946244,
1995.385714011, 1.001746579,
1995.406145924, 1.001708486,
1995.426577837, 1.001927863,
1995.447009749, 1.002153223,
1995.467441662, 1.002164174,
1995.487873574, 1.001950013,
1995.508305485, 1.001754326,
1995.528737297, 1.001871324,
1995.549169307, 1.002002721,
1995.569601218, 1.001929719,
1995.590033129, 1.001828571,
1995.610465038, 1.001887811,
1995.630896948, 1.002122383,
1995.651328858, 1.001910274,
1995.671760766, 1.001398980,
1995.692192675, 1.001538247,
1995.753488400, 1.001972954,
1995.773920407, 1.001728640,
1995.794352314, 1.002004235,
1995.814784121, 1.001991762,
1995.835216128, 1.001842470,
1995.855648034, 1.001961941,
1995.876079840, 1.002175769,
1995.896511845, 1.002275433,
1995.916943751, 1.001861379,
1995.937375556, 1.001741160,
1995.998671269, 1.002299291,
1996.019103273, 1.002102935,
1996.039535176, 1.002043226,
1996.059967079, 1.002290720,
1996.080398982, 1.002170853,
1996.100830884, 1.001937844,
1996.121262787, 1.001885085,
1996.141694688, 1.002260581,
1996.162126590, 1.002417475,
1996.182558491, 1.001864457,
1996.202990392, 1.001597479,
1996.223422293, 1.001907704,
1996.243854293, 1.002258470,
1996.264286093, 1.002050847,
1996.284717993, 1.001760648,
1996.305149992, 1.001532003,
1996.325581791, 1.001773188,
1996.346013690, 1.001943660,
1996.366445688, 1.001834666,
1996.386877487, 1.001893535,
1996.407309384, 1.001993743,
1996.427741382, 1.001992839,
1996.489037073, 1.001881076,
1996.509468869, 1.001433128,
1996.529900865, 1.001421618,
1996.550332761, 1.001696241,
1996.570764656, 1.001736109,
1996.591196551, 1.001653889,
1996.611628446, 1.001643801,
1996.632060340, 1.001711264,
1996.652492234, 1.002118597,
1996.734219808, 1.001794321,
1996.754651700, 1.002066851,
1996.775083693, 1.002164616,
1996.795515485, 1.001919856,
1996.815947376, 1.001791673,
1996.836379368, 1.004214338,
1996.856811159, 1.001984432,
1996.877243050, 1.002205488,
1996.897674940, 1.001931864,
1996.918106830, 1.001902622,
1996.979402499, 1.002205264,
1996.999834488, 1.001573447,
1997.020266277, 1.001472455,
1997.040698165, 1.001722037,
1997.061130153, 1.001975509,
1997.101993828, 1.002565110,
1997.122425816, 1.002312297,
1997.142857702, 1.002054248,
1997.163289489, 1.002227827,
1997.224585147, 1.001773125,
1997.245017132, 1.001582426,
1997.265449017, 1.001925530,
1997.285880802, 1.001930610,
1997.306312787, 1.001727986,
1997.326744671, 1.001829950,
1997.347176654, 1.002018742,
1997.367608438, 1.002179580,
1997.388040321, 1.001749403,
1997.408472304, 1.001729981,
1997.428904087, 1.001676804,
1997.449335969, 1.001571538,
1997.469767951, 1.001842420,
1997.490199733, 1.001994992,
1997.531063596, 1.002051016,
1997.551495477, 1.002177481,
1997.571927257, 1.002177488,
1997.592359237, 1.001775181,
1997.612791017, 1.001873024,
1997.633222897, 1.001975957,
1997.714950513, 1.001480667,
1997.735382291, 1.001186939,
1997.755814269, 1.001227760,
1997.776246147, 1.001306417,
1997.796677924, 1.001698858,
1997.817109901, 1.001991780,
1997.837541777, 1.002088135,
1997.857973554, 1.001712062,
1997.878405530, 1.001639013,
1997.898837406, 1.001617474,
1997.960133032, 1.001589287,
1997.980564906, 1.002256097,
1998.000996781, 1.001892247,
1998.021428655, 1.001234382,
1998.041860528, 1.001314775,
1998.062292502, 1.001762673,
1998.082724275, 1.001980746,
1998.103156248, 1.001779567,
1998.123588121, 1.001796226,
1998.144019893, 1.001870728,
1998.164451865, 1.001802305,
1998.184883737, 1.001504891,
1998.205315508, 1.001305660,
1998.225747479, 1.001570182,
1998.246179350, 1.001864628,
1998.266611121, 1.001697360,
1998.287043091, 1.001733228,
1998.307474961, 1.001582806,
1998.348338700, 1.001655995,
1998.368770469, 1.001433736,
1998.450497943, 1.001796181,
1998.470929911, 1.001948292,
1998.491361778, 1.002225242,
1998.511793645, 1.002406172,
1998.532225512, 1.001871721,
1998.552657378, 1.001705281,
1998.573089344, 1.001661222,
1998.593521111, 1.002128425,
1998.613952976, 1.002052859,
1998.634384942, 1.001958161,
1998.695680536, 1.001515142,
1998.716112300, 1.001563356,
1998.736544164, 1.001888277,
1998.756976128, 1.001888427,
1998.777407891, 1.001873599,
1998.797839754, 1.001710159,
1998.818271717, 1.002003934,
1998.838703479, 1.002178157,
1998.859135342, 1.002114818,
1998.879567303, 1.001615680,
1998.899999165, 1.001582615,
1998.920431026, 1.001606995,
1998.940862888, 1.001499657,
1998.961294748, 1.001667468,
1998.981726609, 1.001648257,
1999.002158469, 1.001794935,
1999.022590329, 1.002077147,
1999.043022289, 1.001964941,
1999.063454048, 1.001660989,
1999.083885907, 1.001645327,
1999.104317766, 1.001828037,
1999.124749624, 1.002224463,
1999.186045198, 1.001906161,
1999.206476956, 1.001459226,
1999.226908913, 1.001272930,
1999.247340770, 1.001693092,
1999.267772726, 1.001805777,
1999.288204482, 1.001614929,
1999.308636338, 1.001493768,
1999.329068294, 1.001489095,
1999.349500050, 1.001853303,
1999.369931905, 1.001521167,
1999.390363859, 1.001217018,
1999.410795714, 1.001405184,
1999.431227468, 1.001585043,
1999.451659422, 1.001698375,
1999.472091276, 1.001368887,
1999.492523030, 1.001140099,
1999.512954983, 1.001139915,
1999.533386836, 1.001022182,
1999.553818588, 1.001101899,
1999.574250541, 1.001231272,
1999.594682393, 1.001561553,
1999.615114145, 1.001840938,
1999.676409898, 1.001915797,
1999.696841649, 1.001433883,
1999.717273499, 1.001323256,
1999.737705450, 1.001323258,
1999.758137199, 1.001232796,
1999.778569049, 1.001387073,
1999.799000998, 1.001607045,
1999.819432747, 1.001635247,
1999.839864596, 1.001667630,
1999.860296444, 1.001587421,
1999.921591988, 1.001863816,
1999.942023836, 1.002148721,
1999.982887629, 1.002076412,
2000.003319376, 1.002020212,
2000.023751322, 1.002026731,
2000.044183168, 1.002256055,
2000.064614914, 1.002321388,
2000.085046859, 1.002362349,
2000.105478705, 1.001990781,
2000.125910449, 1.001879867,
2000.146342394, 1.002301871,
2000.166774239, 1.002133625,
2000.187205983, 1.001741170,
2000.207637926, 1.001560674,
2000.228069770, 1.001976927,
2000.268933456, 1.001976143,
2000.289365299, 1.001752458,
2000.309797141, 1.001878628,
2000.330228984, 1.001640064,
2000.350660825, 1.001741335,
2000.411956349, 1.001681521,
2000.432388290, 1.001763459,
2000.452820131, 1.001861613,
2000.473251871, 1.001763656,
2000.493683811, 1.001635470,
2000.514115651, 1.001866168,
2000.534547390, 1.001866519,
2000.554979330, 1.001762100,
2000.575411169, 1.001600986,
2000.595842907, 1.001403893,
2000.636706584, 1.001616277,
2000.657138422, 1.001485226,
2000.677570359, 1.001589168,
2000.698002096, 1.001745680,
2000.718433934, 1.002040773,
2000.738865870, 1.002138270,
2000.759297607, 1.002184757,
2000.779729543, 1.002032482,
2000.800161379, 1.001765476,
2000.820593215, 1.001759662,
2000.841025050, 1.001604533,
2000.861456886, 1.001645531,
2000.881888720, 1.001568182,
2000.902320555, 1.001321897,
2000.922752390, 1.001625721,
2000.963616157, 1.001513682,
2000.984047891, 1.001421749,
2001.024911658, 1.001704108,
2001.045343390, 1.001864915,
2001.065775223, 1.002048702,
2001.086207155, 1.001890541,
2001.147502650, 1.001903867,
2001.167934382, 1.001818262,
2001.188366313, 1.001653567,
2001.208798143, 1.001569473,
2001.229229974, 1.001855691,
2001.249661804, 1.001531652,
2001.270093534, 1.001257291,
2001.290525463, 1.001247092,
2001.310957293, 1.001309686,
2001.331389122, 1.001470468,
2001.351820851, 1.001509689,
2001.372252779, 1.001519677,
2001.392684608, 1.001789699,
2001.413116336, 1.001765649,
2001.433548264, 1.001641393,
2001.453980091, 1.001382523,
2001.474411819, 1.001745060,
2001.494843746, 1.001675431,
2001.515275572, 1.001523322,
2001.535707499, 1.001262600,
2001.556139225, 1.001486081,
2001.576571051, 1.001590181,
2001.637866527, 1.001890614,
2001.658298452, 1.001865037,
2001.678730177, 1.001697188,
2001.699162001, 1.001473017,
2001.719593926, 1.001380069,
2001.740025650, 1.001174678,
2001.760457473, 1.001299859,
2001.780889397, 1.001532026,
2001.801321220, 1.001170656,
2001.821752943, 1.001210666,
2001.842184865, 1.001271614,
2001.862616688, 1.001449715,
2001.883048610, 1.001668432,
2001.903480332, 1.001530137,
2001.923912153, 1.001302417,
2001.944344075, 1.001177921,
2001.964775796, 1.001141401,
2001.985207617, 1.001588452,
2002.005639437, 1.001651394,
2002.026071258, 1.001837644,
2002.046503078, 1.001791861,
2002.066934898, 1.001623406,
2002.148662174, 1.001670640,
2002.169093993, 1.001575024,
2002.189525811, 1.001502406,
2002.209957629, 1.001357291,
2002.230389547, 1.001403882,
2002.250821265, 1.001431145,
2002.271253082, 1.001091828,
2002.291684999, 1.000928520,
2002.312116816, 1.000976250,
2002.332548532, 1.001376819,
2002.352980449, 1.001422400,
2002.373412265, 1.001385966,
2002.393843980, 1.001583651,
2002.414275896, 1.001850913,
2002.434707711, 1.001646288,
2002.455139426, 1.001711404,
2002.475571341, 1.001833078,
2002.496003156, 1.001719906,
2002.516434870, 1.001822706,
2002.536866784, 1.001954507,
2002.557298598, 1.001928289,
2002.639025950, 1.001591707,
2002.659457663, 1.001301832,
2002.679889475, 1.000946066,
2002.700321387, 1.000907919,
2002.720753099, 1.001213997,
2002.741184910, 1.001526867,
2002.761616722, 1.001413275,
2002.782048533, 1.001300356,
2002.802480343, 1.001488349,
2002.822912254, 1.001717967,
2002.843343964, 1.001501994,
2002.863775774, 1.001243034,
2002.884207684, 1.001224706,
2002.904639394, 1.001513534,
2002.925071203, 1.001646149,
2002.945503112, 1.001588690,
2002.965934821, 1.001440686,
2002.986366729, 1.001558992,
2003.027230246, 1.001411176,
2003.108957576, 1.001079838,
2003.129389382, 1.000852870,
2003.149821189, 1.001197242,
2003.170252996, 1.001550030,
2003.190684802, 1.001784299,
2003.211116608, 1.001620216,
2003.231548413, 1.001662347,
2003.251980218, 1.001561109,
2003.272412024, 1.001555726,
2003.292843929, 1.001416633,
2003.313275633, 1.001665232,
2003.333707538, 1.001333031,
2003.354139342, 1.001059405,
2003.374571046, 1.001027488,
2003.395002950, 1.001177558,
2003.415434753, 1.001329288,
2003.435866456, 1.001212197,
2003.456298359, 1.001467113,
2003.476730062, 1.001243500,
2003.497161864, 1.001222374,
2003.517593767, 1.000914265,
2003.599320873, 1.000933061,
2003.619752674, 1.000770139,
2003.640184575, 1.000846101,
2003.660616376, 1.001419484,
2003.681048176, 1.001456818,
2003.701479976, 1.001224612,
2003.721911776, 1.001050303,
2003.742343576, 1.001194900,
2003.762775375, 1.001035637,
2003.783207174, 1.000908331,
2003.803639073, 1.001199185,
2003.824070772, 1.001221953,
2003.844502570, 1.001375882,
2003.864934468, 1.001092140,
2003.885366166, 1.001066604,
2003.905797964, 1.001527586,
2003.926229861, 1.001814133,
2003.946661559, 1.001588983,
2003.967093356, 1.001374387,
2003.987525252, 1.001415068,
2004.007956949, 1.001305895,
2004.028388845, 1.001415187,
2004.089684233, 1.001374852,
2004.110116028, 1.001250887,
2004.130547823, 1.001266489,
2004.150979618, 1.001055419,
2004.171411413, 1.001491890,
2004.191843207, 1.001474884,
2004.212275001, 1.001225202,
2004.232706795, 1.001310126,
2004.253138489, 1.001376239,
2004.273570382, 1.001316971,
2004.294002176, 1.001268412,
2004.314433869, 1.001458735,
2004.334865762, 1.001644909,
2004.355297554, 1.001481660,
2004.375729446, 1.001097431,
2004.396161139, 1.000903141,
2004.416592930, 1.001273987,
2004.437024822, 1.001418664,
2004.457456513, 1.001190951,
2004.477888305, 1.001150037,
2004.498320195, 1.001345172,
2004.580047257, 1.001568280,
2004.600479047, 1.001359836,
2004.620910936, 1.001175859,
2004.641342725, 1.001456344,
2004.661774415, 1.001455515,
2004.682206303, 1.001560177,
2004.702638092, 1.001573234,
2004.723069880, 1.001639894,
2004.743501669, 1.001835978,
2004.763933457, 1.001864511,
2004.825228819, 1.001337928,
2004.845660606, 1.001340457,
2004.866092393, 1.001134885,
2004.886524180, 1.001164633,
2004.906955966, 1.001440969,
2004.927387752, 1.001525185,
2004.947819538, 1.001507536,
2004.968251323, 1.001492545,
2004.988683109, 1.001719807,
2005.009114894, 1.001710516,
2005.029546679, 1.001345944,
2005.049978464, 1.001320428,
2005.070410348, 1.001349122,
2005.090842033, 1.001400327,
2005.111273817, 1.001103038,
2005.131705701, 1.001317684,
2005.152137484, 1.001483667,
2005.172569168, 1.001443551,
2005.193001051, 1.001275691,
2005.213432834, 1.001132562,
2005.233864517, 1.000876014,
2005.254296399, 1.000927727,
2005.295159864, 1.000989982,
2005.315591745, 1.000944140,
2005.336023527, 1.001262574,
2005.356455208, 1.001238607,
2005.376887089, 1.001276644,
2005.397318871, 1.001422965,
2005.417750751, 1.001854635,
2005.438182432, 1.001741829,
2005.458614212, 1.001330158,
2005.479046092, 1.001155206,
2005.499477772, 1.001198093,
2005.519909552, 1.001069408,
2005.540341431, 1.000893183,
2005.560773110, 1.000675143,
2005.581204889, 1.000813654,
2005.601636768, 1.000948690,
2005.622068446, 1.000936284,
2005.642500225, 1.000963074,
2005.662932003, 1.000933358,
2005.703795558, 1.001523775,
2005.805954443, 1.000809902,
2005.846818096, 1.001013147,
2005.867249772, 1.000965818,
2005.887681647, 1.001089874,
2005.908113423, 1.001577507,
2005.928545098, 1.001965425,
2005.948976973, 1.001785147,
2005.969408748, 1.001608781,
2005.989840522, 1.001523714,
2006.010272297, 1.001701635,
2006.030704071, 1.001646822,
2006.051135845, 1.001560183,
2006.071567619, 1.001263050,
2006.091999392, 1.001164515,
2006.112431265, 1.001052403,
2006.132862938, 1.001095026,
2006.153294711, 1.001427873,
2006.173726584, 1.001617198,
2006.194158356, 1.001458872,
2006.214590029, 1.001426159,
2006.235021901, 1.001856458,
2006.255453672, 1.001396353,
2006.275885344, 1.001366295,
2006.296317216, 1.001553467,
2006.316748987, 1.001718653,
2006.337180658, 1.001690414,
2006.357612528, 1.001467939,
2006.378044199, 1.001173310,
2006.398475969, 1.001381519,
2006.418907839, 1.001464628,
2006.439339509, 1.001597472,
2006.459771379, 1.001365575,
2006.480203148, 1.001103504,
2006.541498455, 1.001188691,
2006.561930224, 1.000749716,
2006.582361992, 1.001074910,
2006.602793760, 1.001237003,
2006.623225528, 1.001305649,
2006.643657396, 1.000957762,
2006.664089064, 1.000949858,
2006.684520831, 1.000924983,
2006.704952698, 1.000886740,
2006.725384365, 1.001130780,
2006.745816132, 1.001049799,
2006.766247998, 1.000952492,
2006.786679665, 1.000836980,
2006.807111531, 1.000893322,
2006.827543297, 1.000635228,
2006.847974962, 1.000711704,
2006.868406828, 1.000851192,
2006.888838593, 1.000744643,
2006.909270258, 1.000521566,
2006.929702123, 1.000926588,
2006.950133888, 1.000876069,
2006.970565552, 1.000564010,
2007.031860944, 1.001141559,
2007.052292708, 1.001004779,
2007.072724471, 1.001104412,
2007.093156234, 1.000943273,
2007.113587997, 1.000952895,
2007.134019760, 1.000986593,
2007.154451523, 1.001080877,
2007.174883285, 1.001324480,
2007.195315047, 1.001279722,
2007.215746909, 1.001287342,
2007.236178571, 1.001712496,
2007.256610332, 1.001887156,
2007.277042194, 1.001847542,
2007.297473855, 1.001133520,
2007.317905616, 1.000752428,
2007.338337476, 1.001021636,
2007.358769137, 1.001240702,
2007.379200898, 1.001295409,
2007.399632757, 1.001148204,
2007.420064417, 1.000885478,
2007.440496277, 1.001087904,
2007.522223314, 1.000620605,
2007.542655073, 1.000791407,
2007.563086831, 1.000987346,
2007.583518590, 1.000942918,
2007.603950348, 1.001001929,
2007.624382206, 1.000982522,
2007.644813863, 1.000906534,
2007.665245621, 1.001224750,
2007.685677478, 1.001194190,
2007.706109135, 1.001166756,
2007.726540892, 1.000916924,
2007.746972649, 1.000913897,
2007.767404405, 1.000777540,
2007.808268018, 1.000574682,
2007.828699674, 1.000537477,
2007.849131530, 1.000843436,
2007.869563185, 1.000805763,
2007.889994940, 1.000881833,
2007.930858450, 1.001284288,
2007.951290205, 1.001025979,
2007.971722060, 1.000725244,
2007.992153714, 1.000721766,
2008.012585468, 1.001010650,
2008.033017322, 1.001150393,
2008.053449076, 1.000818619,
2008.073880730, 1.000762000,
2008.094312583, 1.000909690,
2008.114744336, 1.000856848,
2008.135176089, 1.001152380,
2008.155607842, 1.001301344,
2008.176039594, 1.001233408,
2008.278198354, 1.001159922,
2008.298630106, 1.001111491,
2008.319061957, 1.001043160,
2008.339493608, 1.000812728,
2008.359925359, 1.000693577,
2008.380357209, 1.001002160,
2008.400788860, 1.001166583,
2008.421220610, 1.001174169,
2008.441652460, 1.000847768,
2008.523379458, 1.000545122,
2008.543811207, 1.000960736,
2008.564242956, 1.000857380,
2008.584674605, 1.000806653,
2008.605106454, 1.000509568,
2008.625538202, 1.000492113,
2008.645969850, 1.000760216,
2008.666401698, 1.000983287,
2008.686833446, 1.001321549,
2008.707265093, 1.001230855,
2008.727696941, 1.001715236,
2008.748128688, 1.001285402,
2008.768560535, 1.000913110,
2008.788992182, 1.000971320,
2008.809423928, 1.001073450,
2008.829855775, 1.000822023,
2008.850287421, 1.000797157,
2008.870719167, 1.000632131,
2008.891151013, 1.000638730,
2008.911582659, 1.000570304,
2008.932014404, 1.000580212,
2008.952446249, 1.000901594,
2008.972877895, 1.001064065,
2008.993309640, 1.000651973,
2009.013741484, 1.000713143,
2009.034173229, 1.000789393,
2009.054604873, 1.000679441,
2009.095468461, 1.000897281,
2009.115900205, 1.001096844,
2009.136331949, 1.001015724,
2009.156763692, 1.000773805,
2009.177195536, 1.000908163,
2009.238490664, 1.000780516,
2009.258922407, 1.000708644,
2009.279354049, 1.000795445,
2009.299785891, 1.000900505,
2009.320217633, 1.000620176,
2009.340649275, 1.000650036,
2009.361081117, 1.000916248,
2009.381512858, 1.000803673,
2009.401944699, 1.000865699,
2009.422376340, 1.001171368,
2009.442808081, 1.001057102,
2009.463239922, 1.001054510,
2009.483671562, 1.001175527,
2009.504103303, 1.001464792,
2009.524535143, 1.001539512,
2009.544966883, 1.001246010,
2009.565398523, 1.001372419,
2009.585830362, 1.001277779,
2009.626693741, 1.000595659,
2009.647125580, 1.000655633,
2009.667557319, 1.000841126,
2009.687988958, 1.000949250,
2009.708420796, 1.000973541,
2009.728852534, 1.000934193,
2009.749284373, 1.001016450,
2009.769716011, 1.001228277,
2009.790147748, 1.001093786,
2009.810579586, 1.001204774,
2009.831011223, 1.001224761,
2009.851442961, 1.001373513,
2009.871874698, 1.001537759,
2009.892306435, 1.001596306,
2009.974033380, 1.001254698,
2009.994465117, 1.000878162,
2010.014896852, 1.001200885,
2010.035328588, 1.000893054,
2010.055760324, 1.000914412,
2010.076192059, 1.001244857,
2010.096623894, 1.001181081,
2010.117055629, 1.001165245,
2010.137487264, 1.000936405,
2010.157919098, 1.000808409,
2010.178350833, 1.000992326,
2010.198782467, 1.001042092,
2010.219214301, 1.000905293,
2010.239646035, 1.000787219,
2010.260077669, 1.001044064,
2010.280509502, 1.001381546,
2010.300941236, 1.001606144,
2010.321372869, 1.001493007,
2010.341804702, 1.000942443,
2010.362236435, 1.000599825,
2010.382668267, 1.000672051,
2010.403099900, 1.000734868,
2010.464395096, 1.000633262,
2010.484826828, 1.000821247,
2010.505258660, 1.000779815,
2010.525690391, 1.000347701,
2010.546122023, 1.000365909,
2010.566553854, 1.000550121,
2010.586985585, 1.000546483,
2010.607417216, 1.000617611,
2010.627849046, 1.000850954,
2010.648280777, 1.000892186,
2010.668712407, 1.000760636,
2010.689144237, 1.000753940,
2010.709575867, 1.000733980,
2010.730007697, 1.000925554,
2010.750439426, 1.000945069,
2010.770871056, 1.000790079,
2010.791302885, 1.000805376,
2010.811734614, 1.000652843,
2010.832166243, 1.000539743,
2010.852598072, 1.000660439,
2010.873029800, 1.000775026,
2010.893461429, 1.000750640,
2010.913893257, 1.000410581,
2010.934324985, 1.000357806,
2010.954756713, 1.000748973,
2010.975188441, 1.001118925,
2010.995620168, 1.000891924,
2011.016051996, 1.000636756,
2011.036483723, 1.000392969,
2011.056915350, 1.000431602,
2011.077347177, 1.000489935,
2011.097778904, 1.000399319,
2011.118210530, 1.000069344,
2011.138642357, 1.000277684,
2011.179505709, 1.000639456,
2011.199937535, 1.000783990,
2011.220369261, 1.000741601,
2011.240800887, 1.000878547,
2011.261232712, 1.001189846,
2011.281664437, 1.001034953,
2011.302096062, 1.000844584,
2011.322527887, 1.000774048,
2011.342959612, 1.000944908,
2011.363391337, 1.000898238,
2011.383823061, 1.000602945,
2011.445118233, 1.000932161,
2011.465549957, 1.000527745,
2011.485981681, 1.000477224,
2011.506413404, 1.000795789,
2011.526845128, 1.000455399,
2011.547276951, 1.000702624,
2011.567708574, 1.000359103,
2011.588140297, 1.000780675,
2011.608572119, 1.001192277,
2011.629003742, 1.001323255,
2011.669867286, 1.000827088,
2011.690298908, 1.001142223,
2011.710730730, 1.001163049,
2011.731162452, 1.000904819,
2011.751594074, 1.001098245,
2011.772025895, 1.001006324,
2011.792457616, 1.000698214,
2011.812889237, 1.000429011,
2011.833321058, 1.000740434,
2011.853752779, 1.000836305,
2011.874184499, 1.000480808,
2011.894616220, 1.000684088,
2011.915047940, 1.000738033,
2011.935479760, 1.001021910,
2011.955911380, 1.000964296,
2011.976343100, 1.000995689,
2011.996774920, 1.000932377,
2012.017206639, 1.000718314,
2012.037638258, 1.000557824,
2012.058070078, 1.000566223,
2012.078501696, 1.000590627,
2012.098933415, 1.000669398,
2012.119365234, 1.000707608,
2012.139796853, 1.000428055,
2012.160228571, 1.000136727,
2012.180660389, 1.000335468,
2012.201092007, 1.000349721,
2012.221523725, 1.000398355,
2012.241955543, 1.000359604,
2012.262387161, 1.000669733,
2012.282818978, 1.000747388,
2012.303250696, 1.000646761,
2012.323682313, 1.000845584,
2012.344114130, 1.000752503,
2012.364545847, 1.000917647,
2012.446272712, 1.000578032,
2012.466704428, 1.000651833,
2012.487136144, 1.001011311,
2012.507567860, 1.001010215,
2012.527999576, 1.000572672,
2012.548431291, 1.000343199,
2012.568863107, 1.000989280,
2012.589294822, 1.001147410,
2012.609726437, 1.000852032,
2012.630158252, 1.000701197,
2012.650589966, 1.000852160,
2012.671021581, 1.001014865,
2012.711885110, 1.000672350,
2012.732316724, 1.000743195,
2012.752748538, 1.000940249,
2012.773180252, 1.000859210,
2012.793611865, 1.000846014,
2012.814043679, 1.000517016,
2012.834475392, 1.000446802,
2012.916202244, 1.000233918,
2012.936633957, 1.000070098,
2012.957065669, 0.999962931,
2012.977497382, 0.999953067,
2012.997929094, 1.000227035,
2013.018360806, 1.000150215,
2013.038792518, 1.000591631,
2013.059224229, 1.000609398,
2013.079655941, 1.000373315,
2013.100087752, 1.000613642,
2013.120519364, 1.000836743,
2013.140951175, 1.000820492,
2013.161382886, 1.000684644,
2013.181814497, 1.000817694,
2013.202246307, 1.000979012,
2013.222678018, 1.000985506,
2013.243109629, 1.000799462,
2013.263541439, 1.000363337,
2013.283973149, 1.000446299,
2013.304404759, 1.000493427,
2013.324836569, 1.000454310,
2013.345268278, 1.000399000,
2013.365699888, 1.000413736,
2013.386131698, 1.000438916,
2013.406563407, 1.000005585,
2013.426995116, 1.000114588,
2013.447426825, 1.000358149,
2013.467858534, 1.000481983,
2013.488290243, 1.000466425,
2013.508721951, 1.000922280,
2013.529153659, 1.001187071,
2013.549585368, 1.001098542,
2013.570017076, 1.001119822,
2013.590448784, 1.001247019,
2013.610880592, 1.001313151,
2013.631312200, 1.000844614,
2013.651743907, 1.000628991,
2013.672175715, 1.000496375,
2013.692607322, 1.000671856,
2013.713039029, 1.000428720,
2013.733470836, 1.000386082,
2013.753902443, 1.000428415,
2013.774334250, 1.000186761,
2013.794765957, 1.000312654,
2013.815197563, 1.000642567,
2013.835629369, 1.000579546,
2013.896924487, 1.000961180,
2013.917356193, 1.001034692,
2013.937787899, 1.000950624,
2013.958219604, 1.000859117,
2013.978651310, 1.000994697,
2013.999083015, 1.001241404,
2014.019514720, 1.001103572,
2014.039946425, 1.000822474,
2014.060378230, 1.000636728,
2014.080809934, 1.000594546,
2014.101241539, 1.000384652,
2014.121673343, 1.000507023,
2014.142105048, 1.000683803,
2014.162536652, 1.000713637,
2014.182968456, 1.000518266,
2014.203400160, 1.000739827,
2014.223831763, 1.000880836,
2014.244263567, 1.001164989,
2014.264695170, 1.001275985,
2014.285126874, 1.000854735,
2014.305558677, 1.000399031,
2014.325990280, 1.000460328,
2014.346422083, 1.000911841,
2014.366853786, 1.000847755,
2014.387285388, 1.000307092,
2014.407717191, 1.000407077,
2014.428148893, 1.000374600,
2014.448580596, 1.000258125,
2014.469012298, 1.000219998,
2014.489444000, 1.000329927,
2014.509875701, 1.000424109,
2014.530307403, 1.000336324,
2014.550739105, 0.999978190,
2014.571170806, 1.000236865,
2014.591602608, 1.000627537,
2014.612034209, 1.000658850,
2014.632466010, 1.000354732,
2014.652897711, 1.000527347,
2014.673329312, 1.000902958,
2014.693761112, 1.000868495,
2014.714192813, 1.000530043,
2014.734624413, 1.000587776,
2014.755056214, 1.000494901,
2014.775487914, 1.000412864,
2014.795919514, 1.000128208,
2014.816351314, 1.000199619,
2014.898078112, 1.000840639,
2014.918509811, 1.000688392,
2014.938941510, 1.000727115,
2014.959373209, 1.000675117,
2014.979804908, 1.000353157,
2017.860673873, 1.000115033,
2017.881105656, 0.999974484,
2017.901537239, 0.999576644,
2017.921968922, 0.999460865,
2017.942400704, 0.999668247,
2017.962832287, 0.999740062,
2017.983263969, 0.999982447,
2018.003695752, 1.000108327,
2018.024127334, 1.000339888,
2018.044559016, 0.999937873,
2018.064990798, 0.999997854,
2018.085422380, 1.000762060,
2018.105854161, 1.000786589,
2018.126285843, 1.000118549,
2018.146717525, 0.999917769,
2018.167149206, 1.000171343,
2018.187580888, 1.000067192,
2018.208012569, 0.999911492,
2018.228444250, 0.999983011,
2018.248875932, 0.999900204,
2018.269307613, 1.000194830,
2018.289739394, 1.000193598,
2018.310170974, 0.999830582,
2018.330602655, 0.999885113,
2018.351034436, 1.000177620,
2018.371466016, 1.000077351,
2018.391897797, 0.999942560,
2018.412329477, 1.000018243,
2018.432761058, 1.000339571,
2018.453192838, 1.000343794,
2018.473624518, 1.000053813,
2018.494056098, 0.999895923,
2018.514487878, 0.999995639,
2018.534919458, 0.999576004,
2018.555351138, 0.999811000,
2018.575782917, 0.999968960,
2018.596214497, 1.000254490,
2018.616646276, 1.000286803,
2018.637077956, 1.000082412,
2018.657509635, 1.000116923,
2018.677941314, 1.000043839,
2018.698372993, 1.000038852,
2018.718804672, 1.000208309,
2018.739236351, 0.999966811,
2018.800531488, 1.000352822,
2018.820963066, 1.000003723,
2018.841394845, 1.000168951,
2018.861826523, 0.999834967,
2018.882258101, 1.000051686,
2018.902689880, 1.000182244,
2018.923121558, 1.000427275,
2018.943553136, 1.000374072,
2018.963984914, 1.000251135,
2018.984416592, 1.000188598,
2019.004848170, 1.000303428,
2019.025279947, 1.000316748,
2019.045711625, 1.000154083,
2019.066143202, 0.999920827,
2019.086574980, 1.000175747,
2019.107006657, 1.000283274,
2019.127438335, 1.000111321,
2019.147870012, 1.000124719,
2019.168301689, 1.000167248,
2019.188733366, 1.000206859,
2019.229596720, 1.000016011,
2019.250028396, 1.000456741,
2019.270460073, 1.000240864,
2019.311323426, 1.000308383,
2019.331755103, 1.000368792,
2019.352186879, 1.000242661,
2019.372618555, 1.000194715,
2019.393050131, 1.000232133,
2019.413481908, 1.000141111,
2019.433913584, 1.000301537,
2019.454345160, 1.000356145,
2019.474776935, 1.000298524,
2019.495208611, 1.000290898,
2019.515640187, 0.999992817,
2019.536071963, 0.999887031,
2019.556503638, 1.000136132,
2019.576935214, 1.000385245,
2019.597366989, 1.000605614,
2019.617798664, 1.000251687,
2019.638230439, 0.999983585,
2019.658662015, 0.999941736,
2019.679093690, 1.000248988,
2019.699525465, 1.000257416,
2019.719957039, 1.000010858,
2019.781252164, 0.999866647,
2019.801683738, 0.999798104,
2019.822115513, 0.999872449,
2019.842547187, 0.999995040,
2019.862978862, 1.000072100,
2019.883410536, 1.000296294,
2019.903842110, 1.000586651,
2019.924273884, 1.000567978,
2019.944705558, 1.000596030,
2019.965137132, 1.000438600,
2019.985568906, 1.000488762,
2020.006000580, 1.000590544,
2020.026432153, 1.000618958,
2020.067295601, 1.000235793,
2020.087727174, 0.999839451,
2020.108158947, 0.999821967,
2020.128590621, 0.999904469,
2020.149022394, 1.000424214,
2020.169453967, 1.000283119,
2020.189885640, 0.999929797,
2020.210317414, 0.999931698,
2020.230748987, 1.000124374,
2020.251180659, 1.000399026,
2020.271612432, 1.000144247,
2020.292044105, 0.999918062,
2020.312475678, 0.999736970,
2020.332907450, 0.999842789,
2020.353339123, 1.000007796,
2020.373770795, 1.000055215,
2020.394202468, 0.999831444,
2020.414634140, 0.999830899,
2020.435065912, 1.000364750,
2020.455497484, 1.000449566,
2020.475929156, 1.000534706,
2020.496360828, 1.000398769,
2020.516792500, 1.000670599,
2020.537224172, 1.000465398,
2020.557655844, 1.000246463,
2020.578087516, 0.999917105,
2020.598519187, 0.999949599,
2020.618950859, 1.000194912,
2020.639382531, 0.999892332,
2020.659814302, 0.999972105,
2020.680245873, 1.000097895,
2020.700677545, 1.000245925,
2020.721109316, 1.000308556,
2020.741540887, 1.000030599,
2020.761972558, 1.000103759,
2020.782404329, 0.999845458,
2020.802836000, 1.000085720,
2020.823267571, 1.000326732,
2020.843699342, 1.000185710,
2020.864131013, 0.999695059,
2020.884562683, 0.999650802,
2020.904994354, 0.999572819,
2020.925426025, 0.999964818,
2020.945857695, 1.000085389,
2020.966289365, 0.999837146,
2020.986721036, 0.999738564,
2021.007152806, 1.000203910,
2021.027584376, 1.000321711,
2021.048016047, 1.000140613,
2021.068447817, 0.999651712,
2021.088879387, 0.999914424,
2021.109311057, 1.000159268,
2021.129742826, 1.000098385,
2021.150174396, 0.999952818,
2021.170606166, 0.999975344,
2021.191037836, 1.000042605,
2021.211469405, 0.999723985,
2021.231901175, 0.999635074,
2021.252332845, 0.999623796,
2021.272764414, 0.999636219,
2021.293196183, 0.999590091,
2021.313627753, 0.999718246,
2021.334059422, 0.999762962,
2021.354491191, 1.000009805,
2021.374922860, 1.000121748,
2021.395354529, 1.000105983,
2021.415786198, 0.999632097,
2021.436217867, 0.999764627,
2021.456649536, 0.999985685,
2021.477081205, 1.000253030,
2021.497512874, 0.999864639,
2021.517944643, 0.999743159,
2021.538376211, 0.999559140,
2021.558807880, 0.999746503,
2021.579239648, 0.999678941,
2021.599671217, 0.999843025,
2021.620102985, 0.999666241,
2021.640534653, 0.999572473,
2021.660966222, 0.999394392,
2021.681397990, 0.999502137,
2021.722261226, 0.999819008,
2021.742692994, 0.999905695,
2021.763124662, 1.000161322,
2021.783556230, 1.000022351,
2021.803987998, 0.999988822,
2021.824419666, 0.999828097,
2021.844851333, 0.999931369,
2021.865283001, 0.999917726,
2021.885714669, 1.000096191,
2021.926578004, 1.000072137,
2021.947009671, 1.000158752,
2021.967441339, 1.000304931,
2021.987873006, 1.000094537,
2022.008304673, 1.000103168,
2022.049168008, 0.999912893,
2022.069599675, 0.999768249,
2022.090031442, 0.999815736,
2022.110463009, 0.999768137,
2022.151326443, 0.999593487,
2022.171758010, 0.999775820,
2022.192189776, 1.000424128,
2022.212621443, 1.000411262,
2022.233053010, 1.000297243,
2022.253484776, 1.000454671,
2022.273916443, 0.999992924,
2022.294348010, 0.999842879,
2022.314779776, 0.999778140,
2022.335211442, 1.000062829,
2022.355643209, 1.000213124,
2022.376074775, 1.000221737,
2022.396506441, 1.000126402,
2022.416938208, 1.000098522,
2022.478233206, 1.000008685,
2022.498664872, 1.000003087,
2022.519096438, 1.000144126,
2022.539528204, 1.000256769,
2022.559959869, 0.999847939,
2022.580391435, 0.999687404,
2022.600823201, 0.999615969,
2022.621254867, 0.999750065,
2022.641686532, 0.999927779,
2022.662118198, 0.999929302,
2022.682549763, 1.000190744,
2022.702981529, 1.000236930,
2022.723413194, 0.999958909,
2022.743844760, 0.999598564,
2022.764276525, 0.999667645,
2022.784708190, 1.000052012,
2022.805139756, 0.999823801,
2022.825571521, 0.999489102,
2022.846003186, 0.999417736,
2022.866434951, 0.999653079,
2022.886866516, 0.999714835,
2022.907298181, 0.999495058,
2022.927729946, 0.999560979,
2022.948161511, 0.999497111,
2022.989024941, 0.999942352,
2023.009456606, 0.999935486,
2023.029888170, 0.999870383,
2023.050319935, 0.999896219,
2023.070751600, 1.000024943,
2023.091183264, 1.000035136,
2023.111614929, 0.999687304,
2023.132046593, 0.999436403,
2023.152478358, 0.999358764,
2023.193341586, 1.000095877,
2023.213773351, 0.999513347,
2023.234204915, 0.999227751,
2023.254636579, 0.999652074,
2023.275068344, 1.000006104,
2023.295499908, 0.999559640,
2023.315931572, 0.999336780,
2023.336363336, 0.999727978,
2023.356794900, 0.999453842,
2023.377226664, 0.999429440,
2023.397658228, 0.999374397,
2023.438521656, 0.999404035,
2023.458953219, 0.999252076,
2023.479384883, 0.999457719,
2023.499816647, 0.999229638,
2023.520248311, 0.999329577,
2023.540679874, 0.999704896,
2023.561111638, 0.999667494,
2023.581543302, 0.999786740,
2023.601974965, 0.999484073,
2023.622406629, 0.999156807,
2023.642838292, 0.999328460,
2023.724565045, 0.999195177,
2023.744996609, 0.999623955,
2023.765428272, 0.999447937,
2023.785860035, 0.999144367,
2023.847155024, 0.999572035,
2023.867586587, 0.999390752,
2023.888018350, 0.999328097,
2023.908450013, 0.999396151,
2023.928881576, 0.999227108,
2023.949313339, 0.999188162,
2023.969745002, 0.999099474,
2023.990176665, 0.999066137,
2024.010608327, 0.999240849,
2024.031039990, 0.999266508,
2024.051471653, 0.999170310,
2024.071903316, 0.999162768,
2024.092334978, 0.999376636,
2024.112766641, 0.999284119,
2024.133198303, 0.999379591,
2024.174061628, 0.999779242,
2024.194493291, 0.999848348,
2024.214924953, 0.999527066,
2024.235356716, 0.999423880,
2024.255788278, 0.999725454,
2024.276220040, 0.999489402,
2024.296651702, 0.999087918,
2024.317083265, 0.999001724,
2024.337515027, 0.999078895,
2024.357946689, 0.999296540,
2024.378378251, 0.999635119,
2024.419241675, 0.999707448,
2024.439673237, 0.999706512,
2024.460105000, 0.999560543,
2024.480536662, 0.999338264,
2024.500968423, 0.999449597,
2024.521399985, 0.999338414,
2024.541831647, 0.999194933,
2024.562263409, 0.999358222,
2024.582694971, 0.999453429,
2024.603126633, 0.999058419,
2024.623558395, 0.999039891,
2024.664421618, 0.999019782,
2024.684853380, 0.999041163,
2024.705285041, 0.999196268,
2024.725716703, 0.999320660,
2024.746148365, 0.999341640,
2024.766579926, 0.999158660,
2024.787011688, 0.999472304,
2024.807443349, 0.999365403,
2024.827874911, 0.999490687,
2024.848306672, 0.999674979,
2024.868738334, 0.999614755,
2024.909601656, 0.999030524,
2024.930033318, 0.999306391,
2024.950465079, 0.999214049,
2024.970896640, 0.999274906,
2024.991328302, 0.998987646,
2025.011760063, 0.998857437,
2025.032191624, 0.998808538,
2025.052623285, 0.999332100,
2025.073055046, 0.999315053,
2025.093486608, 0.999584591,
2025.113918269, 0.999790343,
2025.154781691, 0.999598543,
2025.175213352, 0.999605491,
2025.195645013, 1.000010483,
2025.216076674, 0.999940889,
2025.236508335, 0.999821900,
2025.256939996, 0.999655118,
2025.277371657, 0.999360123,
2025.297803418, 0.998968950,
2025.318234979, 0.999074501,
2025.338666639, 0.999297020,
2025.359098400, 0.999770444,
2025.399961722, 0.999233852,
2025.420393283, 0.999497533,
2025.440824943, 0.999463780,
2025.461256704, 0.999671005,
2025.502119926, 0.999216593,
2025.522551686, 0.999160418,
2025.542983247, 0.999392330,
2025.563414908, 0.999362023,
2025.583846668, 0.999237416,
2025.604278229, 0.999678273,
2025.686004971, 0.999260729,
2025.706436631, 0.999443088,
2025.726868292, 0.999711079,
2025.747299952, 1.000008139,
2025.767731613, 0.999318595,
2025.788163273, 0.998868417,
2025.808594933, 0.998910651,
2025.829026594, 0.999322570,
2025.849458354, 0.999148204,
2025.910753335, 0.999101190,
2025.931184995, 0.999310123,
2025.951616556, 0.999755212,
2025.972048316, 0.998975312,
2025.992479976, 0.999431915,
2026.012911536, 0.999444854,
2026.033343297, 0.999715065,
2026.053774957, 0.999517783,
2026.074206617, 0.999150432,
2026.155933258, 0.999487593,
2026.176364818, 0.999589688,
2026.196796578, 0.999526747,
2026.217228238, 0.999702701,
2026.237659898, 0.999535869,
2026.258091558, 0.999354698,
2026.278523218, 0.999435842,
2026.298954978, 0.999288713,
2026.319386538, 0.999151486,
2026.339818198, 0.999201302,
2026.401113178, 0.999512706,
2026.421544938, 0.999534362,
2026.441976598, 0.999474536,
2026.462408158, 0.999517900,
2026.482839918, 0.999384180,
2026.503271578, 0.998870763,
2026.523703338, 0.999151747,
2026.544134898, 0.999478237,
2026.564566557, 0.999663139,
2026.584998317, 0.999535099,
2026.605429877, 0.999587787,
2026.625861537, 0.999605655,
2026.646293297, 0.999129722,
2026.666724857, 0.998770656,
2026.687156517, 0.998977368,
2026.707588276, 0.999072348,
2026.728019836, 0.999357596,
2026.748451596, 0.999029167,
2026.768883256, 0.998903914,
2026.789314816, 0.999086043,
2026.809746575, 0.999232821,
2026.830178135, 0.999262462,
2026.871041555, 0.999655482,
2026.891473114, 0.999705682,
2026.911904774, 0.999591724,
2026.932336534, 0.999647185,
2026.952768194, 0.999868262,
2026.973199853, 0.999731389,
2026.993631513, 0.999702391,
2027.014063173, 0.999736782,
2027.034494932, 0.999654190,
2027.054926492, 0.999702561,
2027.075358152, 0.999569456,
2027.116221471, 0.999632145,
2027.136653131, 0.999707344,
2027.157084890, 0.999337464,
2027.177516450, 0.999571688,
2027.197948210, 0.999714364,
2027.218379869, 0.999587624,
2027.238811429, 0.999469337,
2027.259243189, 0.999275946,
2027.279674848, 0.999079847,
2027.300106408, 0.999190131,
2027.381833147, 0.998934626,
2027.402264806, 0.998838910,
2027.422696566, 0.999175003,
2027.443128126, 0.999063006,
2027.463559785, 0.998905733,
2027.483991445, 0.998874838,
2027.504423205, 0.998929569,
2027.524854764, 0.999316774,
2027.545286524, 0.999308227,
2027.565718083, 0.999171077,
2027.627013062, 0.999295373,
2027.647444822, 0.999199184,
2027.667876482, 0.999205810,
2027.688308041, 0.998699738,
2027.708739801, 0.999239213,
2027.729171461, 0.999298801,
2027.749603020, 0.999136780,
2027.770034780, 0.998935416,
2027.790466439, 0.998969964,
2027.810898199, 0.999527879,
2027.872193178, 0.999571725,
2027.892624738, 0.999970579,
2027.913056397, 0.999232623,
2027.933488157, 0.999272966,
2027.953919717, 0.999556010,
2027.974351376, 0.999207150,
2027.994783136, 0.999097639,
2028.015214796, 0.999309939,
2028.035646456, 0.999193485,
2028.056078115, 0.999046023,
2028.076509775, 0.998874643,
2028.096941435, 0.999097495,
2028.178668074, 0.999058765,
2028.199099733, 0.999006974,
2028.219531393, 0.999065021,
2028.239963053, 0.998869031,
2028.260394813, 0.998972748,
2028.280826372, 0.999409757,
2028.301258032, 0.999519304,
2028.342121352, 0.999174746,
2028.362553011, 0.999136927,
2028.382984771, 0.999085896,
2028.403416331, 0.999137542,
2028.423848091, 0.999512187,
2028.444279751, 0.999598086,
2028.464711311, 0.999844842,
2028.485143070, 0.999584735,
2028.505574730, 0.999554815,
2028.526006290, 0.999431557,
2028.607733030, 0.999210297,
2028.628164690, 0.998914494,
2028.648596450, 0.998832741,
2028.669028009, 0.999199007,
2028.689459669, 0.999427499,
2028.709891429, 0.999074010,
2028.750754649, 0.999331237,
2028.771186409, 0.999245240,
2028.791618069, 0.999510292,
2028.852913049, 0.998968080,
2028.873344710, 0.998674783,
2028.893776370, 0.998610559,
2028.914207930, 0.998593096,
2028.934639690, 0.998806209,
2028.955071350, 0.999078897,
2028.975502910, 0.999265514,
2028.995934670, 0.999213927,
2029.016366330, 0.999062911,
2029.036797891, 0.999084135,
2029.057229651, 0.999078069,
2029.077661311, 0.998406259,
2029.098093071, 0.998305583,
2029.118524631, 0.998588252,
2029.138956292, 0.998676292,
2029.159388052, 0.998566638,
2029.179819612, 0.998569659,
2029.200251273, 0.998978151,
2029.220683033, 0.998998212,
2029.241114693, 0.998640519,
2029.261546354, 0.998634845,
2029.281978014, 0.998872173,
2029.363704656, 0.998641967,
2029.384136416, 0.998639404,
2029.404567977, 0.998539066,
2029.424999637, 0.998401772,
2029.445431398, 0.998498081,
2029.465862958, 0.998315335,
2029.486294719, 0.998454606,
2029.506726379, 0.998260272,
2029.527157940, 0.998298001,
2029.588452922, 0.998654421,
2029.608884682, 0.998715978,
2029.629316243, 0.998444406,
2029.649747904, 0.998762756,
2029.670179665, 0.998963095,
2029.690611225, 0.999507744,
2029.711042986, 0.999171069,
2029.731474647, 0.998861526,
2029.751906308, 0.998989969,
2029.772337969, 0.999158834,
2029.833632951, 0.998696789,
2029.854064612, 0.998667011,
2029.874496373, 0.998677654,
2029.894928034, 0.999238398,
2029.915359595, 0.999145128,
2029.935791356, 0.998590018,
2029.956223017, 0.998444401,
2029.976654578, 0.998855676,
2029.997086339, 0.998829374,
2030.017518001, 0.998584066,
2030.078812984, 0.998734803,
2030.099244745, 0.998721819,
2030.119676307, 0.998619445,
2030.140107968, 0.998780922,
2030.160539729, 0.999146306,
2030.180971291, 0.999181680,
2030.201402952, 0.998914832,
2030.221834613, 0.999302934,
2030.242266275, 0.999424396,
2030.262697936, 0.999259216,
2030.283129598, 0.998970749,
2030.303561259, 0.998765165,
2030.323993021, 0.998813482,
2030.344424582, 0.999004576,
2030.364856244, 0.998968836,
2030.385288006, 0.998994744,
2030.405719667, 0.998706997,
2030.426151229, 0.999004542,
2030.446582991, 0.999184188,
2030.467014652, 0.999361884,
2030.487446314, 0.999198629,
2030.507877976, 0.998777657,
2030.548741300, 0.999320714,
2030.569172961, 0.999117164,
2030.589604623, 0.998931458,
2030.610036385, 0.999061222,
2030.630467947, 0.998935244,
2030.650899609, 0.998887329,
2030.671331371, 0.999139153,
2030.691762933, 0.998923538,
2030.712194695, 0.998943866,
2030.732626358, 0.998972554,
2030.753057920, 0.998649216,
2030.793921344, 0.998369999,
2030.834784669, 0.998441255,
2030.855216331, 0.998667027,
2030.875647993, 0.998734895,
2030.896079656, 0.998446235,
2030.916511318, 0.998403889,
2030.936942981, 0.998745707,
2030.957374643, 0.998918143,
2030.977806306, 0.998032906,
2031.059533056, 0.999099160,
2031.079964619, 0.998782700,
2031.100396382, 0.998556308,
2031.120828045, 0.998678535,
2031.141259607, 0.998985542,
2031.161691370, 0.999192936,
2031.182123033, 0.998711404,
2031.202554596, 0.998423922,
2031.222986359, 0.998940920,
2031.243418022, 0.999301244,
2031.284281348, 0.999035540,
2031.304713011, 0.999073312,
2031.325144774, 0.999355628,
2031.345576338, 0.999279835,
2031.366008001, 0.999203202,
2031.386439764, 0.999039478,
2031.406871327, 0.998671307,
2031.427302991, 0.998541228,
2031.447734754, 0.998693123,
2031.468166318, 0.998616713,
2031.488598081, 0.998283144,
2031.549893072, 0.998140051,
2031.570324735, 0.998486892,
2031.590756299, 0.998664064,
2031.611188063, 0.998739876,
2031.631619726, 0.998568794,
2031.652051290, 0.998428658,
2031.672483054, 0.998458387,
2031.713346382, 0.998310518,
2031.733778046, 0.998609166,
2031.795073038, 0.998942102,
2031.815504702, 0.998790862,
2031.835936466, 0.998756286,
2031.856368030, 0.998753923,
2031.876799795, 0.998777405,
2031.897231459, 0.998755652,
2031.938094788, 0.998598725,
2031.958526452, 0.998732132,
2031.978958017, 0.998382651,
2032.019821446, 0.998352257,
2032.040253110, 0.998585117,
2032.060684775, 0.998784183,
2032.081116440, 0.998587092,
2032.101548204, 0.998148862,
2032.121979769, 0.998326998,
2032.142411434, 0.998410063,
2032.162843199, 0.998387986,
2032.183274764, 0.998430794,
2032.203706429, 0.998609735,
2032.224138194, 0.998289466,
2032.285433189, 0.998071811,
2032.305864755, 0.998528326,
2032.326296520, 0.998542065,
2032.346728185, 0.998381212,
2032.367159751, 0.998470875,
2032.387591516, 0.998540338,
2032.408023181, 0.998440090,
2032.428454747, 0.998348367,
2032.448886512, 0.998396173,
2032.469318178, 0.998077620,
2032.489749944, 0.998154400,
2032.510181509, 0.998450247,
2032.530613175, 0.998397396,
2032.551044941, 0.998207336,
2032.571476507, 0.998176560,
2032.591908173, 0.998713992,
2032.612339939, 0.998898040,
2032.632771505, 0.998684712,
2032.653203271, 0.998415300,
2032.673634937, 0.998451729,
2032.694066503, 0.998337005,
2032.775793268, 0.998437812,
2032.796224935, 0.998308496,
2032.816656601, 0.998388789,
2032.837088268, 0.998465170,
2032.857519934, 0.998561926,
2032.877951601, 0.998947638,
2032.898383368, 0.998946489,
2032.918814935, 0.998389683,
2032.939246701, 0.998298343,
2032.959678268, 0.998900737,
2033.000541702, 0.998431301,
2033.020973269, 0.998222537,
2033.041405036, 0.998540366,
2033.061836703, 0.998400707,
2033.082268271, 0.998088351,
2033.102700038, 0.998509881,
2033.123131705, 0.998972300,
2033.143563273, 0.998702368,
2033.163995040, 0.998566324,
2033.184426707, 0.998480227,
2033.204858275, 0.998391643,
2033.245721710, 0.998261611,
2033.266153478, 0.998128882,
2033.286585046, 0.998231702,
2033.307016714, 0.998219856,
2033.327448481, 0.998307442,
2033.347880049, 0.998203297,
2033.368311717, 0.997812671,
2033.388743485, 0.997826940,
2033.409175154, 0.998310175,
2033.429606822, 0.998431695,
2033.511333495, 0.998425588,
2033.531765164, 0.998633507,
2033.552196932, 0.998505663,
2033.572628501, 0.998259406,
2033.593060269, 0.998396223,
2033.613491838, 0.998497248,
2033.633923507, 0.998398363,
2033.654355276, 0.997997296,
2033.674786845, 0.998413227,
2033.695218514, 0.998708845,
2033.756513521, 0.998388021,
2033.776945290, 0.998491677,
2033.817808629, 0.998432982,
2033.838240298, 0.998598301,
2033.858671868, 0.998465447,
2033.879103637, 0.998330725,
2033.899535307, 0.998005142,
2033.919966976, 0.997914357,
2033.940398646, 0.998499551,
2033.981262086, 0.998553575,
2034.001693656, 0.998497119,
2034.022125326, 0.998485361,
2034.042557096, 0.998619171,
2034.062988766, 0.998799317,
2034.083420336, 0.998711691,
2034.103852106, 0.998537396,
2034.124283777, 0.998553655,
2034.144715347, 0.998639063,
2034.165147118, 0.998363412,
2034.246873800, 0.998113748,
2034.267305471, 0.998269767,
2034.287737142, 0.998487120,
2034.308168813, 0.998497920,
2034.328600484, 0.998549692,
2034.349032155, 0.998356908,
2034.369463926, 0.998209614,
2034.389895497, 0.998125672,
2034.410327168, 0.998381934,
2034.430758940, 0.998355068,
2034.471622183, 0.998119078,
2034.492053954, 0.998171021,
2034.512485526, 0.998368623,
2034.532917197, 0.998469220,
2034.553348969, 0.998366672,
2034.573780541, 0.998279944,
2034.594212313, 0.998137075,
2034.614643985, 0.998458886,
2034.635075657, 0.998633603,
2034.655507329, 0.998265101,
2034.675939001, 0.997837328,
2034.737234018, 0.998123995,
2034.757665791, 0.998302344,
2034.778097463, 0.998342322,
2034.798529036, 0.998306346,
2034.818960809, 0.998269346,
2034.839392481, 0.998445824,
2034.859824054, 0.998918074,
2034.900687500, 0.998822612,
2034.921119073, 0.998777117,
2034.982414193, 0.998513163,
2035.002845866, 0.998467765,
2035.023277440, 0.998370135,
2035.043709213, 0.998187242,
2035.064140887, 0.998045884,
2035.084572460, 0.998170073,
2035.105004234, 0.998085464,
2035.125435908, 0.998166987,
2035.145867682, 0.998264902,
2035.166299256, 0.998254805,
2035.207162704, 0.998146034,
2035.227594278, 0.998631910,
2035.248025953, 0.998514400,
2035.268457727, 0.998605496,
2035.288889401, 0.998801549,
2035.309321076, 0.999086432,
2035.329752751, 0.998958736,
2035.350184425, 0.998599587,
2035.370616100, 0.998490080,
2035.391047775, 0.998436497,
2035.411479450, 0.998415436,
2035.472774475, 0.998113772,
2035.493206250, 0.998073929,
2035.513637825, 0.998096844,
2035.534069601, 0.998065691,
2035.554501276, 0.998225287,
2035.574932852, 0.998612222,
2035.595364628, 0.998387824,
2035.615796303, 0.998249578,
2035.636227879, 0.998424474,
2035.656659655, 0.998573747,
2035.717954683, 0.998387706,
2035.738386259, 0.998168190,
2035.758818036, 0.997891569,
2035.779249712, 0.997981687,
2035.799681388, 0.997885845,
2035.820113065, 0.998161096,
2035.840544742, 0.998333212,
2035.860976518, 0.999133014,
2035.881408095, 0.998899802,
2035.901839772, 0.998310199,
2035.963134803, 0.998200011,
2035.983566580, 0.998106474,
2036.003998258, 0.998310376,
2036.024429835, 0.998440885,
2036.044861613, 0.998269563,
2036.065293290, 0.998226182,
2036.085725068, 0.998204033,
2036.106156646, 0.998507144,
2036.126588323, 0.998785760,
2036.147020101, 0.998939309,
2036.187883357, 0.998233922,
2036.208315136, 0.998264937,
2036.228746714, 0.998329429,
2036.249178492, 0.998288244,
2036.269610071, 0.998296752,
2036.310473528, 0.998548142,
2036.330905206, 0.998646535,
2036.351336785, 0.998485989,
2036.371768564, 0.998171263,
2036.392200143, 0.998062889,
2036.453495180, 0.998107916,
2036.473926960, 0.998680002,
2036.494358639, 0.998678487,
2036.514790319, 0.998395264,
2036.535221998, 0.998312582,
2036.576085358, 0.998593148,
2036.596517138, 0.998602252,
2036.616948718, 0.998596932,
2036.637380498, 0.998563135,
2036.698675538, 0.998507337,
2036.719107219, 0.998447766,
2036.739538799, 0.998344886,
2036.759970580, 0.998215803,
2036.780402261, 0.998654728,
2036.800834041, 0.998906159,
2036.821265622, 0.998985887,
2036.841697303, 0.998616784,
2036.862129084, 0.998544302,
2036.882560666, 0.998802152,
2036.943855710, 0.998349846,
2036.964287391, 0.998202316,
2036.984719173, 0.998272418,
2037.005150755, 0.998229004,
2037.025582536, 0.998411377,
2037.046014118, 0.998534644,
2037.066445800, 0.998535975,
2037.086877582, 0.998478623,
2037.107309265, 0.998114945,
2037.127740847, 0.998303419,
2037.189035994, 0.998351920,
2037.209467677, 0.998304479,
2037.229899360, 0.998436869,
2037.250331043, 0.998857739,
2037.270762726, 0.998651930,
2037.291194409, 0.998419729,
2037.311626192, 0.998074097,
2037.332057775, 0.998357829,
2037.372921242, 0.998226371,
2037.434216293, 0.998660363,
2037.454647877, 0.998361359,
2037.475079661, 0.998375229,
2037.495511345, 0.998070964,
2037.515942930, 0.998128398,
2037.536374714, 0.998716691,
2037.556806398, 0.998475630,
2037.577238183, 0.998610194,
2037.597669767, 0.998749961,
2037.618101452, 0.998602939,
2037.679396507, 0.998306635,
2037.720259877, 0.998597046,
2037.740691662, 0.998629059,
2037.761123248, 0.998119386,
2037.781554933, 0.997899556,
2037.801986719, 0.997797706,
2037.822418405, 0.998069170,
2037.842849990, 0.998789380,
2037.863281776, 0.998552249,
2037.904145148, 0.998490115,
2037.924576835, 0.998496749,
2037.945008521, 0.998535029,
2037.965440307, 0.998488773,
2037.985871894, 0.998740809,
2038.006303581, 0.998490708,
2038.026735367, 0.998587066,
2038.047166954, 0.998387113,
2038.067598641, 0.998056857,
2038.088030428, 0.998391182,
2038.169757078, 0.998536778,
2038.190188865, 0.998526848,
2038.210620553, 0.998344522,
2038.231052141, 0.998405095,
2038.251483929, 0.998069350,
2038.271915617, 0.997962690,
2038.292347305, 0.997928835,
2038.312778993, 0.998131572,
2038.333210682, 0.998389118,
2038.374074059, 0.998615022,
2038.394505748, 0.998443432,
2038.414937436, 0.998211826,
2038.435369125, 0.998113497,
2038.455800914, 0.997929384,
2038.476232603, 0.998012690,
2038.496664193, 0.998158828,
2038.517095982, 0.998121115,
2038.537527672, 0.997825101,
2038.557959261, 0.997734269,
2038.578391051, 0.997978402,
2038.660117811, 0.998595065,
2038.680549601, 0.998264144,
2038.700981191, 0.998266106,
2038.721412882, 0.998636792,
2038.741844672, 0.998767088,
2038.762276263, 0.998299464,
2038.782707954, 0.998038989,
2038.803139745, 0.998357163,
2038.823571336, 0.998241637,
2038.844003127, 0.998282570,
2038.884866410, 0.998124644,
2038.905298201, 0.998471620,
2038.925729893, 0.998683071,
2038.946161585, 0.998626429,
2038.966593276, 0.998448803,
2038.987024968, 0.997960207,
2039.007456660, 0.998116734,
2039.027888353, 0.998209996,
2039.048320045, 0.998101667,
2039.068751737, 0.998084991,
2039.089183430, 0.997788129,
2039.130046915, 0.998123461,
2039.150478508, 0.998508894,
2039.170910201, 0.998439558,
2039.191341994, 0.998066036,
2039.211773588, 0.997857410,
2039.232205381, 0.997582553,
2039.252637074, 0.998259034,
2039.273068668, 0.998382031,
2039.293500462, 0.998176486,
2039.313932156, 0.998249276,
2039.334363750, 0.998256007,
2039.416090627, 0.998284251,
2039.436522321, 0.998388256,
2039.456954116, 0.998050663,
2039.477385711, 0.997750486,
2039.497817405, 0.997473107,
2039.518249200, 0.997435568,
2039.538680796, 0.997805930,
2039.559112491, 0.997882003,
2039.579544286, 0.998121825,
2039.599975982, 0.998360083,
2039.620407677, 0.998384821,
2039.661270969, 0.998027408,
2039.681702765, 0.997874233,
2039.702134461, 0.998363133,
2039.722566057, 0.998842060,
2039.742997854, 0.998770167,
2039.763429550, 0.998012289,
2039.783861347, 0.998026608,
2039.804292944, 0.998316221,
2039.824724640, 0.998567222,
2039.886019732, 0.998276759,
2039.906451529, 0.998406060,
2039.926883127, 0.998211651,
2039.947314824, 0.997916282,
2039.967746622, 0.997801968,
2039.988178220, 0.998038816,
2040.008610018, 0.998273103,
2040.029041716, 0.998197722,
2040.049473314, 0.997958085,
2040.069905112, 0.998132956,
2040.131200208, 0.997894668,
2040.151631907, 0.997820275,
2040.172063706, 0.997595255,
2040.192495305, 0.997736210,
2040.212927005, 0.997923379,
2040.233358804, 0.997973411,
2040.253790503, 0.997990051,
2040.274222103, 0.998135544,
2040.294653903, 0.997968301,
2040.315085603, 0.997876809,
2040.376380703, 0.998239466,
2040.396812404, 0.998183034,
2040.417244104, 0.998600782,
2040.437675705, 0.998478758,
2040.458107506, 0.998282749,
2040.478539206, 0.998182520,
2040.498970807, 0.997677336,
2040.519402609, 0.997680490,
2040.539834310, 0.998166674,
2040.560266111, 0.997929730,
2040.621561217, 0.997673541,
2040.641992819, 0.997840734,
2040.662424521, 0.998015237,
2040.682856323, 0.997650602,
2040.703287925, 0.997383987,
2040.723719728, 0.997683927,
2040.744151430, 0.998379882,
2040.764583133, 0.998104215,
2040.785014836, 0.997734691,
2040.846309945, 0.997639722,
2040.866741649, 0.997486769,
2040.887173453, 0.997258618,
2040.907605056, 0.997826448,
2040.928036760, 0.997917729,
2040.948468564, 0.997357613,
2040.968900268, 0.997307132,
2040.989331872, 0.998089067,
2041.009763677, 0.998508934,
2041.030195281, 0.998077717,
2041.050626986, 0.997434109,
2041.091490396, 0.998054155,
2041.111922201, 0.998209638,
2041.132353906, 0.998079498,
2041.152785511, 0.997995826,
2041.173217317, 0.997914715,
2041.193649022, 0.998197458,
2041.214080628, 0.997846691,
2041.234512434, 0.997915377,
2041.254944140, 0.997963575,
2041.275375946, 0.998073620,
2041.377534379, 0.997924931,
2041.397966186, 0.997725862,
2041.418397793, 0.997666758,
2041.438829500, 0.997618553,
2041.459261308, 0.998142923,
2041.479693015, 0.997903411,
2041.500124723, 0.997912643,
2041.520556431, 0.998125977,
2041.540988139, 0.998582896,
2041.561419847, 0.998612890,
2041.581851555, 0.998619915,
2041.602283263, 0.998278003,
2041.622715072, 0.998505240,
2041.643146681, 0.998487369,
2041.663578489, 0.997915643,
2041.684010098, 0.997690625,
2041.704441808, 0.998096741,
2041.745305226, 0.997972662,
2041.765736936, 0.997776729,
2041.786168745, 0.997871233,
2041.827032165, 0.998382956,
2041.847463875, 0.998499259,
2041.867895485, 0.998374334,
2041.888327296, 0.998043465,
2041.908759006, 0.997891271,
2041.929190617, 0.997716493,
2041.949622428, 0.998024198,
2041.970054139, 0.998041591,
2041.990485850, 0.998193651,
2042.010917561, 0.997591665,
2042.092644408, 0.998296672,
2042.113076220, 0.998275266,
2042.133507932, 0.998372157,
2042.153939544, 0.998684765,
2042.174371357, 0.998480958,
2042.194803069, 0.998489923,
2042.215234782, 0.998180731,
2042.235666495, 0.998362221,
2042.256098208, 0.998188695,
2042.276530021, 0.998149136,
2042.337825061, 0.997843252,
2042.358256775, 0.998371048,
2042.378688589, 0.998311809,
2042.399120203, 0.997970073,
2042.419551917, 0.998031766,
2042.439983732, 0.997934276,
2042.460415346, 0.998232655,
2042.480847061, 0.998343296,
2042.501278876, 0.998180144,
2042.521710491, 0.997899440,
2042.542142206, 0.997852588,
2042.562574021, 0.998353728,
2042.583005636, 0.998345971,
2042.603437452, 0.998186956,
2042.623869168, 0.998594667,
2042.644300883, 0.998343779,
2042.685164316, 0.998069003,
2042.705596032, 0.998106707,
2042.726027748, 0.998393704,
2042.746459465, 0.998100162,
2042.828186433, 0.998229223,
2042.848618150, 0.997972477,
2042.869049768, 0.998169722,
2042.889481586, 0.997958531,
2042.909913304, 0.998080885,
2042.930345022, 0.997815773,
2042.950776740, 0.997719427,
2042.971208458, 0.997910847,
2042.991640176, 0.998225161,
2043.073367052, 0.998626454,
2043.093798671, 0.999023386,
2043.114230491, 0.998484133,
2043.134662210, 0.997853688,
2043.155094030, 0.997964968,
2043.175525650, 0.998455778,
2043.195957370, 0.997992333,
2043.216389190, 0.997658975,
2043.236820810, 0.997830143,
2043.257252531, 0.997835200,
2043.318547793, 0.998017519,
2043.338979514, 0.998106713,
2043.359411236, 0.998373791,
2043.379842957, 0.998139850,
2043.400274679, 0.998159432,
2043.420706401, 0.998481754,
2043.441138222, 0.998050029,
2043.461569845, 0.997926153,
2043.482001667, 0.998313802,
2043.502433389, 0.998515194,
2043.543296835, 0.998598863,
2043.563728557, 0.998638082,
2043.584160181, 0.998543800,
2043.604592004, 0.998038299,
2043.625023727, 0.997971130,
2043.645455551, 0.998495237,
2043.665887174, 0.998096864,
2043.686318898, 0.997889954,
2043.706750622, 0.998333408,
2043.727182346, 0.998171034,
2043.747613971, 0.998144792,
2043.788477520, 0.997949854,
2043.808909145, 0.998358894,
2043.829340970, 0.998256141,
2043.849772695, 0.997936577,
2043.870204520, 0.998236078,
2043.890636146, 0.998440004,
2043.911067872, 0.998145040,
2043.931499697, 0.997971657,
2043.951931323, 0.997863588,
2043.972363049, 0.997499839,
2043.992794876, 0.997710494,
2044.033658329, 0.997708898,
2044.054090056, 0.997834066,
2044.074521783, 0.997807046,
2044.094953510, 0.997726191,
2044.115385237, 0.997297495,
2044.135816965, 0.997277487,
2044.156248792, 0.997595931,
2044.176680420, 0.997933111,
2044.197112248, 0.997637696,
2044.217543976, 0.997439563,
2044.299270790, 0.998241918,
2044.319702619, 0.997852616,
2044.340134349, 0.997620332,
2044.360565978, 0.997779082,
2044.401429437, 0.998040712,
2044.421861267, 0.998007314,
2044.442292997, 0.997820265,
2044.462724627, 0.997791591,
2044.483156457, 0.997984385,
2044.544451649, 0.997868022,
2044.585315212, 0.997704088,
2044.605746843, 0.997644054,
2044.626178575, 0.997382895,
2044.646610406, 0.997588384,
2044.667042138, 0.997591988,
2044.687473770, 0.997675874,
2044.707905602, 0.997857301,
2044.728337335, 0.998170333,
2044.748769067, 0.998252314,
2044.769200800, 0.998016615,
2044.789632533, 0.997804292,
2044.810064366, 0.997927368,
2044.830495999, 0.998008929,
2044.850927733, 0.997893383,
2044.871359566, 0.997626419,
2044.891791200, 0.997973892,
2044.932654768, 0.997916425,
2044.953086402, 0.997922635,
2044.973518237, 0.997954598,
2045.034813441, 0.998053410,
2045.055245177, 0.997994946,
2045.075676812, 0.998160753,
2045.096108647, 0.997908089,
2045.116540283, 0.997792615,
2045.136972119, 0.998046425,
2045.157403855, 0.998359858,
2045.177835491, 0.998179015,
2045.198267328, 0.997739009,
2045.218699064, 0.997573911,
2045.279994275, 0.998388064,
2045.300426112, 0.998971108,
2045.320857850, 0.998589197,
2045.341289487, 0.998289562,
2045.361721325, 0.997997445,
2045.382153063, 0.997582695,
2045.402584701, 0.997439311,
2045.423016540, 0.997880838,
2045.443448278, 0.997706357,
2045.463879917, 0.997375042,
2045.525175334, 0.998233640,
2045.545606974, 0.997725694,
2045.566038713, 0.997518114,
2045.586470553, 0.997797379,
2045.606902193, 0.998233866,
2045.627333933, 0.997984999,
2045.647765774, 0.997789047,
2045.668197414, 0.997662681,
2045.688629255, 0.997642058,
2045.709060996, 0.997884063,
2045.729492637, 0.998096473,
2045.749924478, 0.998011548,
2045.770356120, 0.997707970,
2045.790787861, 0.997314755,
2045.811219703, 0.997528896,
2045.831651445, 0.998106003,
2045.852083187, 0.998099191,
2045.872514930, 0.997817974,
2045.892946672, 0.998212428,
2045.913378415, 0.998388667,
2045.933810158, 0.998119502,
2045.954241901, 0.997704668,
2046.015537231, 0.998073506,
2046.035968975, 0.998154964,
2046.056400619, 0.998044118,
2046.076832463, 0.998087292,
2046.097264208, 0.997998069,
2046.117695852, 0.997592068,
2046.138127697, 0.997600642,
2046.158559442, 0.997716911,
2046.178991087, 0.998185065,
2046.199422932, 0.997823993,
2046.260718169, 0.998329047,
2046.281149915, 0.998273369,
2046.301581762, 0.997940066,
2046.322013408, 0.997761684,
2046.342445155, 0.998231266,
2046.362876901, 0.998430821,
2046.383308648, 0.998140539,
2046.403740496, 0.997909631,
2046.424172143, 0.998247697,
2046.444603891, 0.997822769,
2046.505899134, 0.998063941,
2046.526330983, 0.998060113,
2046.546762731, 0.997821898,
2046.567194480, 0.997755071,
2046.587626229, 0.998177484,
2046.608057978, 0.998288093,
2046.628489727, 0.998038388,
2046.648921477, 0.997621870,
2046.669353226, 0.997887858,
2046.689785076, 0.998175548,
2046.730648477, 0.998046026,
2046.751080327, 0.997966520,
2046.771511978, 0.997971167,
2046.791943828, 0.997988080,
2046.812375579, 0.998124987,
2046.832807231, 0.998002370,
2046.873670834, 0.998092652,
2046.894102485, 0.997881207,
2046.914534337, 0.997894581,
2046.934966090, 0.997870635,
2046.996261347, 0.997908466,
2047.016693100, 0.997812780,
2047.037124853, 0.998136719,
2047.057556607, 0.998119483,
2047.077988360, 0.997854710,
2047.098420114, 0.997497938,
2047.118851968, 0.997466769,
2047.139283622, 0.997598493,
2047.180147231, 0.997827333,
2047.261874251, 0.997822389,
2047.282305906, 0.997831566,
2047.302737762, 0.997821296,
2047.323169518, 0.997616370,
2047.343601374, 0.997515993,
2047.364033030, 0.997467263,
2047.384464787, 0.997681681,
2047.404896643, 0.997947939,
2047.425328300, 0.997865569,
2047.486623572, 0.998334813,
2047.507055430, 0.998400834,
2047.527487188, 0.998016324,
2047.547918846, 0.998051329,
2047.568350704, 0.998195131,
2047.588782462, 0.998086090,
2047.609214121, 0.998093392,
2047.629645980, 0.997861874,
2047.650077739, 0.997638652,
2047.690941258, 0.998495548,
2047.711373017, 0.998288302,
2047.731804877, 0.997859518,
2047.752236537, 0.997636774,
2047.772668298, 0.998011305,
2047.793100058, 0.998077855,
2047.813531819, 0.997647623,
2047.833963580, 0.997813467,
2047.854395441, 0.997447710,
2047.874827102, 0.997635229,
2047.895258964, 0.997588410,
2047.976986012, 0.997695218,
2047.997417674, 0.997868521,
2048.017849537, 0.997788857,
2048.038281300, 0.997576713,
2048.058713163, 0.997884019,
2048.079144826, 0.997944226,
2048.099576590, 0.998042023,
2048.120008453, 0.998129702,
2048.140440117, 0.997810036,
2048.160871882, 0.997692326,
2048.181303746, 0.997982206,
2048.201735410, 0.998494269,
2048.222167275, 0.998689437,
2048.242599040, 0.998560297,
2048.263030705, 0.998772388,
2048.283462571, 0.998218936,
2048.303894336, 0.998147384,
2048.344757868, 0.998546595,
2048.365189635, 0.998190916,
2048.385621301, 0.998028404,
2048.467348469, 0.997889748,
2048.487780236, 0.998042383,
2048.508212104, 0.997962827,
2048.528643772, 0.997871957,
2048.549075540, 0.997702368,
2048.569507408, 0.997740677,
2048.610370945, 0.997682198,
2048.630802714, 0.998008048,
2048.651234384, 0.998086985,
2048.712529692, 0.997623479,
2048.732961562, 0.997870515,
2048.753393333, 0.997958494,
2048.773825203, 0.997970482,
2048.794256874, 0.997888398,
2048.814688644, 0.997614839,
2048.835120515, 0.997568401,
2048.855552187, 0.997810134,
2048.875983958, 0.997822723,
2048.896415830, 0.997798890,
2048.916847502, 0.997693268,
2048.937279274, 0.998106174,
2048.957711146, 0.998057450,
2048.978142919, 0.997617291,
2048.998574692, 0.997570285,
2049.019006465, 0.997787961,
2049.039438238, 0.998060221,
2049.059870011, 0.998005677,
2049.080301785, 0.998242864,
2049.100733559, 0.998225669,
2049.121165333, 0.998087416,
2049.141597107, 0.997897664,
2049.202892431, 0.997460919,
2049.223324306, 0.998187675,
2049.243755982, 0.998252527,
2049.264187757, 0.997867567,
2049.284619633, 0.997918139,
2049.305051309, 0.998252969,
2049.325483085, 0.997962813,
2049.345914961, 0.997820989,
2049.366346638, 0.997764216,
2049.386778515, 0.998050715,
2049.407210292, 0.998167772,
2049.427641969, 0.998117232,
2049.448073847, 0.997912783,
2049.468505625, 0.998171732,
2049.488937403, 0.998364566,
2049.509369181, 0.998143956,
2049.529800959, 0.998022177,
2049.550232838, 0.998005056,
2049.570664517, 0.998608568,
2049.591096296, 0.998474495,
2049.611528175, 0.997975697,
2049.631959854, 0.997702808,
2049.672823514, 0.997967810,
2049.693255294, 0.998046795,
2049.713687075, 0.997614780,
2049.734118855, 0.997882388,
2049.774982417, 0.997865570,
2049.795414198, 0.997629555,
2049.815845880, 0.997527153,
2049.836277761, 0.997746564,
2049.856709543, 0.998288403,
2049.877141226, 0.997798379,
2049.918004891, 0.997385502,
2049.938436773, 0.997448026,
2049.958868456, 0.997957233,
2049.979300240, 0.997839566,
2049.999732123, 0.997864903,
2050.020163807, 0.997668515,
2050.040595591, 0.997773213,
2050.061027475, 0.997954761,
2050.081459159, 0.997565591,
2050.101891044, 0.997434765,
2050.122322829, 0.997298161,
2050.163186399, 0.997875828,
2050.183618185, 0.998051148,
2050.204049970, 0.997870211,
2050.224481756, 0.997628648,
2050.244913542, 0.997946940,
2050.265345429, 0.997722258,
2050.285777115, 0.997762432,
2050.306208902, 0.997421650,
2050.347072577, 0.997392988,
2050.367504264, 0.997623734,
2050.408367840, 0.997619850,
2050.428799628, 0.997842665,
2050.449231517, 0.997762728,
2050.469663205, 0.997698215,
2050.490095094, 0.997738855,
2050.510526883, 0.997591710,
2050.530958573, 0.997712268,
2050.551390462, 0.997353537,
2050.571822252, 0.997517939,
2050.592253942, 0.997827919,
2050.653549514, 0.997898828,
2050.673981205, 0.997578444,
2050.694412996, 0.997525318,
2050.714844887, 0.997134901,
2050.735276579, 0.997431287,
2050.755708371, 0.997810546,
2050.776140263, 0.997832408,
2050.796571955, 0.997752413,
2050.817003848, 0.997954061,
2050.837435641, 0.997975872,
2050.857867434, 0.998210483,
2050.919162814, 0.997975074,
2050.939594608, 0.997911797,
2050.960026403, 0.997694364,
2050.980458197, 0.997758437,
2051.000890092, 0.997530410,
2051.021321787, 0.997597129,
2051.041753682, 0.997638145,
2051.062185377, 0.997906317,
2051.082617173, 0.998035578,
2051.103049069, 0.998084465,
2051.164344458, 0.997911992,
2051.184776154, 0.997798153,
2051.205208051, 0.997909584,
2051.225639849, 0.998144873,
2051.246071546, 0.997954452,
2051.266503444, 0.998100691,
2051.286935242, 0.998148131,
2051.307366940, 0.998466713,
2051.327798838, 0.998101261,
2051.348230637, 0.998059982,
2051.368662536, 0.997525250,
2051.389094235, 0.997410717,
2051.409526035, 0.997528509,
2051.429957934, 0.997858424,
2051.450389634, 0.997428574,
2051.470821434, 0.997780648,
2051.491253335, 0.997384407,
2051.511685135, 0.997407324,
2051.532116836, 0.997580455,
2051.552548737, 0.997577990,
2051.572980538, 0.998010604,
2051.593412340, 0.997657063,
2051.634275944, 0.997602819,
2051.654707746, 0.997824766,
2051.675139548, 0.997947903,
2051.695571351, 0.997539276,
2051.716003154, 0.996882888,
2051.736434957, 0.997395594,
2051.756866861, 0.998368937,
2051.777298564, 0.998115017,
2051.797730368, 0.997454684,
2051.818162272, 0.997499167,
2051.838593977, 0.997769985,
2051.879457686, 0.997528051,
2051.899889391, 0.997357565,
2051.920321297, 0.997723838,
2051.940753102, 0.997887191,
2051.961184808, 0.997614223,
2051.981616714, 0.997500332,
2052.002048521, 0.997811327,
2052.022480227, 0.998038434,
2052.042912134, 0.997916170,
2052.063343941, 0.997580760,
2052.083775849, 0.997736252,
2052.124639364, 0.998000631,
2052.145071272, 0.997892334,
2052.165503080, 0.997659541,
2052.185934789, 0.997717951,
2052.206366698, 0.997844081,
2052.226798507, 0.997984294,
2052.247230216, 0.998198279,
2052.267662125, 0.997812235,
2052.288093935, 0.998132844,
2052.308525845, 0.998204911,
2052.328957555, 0.997989523,
2052.369821277, 0.998007531,
2052.390252988, 0.997816390,
2052.410684799, 0.997847990,
2052.431116610, 0.998191290,
2052.451548422, 0.997974574,
2052.471980334, 0.997573350,
2052.492412046, 0.997389587,
2052.512843859, 0.997645208,
2052.533275771, 0.997778501,
2052.553707484, 0.997829685,
2052.574139298, 0.996956126,
2052.615002925, 0.997171663,
2052.635434839, 0.997434894,
2052.655866653, 0.997593331,
2052.696730282, 0.997668253,
2052.717162097, 0.997794918,
2052.737593912, 0.997581751,
2052.758025728, 0.997668509,
2052.778457544, 0.997762541,
2052.798889360, 0.998058815,
2052.819321176, 0.997879270,
2052.860184909, 0.997761913,
2052.880616726, 0.997793463,
2052.901048443, 0.998211721,
2052.921480361, 0.997805955,
2052.941912178, 0.997620548,
2052.962343896, 0.997538765,
2052.982775814, 0.997816507,
2053.003207633, 0.997793253,
2053.023639552, 0.997583668,
2053.044071271, 0.997613006,
2053.064503090, 0.997411359,
2053.146230369, 0.997496406,
2053.166662190, 0.997415979,
2053.187094111, 0.997918048,
2053.207525832, 0.997713991,
2053.227957653, 0.997154448,
2053.248389574, 0.997057248,
2053.268821296, 0.997266156,
2053.289253118, 0.997791899,
2053.309685041, 0.998352780,
2053.370980509, 0.997971072,
2053.391412332, 0.998000822,
2053.411844156, 0.998107666,
2053.432275980, 0.998097658,
2053.473139628, 0.997310501,
2053.493571453, 0.997369442,
2053.514003277, 0.997648775,
2053.534435203, 0.997135267,
2053.554866928, 0.997102660,
2053.595730679, 0.996872362,
2053.616162406, 0.997045193,
2053.636594332, 0.997326445,
2053.657026159, 0.997467789,
2053.677457885, 0.997704036,
2053.697889813, 0.997467381,
2053.718321640, 0.997587557,
2053.738753468, 0.997820172,
2053.759185296, 0.998062310,
2053.779617124, 0.997855829,
2053.800048952, 0.997887739,
2053.840912510, 0.997900901,
2053.861344439, 0.997851859,
2053.881776269, 0.997704256,
2053.902208199, 0.998081373,
2053.922639929, 0.998382290,
2053.943071759, 0.998358131,
2053.963503689, 0.997597582,
2053.983935420, 0.997473554,
2054.004367251, 0.997888594,
2054.024799183, 0.997992712,
2054.045231014, 0.997595726,
2054.086094678, 0.997891064,
2054.106526511, 0.997631202,
2054.126958343, 0.997450520,
2054.147390176, 0.997279120,
2054.167822009, 0.997292391,
2054.188253943, 0.997302183,
2054.208685677, 0.996980714,
2054.229117511, 0.997228074,
2054.249549445, 0.997649877,
2054.269981179, 0.998020609,
2054.290413114, 0.997666549,
2054.331276684, 0.997922596,
2054.351708620, 0.998470872,
2054.372140456, 0.998280507,
2054.392572192, 0.997948141,
2054.413004128, 0.997434727,
2054.433435965, 0.997529789,
2054.453867802, 0.997639100,
2054.474299639, 0.997601589,
2054.494731376, 0.997370989,
2054.515163314, 0.997208230,
2054.535595152, 0.997543878,
2054.576458829, 0.997335642,
2054.596890667, 0.997222018,
2054.637754346, 0.997595558,
2054.658186185, 0.997785169,
2054.678618125, 0.997691937,
2054.699049865, 0.998028473,
2054.719481705, 0.997888663,
2054.739913646, 0.997707355,
2054.760345487, 0.997233923,
2054.780777328, 0.997193850,
2054.821641011, 0.997620796,
2054.842072853, 0.997761922,
2054.862504696, 0.997397027,
2054.882936538, 0.997410905,
2054.903368481, 0.997300809,
2054.923800224, 0.998124741,
2054.944232067, 0.997671460,
2054.964664011, 0.997609044,
2054.985095755, 0.997171649,
2055.005527699, 0.997513192,
2055.025959543, 0.997992719,
2055.087254978, 0.997645431,
2055.107686824, 0.997810564,
2055.128118769, 0.998144049,
2055.148550515, 0.998292182,
2055.168982462, 0.998094130,
2055.189414308, 0.997700140,
2055.209846055, 0.997653981,
2055.230278002, 0.997774120,
2055.250709850, 0.998179922,
2055.271141697, 0.998135126,
2055.291573545, 0.997670435,
2055.312005394, 0.997621215,
2055.332437342, 0.997891401,
2055.352869091, 0.998274465,
2055.373300940, 0.998193738,
2055.393732889, 0.997986355,
2055.414164739, 0.997991167,
2055.434596489, 0.998003174,
2055.455028439, 0.998226984,
2055.475460289, 0.997732666,
2055.495892140, 0.997619054,
2055.516323991, 0.997284025,
2055.557187794, 0.998095174,
2055.577619546, 0.998010530,
2055.598051398, 0.998105909,
2055.618483350, 0.997782119,
2055.638915103, 0.998018585,
2055.679778909, 0.997934389,
2055.700210662, 0.997802460,
2055.720642616, 0.998053621,
2055.741074370, 0.998219749,
2055.761506224, 0.998044953,
2055.802369934, 0.998066804,
2055.822801789, 0.998121144,
2055.843233744, 0.997988919,
2055.863665500, 0.998302965,
2055.884097456, 0.997506261,
2055.904529312, 0.997839182,
2055.924961169, 0.998158847,
2055.945393026, 0.998018834,
2055.965824883, 0.997981880,
2055.986256740, 0.998112939,
2056.006688598, 0.998061228,
2056.067984272, 0.997576977,
2056.088416031, 0.998007564,
2056.108847990, 0.997861873,
2056.129279850, 0.997597715,
2056.149711609, 0.997428643,
2056.170143569, 0.997368983,
2056.190575429, 0.997623554,
2056.211007390, 0.997413045,
2056.231439151, 0.997637985,
2056.251871012, 0.997770034,
2056.272302973, 0.997871837,
2056.292734735, 0.997540830,
2056.313166597, 0.997226786,
2056.333598559, 0.996882289,
2056.354030321, 0.997075013,
2056.374462184, 0.997261401,
2056.394894047, 0.996945816,
2056.415325910, 0.996977612,
2056.435757874, 0.997343880,
2056.456189738, 0.997349649,
2056.476621502, 0.997539503,
2056.497053466, 0.997648396,
2056.537917096, 0.997711288,
2056.558349061, 0.997591138,
2056.578780927, 0.997348149,
2056.599212793, 0.997186275,
2056.619644659, 0.997543657,
2056.640076526, 0.997838173,
2056.660508392, 0.997760760,
2056.680940259, 0.997826542,
2056.701372127, 0.997668853,
2056.721803994, 0.997751838,
2056.742235862, 0.997651334,
2056.783099699, 0.997518551,
2056.803531468, 0.997201160,
2056.823963437, 0.997200040,
2056.844395306, 0.997108365,
2056.864827076, 0.997365184,
2056.885259045, 0.997613029,
2056.905690916, 0.998023652,
2056.926122886, 0.997719109,
2056.946554657, 0.997401711,
2056.966986528, 0.997414266,
2056.987418499, 0.997362642,
2057.028282143, 0.997624271,
2057.048714115, 0.997642917,
2057.069145888, 0.997346754,
2057.089577760, 0.997400587,
2057.110009634, 0.997633707,
2057.130441507, 0.997887220,
2057.150873481, 0.997830939,
2057.171305255, 0.997825196,
2057.191737129, 0.998071411,
2057.212169103, 0.997862379,
2057.232600978, 0.997897601,
2057.293896605, 0.997550123,
2057.314328481, 0.997568000,
2057.334760357, 0.997532534,
