BJD - 2454833, Corrected Flux
1977.262444703, 1.003233464,
1977.282876965, 1.003232562,
1977.303309127, 1.003208898,
1977.364606010, 1.003464781,
1977.385038270, 1.003380730,
1977.405470529, 1.003333357,
1977.425902788, 1.003354900,
1977.446335146, 1.003440113,
1977.466767304, 1.003515869,
1977.487199662, 1.003280491,
1977.507631919, 1.003294795,
1977.528064076, 1.003402287,
1977.548496432, 1.003454192,
1977.568928688, 1.003472718,
1977.589360843, 1.003395489,
1977.609793198, 1.003513215,
1977.630225452, 1.003556551,
1977.650657606, 1.003376137,
1977.671089959, 1.003459387,
1977.691522212, 1.003527284,
1977.711954364, 1.003351615,
1977.732386716, 1.003410328,
1977.752818967, 1.003351612,
1977.773251118, 1.003481536,
1977.793683469, 1.003419059,
1977.814115719, 1.003428728,
1977.834547969, 1.003543548,
1977.854980217, 1.003415975,
1977.875412466, 1.003593726,
1977.895844714, 1.003567715,
1977.916276962, 1.003428314,
1977.936709209, 1.003462840,
1977.957141556, 1.003563288,
1977.977573702, 1.003611644,
1977.998005948, 1.003527267,
1978.018438293, 1.003452218,
1978.038870438, 1.003579802,
1978.059302683, 1.003459876,
1978.079735026, 1.003599349,
1978.100167170, 1.003526711,
1978.120599413, 1.003451686,
1978.141031755, 1.003573223,
1978.161463898, 1.003622751,
1978.181896139, 1.003522597,
1978.202328480, 1.003442436,
1978.222760621, 1.003481012,
1978.243192961, 1.003515278,
1978.263625201, 1.003561519,
1978.284057440, 1.003684878,
1978.304489679, 1.003487335,
1978.324921917, 1.003357171,
1978.345354155, 1.003663554,
1978.365786393, 1.003487853,
1978.386218630, 1.003495022,
1978.406650866, 1.003456005,
1978.427083102, 1.003556040,
1978.447515338, 1.003578095,
1978.467947573, 1.003606495,
1978.488379807, 1.003489529,
1978.508812042, 1.003541392,
1978.590540874, 1.003474744,
1978.610973206, 1.003588814,
1978.631405437, 1.003584775,
1978.651837768, 1.003477808,
1978.672269898, 1.003534242,
1978.692702128, 1.003492685,
1978.713134458, 1.003706311,
1978.733566587, 1.003567838,
1978.753998815, 1.003443923,
1978.774431144, 1.003634678,
1978.794863371, 1.003605284,
1978.815295499, 1.003584834,
1978.835727825, 1.003602035,
1978.856160052, 1.003557076,
1978.876592177, 1.003625555,
1978.917456728, 1.003590643,
1978.937888853, 1.003677981,
1978.958321177, 1.003552670,
1978.978753400, 1.003479211,
1978.999185523, 1.003464401,
1979.019617846, 1.003498181,
1979.060482190, 1.003532421,
1979.080914511, 1.003531348,
1979.101346732, 1.003634650,
1979.121779052, 1.003565222,
1979.142211172, 1.003389916,
1979.162643392, 1.003481309,
1979.183075610, 1.003378947,
1979.203507829, 1.003519128,
1979.223940047, 1.003378894,
1979.244372265, 1.003404395,
1979.264804482, 1.003475900,
1979.285236698, 1.003631313,
1979.305668915, 1.003517266,
1979.326101130, 1.003469851,
1979.346533346, 1.003437987,
1979.366965661, 1.003379271,
1979.387397775, 1.003553935,
1979.407829989, 1.003471180,
1979.428262302, 1.003545950,
1979.448694415, 1.003495755,
1979.469126628, 1.003432865,
1979.489558940, 1.003536974,
1979.509991051, 1.003656040,
1979.530423263, 1.003632891,
1979.550855574, 1.003473242,
1979.571287684, 1.003459087,
1979.591719994, 1.003409621,
1979.612152203, 1.003523544,
1979.632584412, 1.003574966,
1979.653016621, 1.003528779,
1979.673448829, 1.003670181,
1979.693881036, 1.003558064,
1979.714313243, 1.003651875,
1979.734745450, 1.003553980,
1979.755177656, 1.003449120,
1979.775609862, 1.003553713,
1979.796042067, 1.003527892,
1979.816474272, 1.003406753,
1979.836906577, 1.003444931,
1979.857338681, 1.003540459,
1979.877770884, 1.003430111,
1979.898203087, 1.003548987,
1979.918635290, 1.003420879,
1979.959499693, 1.003500973,
1980.000364096, 1.003377593,
1980.020796296, 1.003339708,
1980.041228496, 1.003493752,
1980.061660795, 1.003497220,
1980.082092894, 1.003474022,
1980.102525093, 1.003497795,
1980.122957391, 1.003539943,
1980.143389488, 1.003419463,
1980.163821686, 1.003432306,
1980.184253982, 1.003419999,
1980.204686179, 1.003282374,
1980.225118274, 1.003415289,
1980.245550570, 1.003464145,
1980.265982764, 1.003426588,
1980.286414859, 1.003571167,
1980.306847153, 1.003518673,
1980.327279347, 1.003570284,
1980.347711440, 1.003528654,
1980.368143733, 1.003423149,
1980.388575925, 1.003546115,
1980.409008017, 1.003584895,
1980.429440308, 1.003426780,
1980.449872499, 1.003557364,
1980.470304689, 1.003556045,
1980.490736879, 1.003366471,
1980.511169069, 1.003536881,
1980.531601358, 1.003455338,
1980.552033447, 1.003515426,
1980.572465635, 1.003506469,
1980.592897923, 1.003459444,
1980.613330010, 1.003506840,
1980.633762197, 1.003467747,
1980.654194483, 1.003467824,
1980.674626569, 1.003363995,
1980.695058755, 1.003441748,
1980.715491040, 1.003445079,
1980.735923125, 1.003495955,
1980.756355309, 1.003348397,
1980.776787593, 1.003351859,
1980.797219676, 1.003491066,
1980.817651859, 1.003463182,
1980.838084141, 1.003384499,
1980.858516223, 1.003450561,
1980.878948405, 1.003479398,
1980.899380686, 1.003459684,
1980.919812766, 1.003558460,
1980.940244947, 1.003710608,
1980.960677226, 1.003490195,
1980.981109306, 1.003780492,
1981.042405941, 1.003756441,
1981.062838119, 1.003511356,
1981.083270295, 1.003353530,
1981.103702472, 1.003458184,
1981.124134648, 1.003412107,
1981.144566824, 1.003515591,
1981.164999000, 1.003473236,
1981.185431275, 1.003416405,
1981.205863349, 1.003353467,
1981.226295523, 1.003432047,
1981.246727797, 1.003370103,
1981.267159870, 1.003351658,
1981.287592043, 1.003363983,
1981.308024314, 1.003460014,
1981.328456386, 1.003328535,
1981.348888558, 1.003389995,
1981.369320829, 1.003320913,
1981.389752899, 1.003370624,
1981.410185069, 1.003328151,
1981.430617239, 1.003230803,
1981.451049408, 1.003379376,
1981.594074680, 1.003357625,
1981.614506846, 1.003159607,
1981.634938911, 1.003341729,
1981.655371176, 1.003340823,
1981.675803340, 1.003487767,
1981.696235404, 1.003303681,
1981.716667667, 1.003282499,
1981.737099830, 1.003284741,
1981.757531893, 1.003393663,
1981.777964155, 1.003206353,
1981.798396317, 1.003389337,
1981.818828378, 1.003214841,
1981.839260639, 1.003176249,
1981.859692800, 1.003301035,
1981.880124959, 1.003278771,
1981.900557119, 1.003323911,
1981.920989278, 1.003172214,
1981.941421537, 1.003228258,
1981.961853595, 1.003230011,
1981.982285753, 1.003184756,
1982.002718010, 1.003274519,
1982.023150167, 1.003287904,
1982.043582224, 1.003270931,
1982.064014480, 1.003077513,
1982.084446636, 1.003225192,
1982.104878691, 1.003358700,
1982.125310945, 1.003388149,
1982.145743000, 1.003401151,
1982.166175153, 1.003211495,
1982.186607407, 1.003418191,
1982.207039460, 1.003297373,
1982.227471613, 1.003225657,
1982.247903865, 1.003287894,
1982.268335917, 1.003420497,
1982.288768068, 1.003374145,
1982.309200319, 1.003205445,
1982.329632369, 1.003200586,
1982.350064519, 1.003254727,
1982.370496769, 1.003271928,
1982.390928918, 1.003326628,
1982.411361067, 1.003171487,
1982.431793215, 1.003148887,
1982.452225363, 1.003434500,
1982.472657510, 1.003408969,
1982.493089657, 1.003237250,
1982.513521804, 1.003340347,
1982.533954050, 1.003257602,
1982.554386096, 1.003377583,
1982.574818241, 1.003205668,
1982.595250486, 1.003239293,
1982.615682530, 1.005505875,
1982.636114674, 1.003286265,
1982.656546917, 1.003222546,
1982.676978961, 1.003342734,
1982.697411103, 1.003125023,
1982.717843346, 1.003253015,
1982.738275387, 1.003293555,
1982.758707529, 1.003183254,
1982.779139770, 1.003230414,
1982.799571811, 1.003252116,
1982.820003950, 1.003331471,
1982.840436190, 1.003217344,
1982.860868330, 1.003282252,
1982.881300468, 1.003163147,
1982.901732607, 1.003375328,
1982.922164644, 1.003213224,
1982.942596882, 1.003328382,
1982.983461056, 1.003091525,
1983.003893292, 1.003121947,
1983.024325428, 1.003387522,
1983.044757463, 1.003182907,
1983.065189699, 1.002954791,
1983.085621833, 1.003195137,
1983.106053867, 1.003152393,
1983.126486101, 1.003190578,
1983.146918234, 1.003047977,
1983.167350267, 1.003233545,
1983.187782499, 1.003230034,
1983.208214632, 1.003146551,
1983.228646763, 1.003246117,
1983.249078894, 1.003141765,
1983.269511025, 1.003203472,
1983.289943155, 1.003154468,
1983.310375285, 1.003197446,
1983.330807415, 1.003081869,
1983.351239644, 1.003205926,
1983.371671772, 1.003156133,
1983.392103801, 1.002923994,
1983.412536028, 1.003040651,
1983.473832409, 1.002970422,
1983.494264535, 1.003022672,
1983.514696561, 1.003153137,
1983.535128786, 1.002976636,
1983.555560911, 1.003035637,
1983.575992935, 1.003389837,
1983.596425159, 1.003241770,
1983.616857283, 1.003174102,
1983.637289306, 1.003276858,
1983.657721529, 1.003099079,
1983.678153551, 1.003109265,
1983.698585773, 1.003133381,
1983.719017895, 1.003137453,
1983.739449916, 1.003171684,
1983.759882036, 1.003211306,
1983.780314256, 1.003236050,
1983.800746376, 1.003225633,
1983.821178496, 1.003208792,
1983.841610614, 1.003119445,
1983.862042733, 1.003072614,
1983.882474951, 1.003095954,
1983.902906969, 1.003212775,
1983.923339086, 1.003279555,
1983.943771303, 1.003231813,
1983.964203319, 1.003056602,
1983.984635435, 1.003301356,
1984.005067651, 1.003192291,
1984.025499666, 1.003170576,
1984.045931781, 1.003148470,
1984.066363995, 1.003172766,
1984.086796009, 1.003157205,
1984.107228122, 1.003048652,
1984.127660336, 1.003009690,
1984.148092348, 1.003190384,
1984.168524461, 1.003041958,
1984.188956672, 1.003085702,
1984.209388784, 1.003094605,
1984.229820795, 1.003223957,
1984.250253005, 1.003084000,
1984.270685116, 1.003128916,
1984.291117225, 1.003236999,
1984.311549334, 1.003073307,
1984.331981443, 1.003072542,
1984.352413652, 1.003106236,
1984.372845660, 1.003104188,
1984.393277668, 1.003444227,
1984.413709875, 1.003103135,
1984.475006194, 1.003059242,
1984.495438300, 1.003151872,
1984.515870305, 1.003084908,
1984.536302510, 1.003033101,
1984.556734614, 1.003121603,
1984.577166618, 1.003196498,
1984.597598822, 1.003192477,
1984.618030925, 1.003211875,
1984.638463028, 1.003131524,
1984.658895130, 1.003211355,
1984.679327232, 1.003139247,
1984.699759333, 1.003042265,
1984.720191534, 1.003119742,
1984.740623535, 1.003142565,
1984.761055735, 1.002970487,
1984.781487835, 1.003142864,
1984.801919835, 1.003112210,
1984.822352034, 1.003083875,
1984.842784132, 1.003143100,
1984.863216130, 1.003128690,
1984.883648328, 1.003059302,
1984.904080425, 1.003196701,
1984.985808711, 1.002781497,
1985.006240906, 1.002932413,
1985.026673001, 1.003000518,
1985.047105096, 1.002921474,
1985.067537190, 1.002868576,
1985.087969284, 1.002994715,
1985.108401377, 1.002916796,
1985.128833470, 1.003036574,
1985.149265562, 1.002970533,
1985.169697554, 1.002951649,
1985.190129746, 1.003056394,
1985.210561837, 1.003002298,
1985.230994028, 1.003063094,
1985.251426018, 1.002859930,
1985.271858109, 1.002904883,
1985.292290298, 1.003009048,
1985.312722287, 1.002929959,
1985.333154376, 1.002958856,
1985.353586564, 1.003101785,
1985.374018552, 1.003071985,
1985.394450640, 1.003014739,
1985.455746900, 1.003053545,
1985.476179086, 1.002897973,
1985.496611072, 1.003020688,
1985.517043157, 1.003072829,
1985.537475342, 1.003005439,
1985.557907426, 1.002859613,
1985.578339410, 1.003009587,
1985.598771594, 1.002932353,
1985.619203677, 1.002773792,
1985.639635659, 1.003050175,
1985.660067842, 1.002913421,
1985.680499923, 1.002954616,
1985.700932105, 1.002947140,
1985.721364086, 1.002917940,
1985.741796167, 1.002876708,
1985.762228347, 1.002810016,
1985.782660327, 1.002809091,
1985.803092407, 1.002909485,
1985.823524586, 1.002998272,
1985.843956564, 1.003016538,
1985.864388643, 1.002766002,
1985.884820720, 1.003003755,
1985.946116952, 1.003015750,
1985.966549028, 1.003011933,
1985.986981104, 1.003163382,
1986.007413180, 1.003049762,
1986.027845254, 1.003122721,
1986.048277329, 1.003019155,
1986.089141477, 1.002862105,
1986.109573551, 1.002903447,
1986.130005724, 1.003064367,
1986.150437697, 1.002866965,
1986.170869869, 1.002952255,
1986.191301941, 1.002877687,
1986.211733912, 1.002756943,
1986.252598154, 1.002995298,
1986.273030124, 1.002845872,
1986.293462294, 1.002931923,
1986.313894364, 1.002948944,
1986.334326333, 1.002929614,
1986.354758502, 1.002878065,
1986.375190570, 1.002882166,
1986.395622638, 1.002953992,
1986.416054705, 1.002863411,
1986.436486772, 1.002916846,
1986.456918839, 1.002972321,
1986.477350905, 1.002857713,
1986.497782971, 1.003134637,
1986.518215037, 1.002840785,
1986.538647202, 1.002873069,
1986.559079167, 1.003003723,
1986.599943295, 1.002628831,
1986.681671547, 1.002917282,
1986.702103709, 1.002783634,
1986.722535670, 1.002953618,
1986.742967732, 1.002817772,
1986.763399892, 1.002829575,
1986.783831853, 1.002742580,
1986.804263913, 1.002869494,
1986.845128032, 1.002654481,
1986.865560090, 1.003038967,
1986.926856264, 1.002809358,
1986.947288422, 1.002699773,
1986.967720478, 1.002892490,
1986.988152435, 1.002762875,
1987.008584591, 1.002679765,
1987.029016647, 1.002795812,
1987.049448602, 1.002825821,
1987.069880757, 1.002746757,
1987.090312811, 1.002763964,
1987.110744965, 1.002755474,
1987.172041125, 1.002935547,
1987.192473078, 1.002880700,
1987.212905130, 1.002724622,
1987.233337282, 1.002696844,
1987.253769234, 1.002926233,
1987.274201284, 1.002816693,
1987.294633435, 1.002706404,
1987.315065385, 1.002792788,
1987.335497435, 1.002841866,
1987.355929584, 1.002872753,
1987.376361533, 1.002700764,
1987.396793582, 1.002858128,
1987.417225630, 1.002752939,
1987.437657678, 1.002818686,
1987.458089726, 1.002788069,
1987.478521873, 1.002705912,
1987.498953820, 1.002632864,
1987.519385966, 1.002684908,
1987.539818012, 1.002724176,
1987.560249957, 1.002715070,
1987.580682103, 1.002743074,
1987.601114147, 1.002676016,
1987.662410279, 1.002823528,
1987.682842222, 1.002689646,
1987.703274365, 1.002786955,
1987.723706408, 1.002683665,
1987.744138450, 1.002644922,
1987.764570492, 1.002907951,
1987.785002533, 1.002672159,
1987.805434574, 1.002739216,
1987.825866614, 1.002643358,
1987.846298654, 1.002694967,
1987.907594772, 1.002753176,
1987.928026811, 1.002927851,
1987.948458949, 1.002809876,
1987.968890887, 1.002659072,
1987.989323025, 1.002706242,
1988.009755062, 1.002749838,
1988.030186999, 1.002749753,
1988.050619135, 1.002785428,
1988.071051171, 1.002684527,
1988.091483106, 1.002781480,
1988.111915242, 1.002813070,
1988.132347176, 1.002650543,
1988.152779211, 1.002638635,
1988.173211345, 1.002770114,
1988.193643278, 1.002629169,
1988.214075312, 1.002599214,
1988.234507445, 1.002830881,
1988.254939377, 1.002693345,
1988.275371409, 1.002726504,
1988.295803541, 1.002700002,
1988.316235572, 1.002488198,
1988.336667503, 1.002691359,
1988.397963594, 1.002765728,
1988.418395723, 1.002842660,
1988.438827752, 1.002704099,
1988.459259881, 1.002515575,
1988.479691810, 1.002771590,
1988.500123837, 1.002756262,
1988.520555964, 1.002728828,
1988.540987892, 1.002629415,
1988.561419918, 1.002548408,
1988.581852045, 1.002552119,
1988.643148122, 1.002864758,
1988.663580047, 1.002635393,
1988.684012072, 1.002810345,
1988.704444196, 1.002795752,
1988.724876120, 1.002743660,
1988.745308143, 1.002483779,
1988.765740266, 1.002759232,
1988.786172288, 1.002776642,
1988.806604211, 1.002667030,
1988.827036333, 1.002588497,
1988.908764316, 1.002649118,
1988.929196436, 1.002753420,
1988.949628456, 1.002600550,
1988.970060375, 1.002731234,
1988.990492495, 1.002677942,
1989.010924513, 1.002745402,
1989.031356431, 1.002581122,
1989.051788549, 1.002641340,
1989.072220566, 1.002584380,
1989.092652483, 1.002584007,
1989.113084600, 1.002648784,
1989.133516616, 1.002606941,
1989.153948632, 1.002610873,
1989.174380648, 1.002580175,
1989.194812663, 1.002516360,
1989.215244677, 1.002411642,
1989.235676692, 1.002546470,
1989.256108706, 1.002509309,
1989.276540720, 1.002585907,
1989.296972833, 1.002528380,
1989.378700783, 1.002623953,
1989.399132894, 1.002523341,
1989.419564905, 1.002590960,
1989.439996816, 1.002513462,
1989.460428926, 1.002453567,
1989.480860936, 1.002538510,
1989.501292846, 1.002581700,
1989.521724955, 1.002422096,
1989.542156964, 1.002467362,
1989.562588872, 1.002549087,
1989.583020980, 1.002388716,
1989.603452988, 1.002448800,
1989.623884896, 1.002476231,
1989.644317003, 1.002397765,
1989.664749009, 1.002420381,
1989.685180916, 1.002551995,
1989.705613022, 1.002458682,
1989.726045027, 1.002434124,
1989.746476932, 1.002573873,
1989.766909037, 1.002510105,
1989.787341042, 1.002370745,
1989.807772945, 1.002617211,
1989.869069156, 1.002410861,
1989.889501058, 1.002536414,
1989.909933060, 1.002507136,
1989.930365162, 1.002519324,
1989.950797064, 1.002489824,
1989.971229065, 1.002471984,
1989.991661166, 1.002666063,
1990.012093066, 1.002503338,
1990.032525066, 1.002473137,
1990.052957166, 1.002621911,
1990.073389065, 1.002663600,
1990.093821064, 1.002525603,
1990.114253162, 1.002525696,
1990.134685161, 1.002481786,
1990.155117059, 1.002480761,
1990.175549156, 1.002606350,
1990.195981153, 1.002530442,
1990.216413050, 1.002518771,
1990.236845146, 1.005043741,
1990.257277142, 1.002435931,
1990.277709138, 1.002489801,
1990.298141133, 1.002466682,
1990.359437117, 1.002476953,
1990.379869011, 1.002420691,
1990.400301104, 1.002481818,
1990.441164990, 1.002454010,
1990.461597083, 1.002540935,
1990.482029075, 1.002638924,
1990.502461067, 1.002582292,
1990.522893058, 1.002611106,
1990.543325049, 1.002471149,
1990.604621020, 1.002600810,
1990.625053009, 1.002487430,
1990.645485099, 1.002584169,
1990.665916987, 1.002467946,
1990.686348976, 1.002702211,
1990.706781064, 1.002380804,
1990.727212951, 1.002423274,
1990.747645039, 1.002448125,
1990.768077026, 1.002428391,
1990.788508913, 1.002472024,
1990.849804870, 1.002347381,
1990.870236955, 1.002512402,
1990.890668941, 1.002426572,
1990.911100825, 1.002639231,
1990.931532909, 1.002289873,
1990.951964893, 1.002449308,
1990.972396876, 1.002237731,
1990.992828859, 1.002395253,
1991.013260842, 1.002470527,
1991.033692825, 1.002588496,
1991.054124807, 1.002319654,
1991.074556788, 1.002391856,
1991.094988670, 1.002466958,
1991.115420750, 1.002621411,
1991.156284811, 1.002436589,
1991.176716691, 1.002381786,
1991.197148671, 1.002446082,
1991.217580750, 1.002501876,
1991.238012629, 1.002330819,
1991.258444607, 1.002516880,
1991.340172617, 1.002256493,
1991.360604495, 1.002276673,
1991.381036471, 1.002235573,
1991.401468547, 1.002263976,
1991.421900422, 1.002346000,
1991.442332398, 1.002235031,
1991.462764473, 1.002199350,
1991.483196447, 1.002200221,
1991.503628321, 1.002334167,
1991.524060395, 1.002302734,
1991.544492369, 1.002376328,
1991.564924242, 1.002265978,
1991.585356315, 1.002282382,
1991.605788287, 1.002359941,
1991.626220360, 1.002401999,
1991.646652231, 1.002342059,
1991.667084203, 1.002415020,
1991.687516274, 1.002445110,
1991.707948145, 1.002374113,
1991.728380115, 1.002488539,
1991.748812085, 1.002320224,
1991.769244055, 1.002391100,
1991.789676024, 1.002509892,
1991.810107993, 1.002486360,
1991.830539962, 1.002548938,
1991.850971930, 1.002457805,
1991.871403898, 1.002597111,
1991.891835865, 1.002507856,
1991.912267833, 1.002343824,
1991.932699799, 1.002275104,
1991.953131766, 1.002358381,
1991.973563732, 1.002467233,
1991.993995798, 1.002529322,
1992.075723558, 1.002434910,
1992.096155622, 1.002383326,
1992.116587586, 1.002305643,
1992.137019449, 1.002290694,
1992.157451512, 1.002636069,
1992.177883475, 1.002288927,
1992.198315337, 1.002485521,
1992.218747399, 1.002352387,
1992.239179361, 1.002359226,
1992.259611223, 1.002267403,
1992.300475244, 1.002306081,
1992.320907204, 1.002127790,
1992.341339164, 1.002203407,
1992.361771124, 1.002275725,
1992.382203083, 1.002169829,
1992.402635042, 1.002249691,
1992.423067001, 1.002375829,
1992.443499059, 1.002363738,
1992.463931017, 1.002360757,
1992.484362875, 1.002202559,
1992.504794932, 1.002257851,
1992.525226789, 1.002384482,
1992.545658745, 1.002342819,
1992.566090801, 1.002358246,
1992.586522657, 1.002376233,
1992.606954613, 1.002290523,
1992.647818523, 1.002364129,
1992.668250477, 1.002451650,
1992.688682531, 1.002299255,
1992.709114385, 1.002348572,
1992.729546339, 1.002404085,
1992.749978392, 1.002390606,
1992.811274249, 1.002294283,
1992.831706201, 1.002232290,
1992.852138152, 1.002323144,
1992.872570103, 1.002217514,
1992.893002054, 1.002097238,
1992.913434004, 1.002260453,
1992.933865955, 1.002280870,
1992.954297904, 1.002303286,
1992.974729954, 1.002225446,
1992.995161803, 1.002385013,
1993.015593752, 1.002329885,
1993.036025800, 1.002360919,
1993.056457648, 1.002226179,
1993.076889595, 1.002197208,
1993.097321643, 1.002395496,
1993.117753490, 1.002321398,
1993.138185437, 1.002459024,
1993.158617483, 1.002207273,
1993.179049329, 1.002208547,
1993.199481275, 1.002255601,
1993.219913320, 1.002382772,
1993.301640998, 1.002157343,
1993.322073042, 1.002127977,
1993.342504985, 1.002293640,
1993.362936828, 1.002257701,
1993.383368871, 1.002307620,
1993.403800813, 1.002142764,
1993.424232655, 1.002245061,
1993.444664697, 1.002248760,
1993.465096638, 1.002200163,
1993.485528479, 1.002091788,
1993.546824300, 1.002107295,
1993.567256339, 1.002211134,
1993.587688279, 1.002142413,
1993.608120118, 1.002214923,
1993.628552156, 1.002273411,
1993.648984095, 1.002274097,
1993.669416133, 1.002154779,
1993.689847971, 1.002184853,
1993.710279908, 1.002242583,
1993.730711945, 1.002223824,
1993.751143781, 1.002154326,
1993.771575718, 1.002363775,
1993.792007754, 1.002250708,
1993.812439689, 1.002207180,
1993.832871525, 1.002308000,
1993.853303560, 1.002091321,
1993.873735494, 1.002175650,
1993.894167329, 1.002321661,
1993.914599363, 1.002131141,
1993.935031296, 1.002263405,
1993.955463130, 1.002263873,
1994.037190960, 1.002167081,
1994.057622792, 1.002173793,
1994.078054823, 1.002270167,
1994.098486754, 1.002244481,
1994.118918585, 1.002199192,
1994.139350615, 1.002183966,
1994.159782545, 1.002272404,
1994.180214475, 1.002150293,
1994.200646405, 1.002249792,
1994.221078334, 1.002227454,
1994.282374119, 1.002235489,
1994.302806047, 1.002120637,
1994.323237974, 1.002239727,
1994.343669901, 1.002242842,
1994.364101828, 1.002176171,
1994.384533855, 1.002035061,
1994.404965681, 1.002068833,
1994.425397607, 1.002168817,
1994.445829632, 1.002077663,
1994.466261457, 1.002313438,
1994.486693482, 1.002279379,
1994.527557231, 1.002267244,
1994.547989255, 1.002091757,
1994.568421178, 1.002074275,
1994.588853002, 1.002168290,
1994.609285025, 1.002170180,
1994.629716947, 1.002280175,
1994.650148869, 1.002115031,
1994.670580791, 1.002148948,
1994.691012713, 1.002275012,
1994.711444534, 1.002058687,
1994.772740296, 1.002283335,
1994.793172316, 1.002154834,
1994.813604236, 1.002207438,
1994.834036055, 1.002301268,
1994.874899993, 1.002339195,
1994.895332012, 1.002088513,
1994.915763830, 1.002057982,
1994.936195747, 1.002028515,
1995.017923515, 1.002228425,
1995.038355332, 1.002197957,
1995.058787247, 1.002100607,
1995.079219263, 1.002153900,
1995.099651078, 1.002179114,
1995.120082993, 1.002174725,
1995.140515007, 1.002231047,
1995.160946822, 1.002054834,
1995.181378736, 1.002062984,
1995.201810749, 1.002086845,
1995.263106488, 1.002049972,
1995.283538401, 1.002145377,
1995.303970313, 1.002175191,
1995.324402224, 1.002317554,
1995.344834136, 1.002045202,
1995.365266047, 1.002147666,
1995.385697958, 1.002251281,
1995.406129868, 1.002095909,
1995.426561778, 1.002130132,
1995.446993688, 1.002218160,
1995.467425597, 1.002274766,
1995.487857507, 1.002156876,
1995.508289416, 1.002241414,
1995.528721224, 1.002065738,
1995.549153233, 1.002128085,
1995.569585140, 1.001996010,
1995.590017048, 1.002231873,
1995.610448955, 1.002036133,
1995.630880862, 1.002103001,
1995.651312769, 1.002079351,
1995.671744675, 1.002082053,
1995.753472298, 1.002205836,
1995.773904302, 1.002099165,
1995.794336207, 1.002117711,
1995.814768011, 1.002373272,
1995.835200015, 1.002350844,
1995.855631919, 1.002138591,
1995.876063722, 1.002164461,
1995.896495725, 1.002147150,
1995.916927627, 1.002164880,
1995.937359430, 1.002124614,
1995.998655135, 1.002120986,
1996.019087136, 1.002097043,
1996.039519037, 1.002103243,
1996.059950937, 1.002271728,
1996.080382837, 1.002073052,
1996.100814737, 1.002163991,
1996.121246636, 1.002180684,
1996.141678535, 1.002137982,
1996.162110434, 1.002256543,
1996.182542333, 1.002114875,
1996.202974231, 1.002139409,
1996.223406129, 1.002277378,
1996.243838127, 1.002274742,
1996.264269924, 1.002183640,
1996.284701821, 1.002216150,
1996.305133818, 1.002248949,
1996.325565615, 1.002237262,
1996.345997511, 1.002014722,
1996.366429506, 1.002140021,
1996.386861302, 1.002004567,
1996.407293197, 1.002262444,
1996.427725192, 1.002207009,
1996.489020875, 1.002290934,
1996.509452668, 1.002180320,
1996.529884662, 1.002223860,
1996.550316555, 1.002076703,
1996.570748448, 1.002109795,
1996.591180340, 1.001991132,
1996.611612232, 1.002196591,
1996.632044124, 1.002142202,
1996.652476016, 1.002150164,
1996.672907907, 1.002074679,
1996.734203579, 1.002163475,
1996.754635469, 1.001921406,
1996.775067458, 1.002105852,
1996.795499248, 1.002060578,
1996.815931137, 1.002069439,
1996.836363126, 1.002084508,
1996.856794914, 1.002153506,
1996.877226802, 1.002176757,
1996.897658690, 1.002096443,
1996.918090578, 1.002113384,
1996.979386239, 1.002019037,
1996.999818225, 1.002191357,
1997.020250011, 1.002064567,
1997.040681897, 1.002106041,
1997.061113883, 1.002098126,
1997.101977553, 1.001985028,
1997.122409537, 1.002008959,
1997.142841422, 1.001980865,
1997.163273205, 1.002089777,
1997.224568856, 1.001970256,
1997.245000839, 1.002019509,
1997.265432721, 1.002056544,
1997.285864503, 1.002151312,
1997.306296485, 1.002118759,
1997.326728367, 1.002171874,
1997.347160348, 1.002041306,
1997.367592129, 1.001977210,
1997.388024010, 1.001968269,
1997.408455990, 1.001980634,
1997.428887770, 1.002127199,
1997.449319650, 1.002064006,
1997.469751629, 1.002009916,
1997.490183409, 1.001906506,
1997.510615288, 1.001995169,
1997.531047266, 1.001928619,
1997.551479145, 1.001732986,
1997.571910923, 1.001972531,
1997.592342900, 1.001908747,
1997.612774678, 1.001757697,
1997.633206555, 1.001872695,
1997.735365936, 1.001936463,
1997.755797912, 1.001985618,
1997.776229787, 1.001959042,
1997.796661561, 1.001836634,
1997.817093536, 1.002001761,
1997.837525410, 1.002016538,
1997.857957184, 1.002019615,
1997.898821031, 1.001843369,
1997.960116649, 1.001937395,
1997.980548521, 1.001967319,
1998.000980393, 1.001894694,
1998.021412265, 1.001899238,
1998.041844136, 1.002112244,
1998.062276107, 1.001979335,
1998.082707878, 1.001880426,
1998.103139848, 1.001917120,
1998.123571718, 1.001881976,
1998.144003488, 1.002153845,
1998.164435458, 1.001976574,
1998.184867327, 1.001943639,
1998.205299096, 1.001974318,
1998.225731065, 1.002087133,
1998.246162933, 1.001911955,
1998.266594701, 1.001947830,
1998.287026669, 1.001814199,
1998.307458536, 1.001976084,
1998.348322271, 1.001956494,
1998.368754037, 1.001780596,
1998.450481501, 1.001904442,
1998.470913466, 1.002007351,
1998.491345331, 1.002063143,
1998.511777196, 1.002069189,
1998.532209060, 1.001946554,
1998.552640924, 1.001883378,
1998.573072888, 1.002021336,
1998.593504651, 1.001926168,
1998.613936515, 1.002018938,
1998.634368478, 1.001961730,
1998.695664065, 1.001918607,
1998.716095826, 1.001812180,
1998.736527688, 1.001916294,
1998.756959649, 1.001753872,
1998.777391410, 1.001784954,
1998.797823271, 1.001848465,
1998.818255231, 1.001879430,
1998.838686991, 1.001834613,
1998.859118851, 1.001826659,
1998.879550810, 1.001769193,
1998.899982670, 1.001900300,
1998.920414529, 1.001790566,
1998.940846387, 1.001946188,
1998.961278246, 1.001926556,
1998.981710104, 1.001732723,
1999.002141961, 1.001843001,
1999.022573819, 1.001818957,
1999.043005776, 1.001748635,
1999.063437533, 1.001688704,
1999.083869390, 1.001809390,
1999.104301246, 1.001895378,
1999.124733102, 1.001801289,
1999.186028669, 1.001864461,
1999.206460424, 1.001771181,
1999.226892379, 1.001834954,
1999.247324233, 1.001842743,
1999.267756187, 1.001952864,
1999.288187941, 1.001845143,
1999.308619795, 1.001778290,
1999.329051748, 1.001702683,
1999.349483501, 1.001755615,
1999.369915354, 1.001869718,
1999.390347307, 1.001764590,
1999.410779159, 1.001711810,
1999.431210911, 1.001532977,
1999.451642862, 1.001885225,
1999.472074714, 1.001728088,
1999.492506465, 1.001627380,
1999.512938416, 1.001780012,
1999.533370266, 1.001450851,
1999.553802017, 1.001507211,
1999.574233967, 1.001549963,
1999.594665816, 1.001465919,
1999.676393312, 1.001660913,
1999.696825061, 1.001749815,
1999.717256909, 1.001571016,
1999.737688856, 1.001705054,
1999.758120604, 1.001596122,
1999.778552451, 1.001742166,
1999.798984398, 1.001771568,
1999.819416145, 1.001691274,
1999.921575374, 1.001901839,
1999.942007219, 1.001856079,
1999.962439064, 1.001822898,
1999.982871008, 1.001867545,
2000.003302753, 1.001729070,
2000.023734697, 1.001766657,
2000.044166540, 1.001736581,
2000.064598284, 1.001746373,
2000.085030227, 1.001806314,
2000.105462070, 1.001702640,
2000.125893812, 1.001789319,
2000.146325754, 1.001819430,
2000.166757597, 1.001818660,
2000.187189338, 1.001680246,
2000.207621280, 1.001742870,
2000.228053121, 1.001802828,
2000.248484962, 1.001685829,
2000.268916803, 1.001718890,
2000.289348643, 1.001572789,
2000.309780483, 1.001739596,
2000.330212323, 1.001687723,
2000.411939680, 1.001505653,
2000.432371619, 1.001730553,
2000.452803457, 1.001658958,
2000.473235195, 1.001712809,
2000.493667133, 1.001816473,
2000.514098970, 1.001798195,
2000.534530707, 1.001720652,
2000.554962644, 1.001800849,
2000.575394481, 1.001749455,
2000.595826217, 1.001833662,
2000.636689889, 1.001747259,
2000.657121725, 1.001725382,
2000.677553660, 1.001633514,
2000.697985395, 1.001558646,
2000.718417230, 1.001571972,
2000.738849165, 1.001765892,
2000.759280899, 1.001528427,
2000.779712833, 1.001566959,
2000.800144667, 1.001572662,
2000.820576500, 1.001533584,
2000.841008333, 1.001531370,
2000.861440166, 1.001632543,
2000.881871999, 1.001679618,
2000.902303831, 1.001565086,
2000.922735663, 1.001557722,
2000.963599427, 1.001667375,
2000.984031158, 1.001608715,
2001.004462989, 1.001573351,
2001.024894920, 1.001645330,
2001.045326651, 1.001562521,
2001.065758481, 1.001517781,
2001.086190411, 1.001593146,
2001.147485900, 1.001649850,
2001.167917629, 1.001709395,
2001.188349557, 1.001543979,
2001.208781386, 1.001576193,
2001.229213214, 1.001504586,
2001.249645042, 1.001583091,
2001.270076770, 1.001635794,
2001.290508697, 1.001598970,
2001.310940525, 1.001514844,
2001.331372351, 1.001658319,
2001.351804078, 1.001600147,
2001.372236004, 1.001593707,
2001.392667831, 1.001594398,
2001.413099556, 1.001405926,
2001.433531482, 1.001549899,
2001.453963307, 1.001518475,
2001.474395033, 1.001443380,
2001.494826957, 1.001501740,
2001.515258782, 1.001573973,
2001.535690706, 1.001402717,
2001.556122430, 1.001306305,
2001.576554254, 1.001374354,
2001.678713369, 1.001737071,
2001.699145192, 1.001695203,
2001.719577114, 1.001743228,
2001.740008835, 1.001769050,
2001.760440657, 1.001727593,
2001.780872578, 1.001647621,
2001.801304399, 1.001634414,
2001.821736120, 1.001593514,
2001.842168040, 1.001513011,
2001.862599861, 1.001579877,
2001.883031781, 1.001680469,
2001.903463500, 1.001499472,
2001.923895320, 1.001596875,
2001.944327239, 1.001516184,
2001.964758958, 1.001420712,
2001.985190777, 1.001439359,
2002.005622595, 1.001336564,
2002.026054413, 1.001468876,
2002.046486231, 1.001587636,
2002.066918049, 1.001532613,
2002.128213500, 1.001523393,
2002.148645317, 1.001558755,
2002.169077134, 1.001639878,
2002.189508950, 1.001707795,
2002.209940766, 1.001654580,
2002.230372681, 1.001597595,
2002.250804397, 1.001594016,
2002.271236212, 1.001514163,
2002.291668127, 1.001820813,
2002.312099942, 1.001487566,
2002.332531656, 1.001699642,
2002.352963570, 1.001626372,
2002.373395384, 1.001605540,
2002.393827098, 1.001718144,
2002.414259011, 1.001730743,
2002.434690824, 1.001582979,
2002.455122537, 1.001728557,
2002.475554450, 1.001670438,
2002.495986262, 1.001661015,
2002.516417974, 1.001663402,
2002.536849886, 1.001773780,
2002.557281698, 1.001715739,
2002.639009042, 1.001324829,
2002.659440753, 1.001407092,
2002.679872563, 1.001367270,
2002.700304473, 1.001418995,
2002.720736183, 1.001450819,
2002.741167992, 1.001603333,
2002.761599801, 1.001471442,
2002.782031610, 1.001600860,
2002.802463419, 1.001487853,
2002.822895327, 1.001573370,
2002.843327036, 1.001620809,
2002.863758844, 1.001560229,
2002.884190751, 1.001555261,
2002.904622459, 1.001538479,
2002.925054266, 1.001670310,
2002.945486173, 1.001622734,
2002.965917880, 1.001803113,
2002.986349786, 1.001456688,
2003.006781593, 1.001531942,
2003.027213299, 1.001690447,
2003.108940620, 1.001515072,
2003.129372425, 1.001362057,
2003.149804230, 1.001420068,
2003.170236034, 1.001402838,
2003.190667838, 1.001426775,
2003.211099642, 1.001405693,
2003.231531446, 1.001425219,
2003.251963249, 1.001378587,
2003.272395052, 1.001430377,
2003.292826955, 1.001414064,
2003.313258658, 1.001352438,
2003.333690560, 1.001526946,
2003.354122362, 1.001585680,
2003.374554064, 1.001530004,
2003.394985966, 1.001380901,
2003.415417767, 1.001537482,
2003.435849468, 1.001578133,
2003.456281369, 1.001467640,
2003.476713070, 1.001643860,
2003.497144871, 1.001489875,
2003.517576771, 1.001397353,
2003.599303869, 1.001420946,
2003.619735668, 1.001456159,
2003.640167567, 1.001317158,
2003.660599366, 1.001444905,
2003.681031164, 1.001375140,
2003.701462962, 1.001396108,
2003.721894760, 1.001422281,
2003.742326558, 1.001463727,
2003.762758355, 1.001497669,
2003.783190152, 1.001485765,
2003.803622049, 1.001431080,
2003.824053746, 1.001586127,
2003.844485542, 1.001518357,
2003.864917438, 1.001434414,
2003.885349134, 1.001461197,
2003.905780930, 1.001503280,
2003.926212826, 1.001446679,
2003.946644521, 1.001365371,
2003.967076316, 1.001513571,
2003.987508211, 1.001490094,
2004.007939905, 1.001506881,
2004.089667181, 1.001269275,
2004.110098975, 1.001185432,
2004.130530768, 1.001412386,
2004.150962561, 1.001226719,
2004.171394353, 1.001346125,
2004.191826146, 1.001287737,
2004.212257938, 1.001319572,
2004.232689730, 1.001515659,
2004.253121422, 1.001388951,
2004.273553314, 1.001342793,
2004.293985105, 1.001449165,
2004.314416796, 1.001330976,
2004.334848687, 1.001416206,
2004.355280477, 1.001325724,
2004.375712368, 1.001366642,
2004.396144058, 1.001397123,
2004.416575848, 1.001504020,
2004.437007738, 1.001473119,
2004.457439427, 1.001754342,
2004.477871216, 1.001204106,
2004.498303105, 1.000630764,
2004.580030159, 1.001295426,
2004.600461947, 1.001261015,
2004.620893835, 1.001176510,
2004.641325622, 1.001301668,
2004.661757309, 1.001257999,
2004.682189196, 1.001249810,
2004.702620983, 1.001207064,
2004.723052769, 1.001259506,
2004.743484556, 1.001244132,
2004.763916342, 1.001447061,
2004.825211698, 1.001147392,
2004.845643484, 1.001343367,
2004.866075268, 1.001088183,
2004.886507053, 1.001011494,
2004.906938838, 1.001200998,
2004.927370622, 1.001153320,
2004.947802406, 1.001123420,
2004.968234190, 1.001289068,
2004.988665973, 1.001240404,
2005.009097757, 1.001202025,
2005.029529540, 1.001099831,
2005.049961323, 1.001136937,
2005.070393205, 1.001211523,
2005.090824888, 1.001142594,
2005.111256670, 1.001254339,
2005.131688552, 1.001209708,
2005.152120333, 1.001179006,
2005.172552015, 1.001222961,
2005.192983896, 1.001195400,
2005.213415678, 1.001247079,
2005.233847358, 1.001289790,
2005.254279239, 1.001160742,
2005.295142700, 1.001101969,
2005.315574580, 1.001116981,
2005.336006359, 1.001122982,
2005.376869918, 1.001116183,
2005.397301697, 1.001090554,
2005.417733577, 1.001251688,
2005.438165255, 1.001326826,
2005.458597034, 1.001135161,
2005.499460590, 1.001150849,
2005.519892368, 1.001192308,
2005.540324245, 1.001228305,
2005.560755923, 1.001241268,
2005.581187700, 1.001237153,
2005.601619577, 1.001196493,
2005.622051253, 1.001287898,
2005.642483030, 1.001180724,
2005.662914806, 1.001079687,
2005.683346582, 1.001102053,
2005.703778358, 1.001285154,
2005.724210234, 1.001089572,
2005.744641909, 1.001164892,
2005.805937234, 1.001077178,
2005.826369108, 1.001001329,
2005.846800883, 1.001035617,
2005.867232557, 1.001127218,
2005.887664431, 1.001011305,
2005.908096204, 1.000925218,
2005.928527878, 1.001007406,
2005.948959751, 1.001022948,
2005.969391524, 1.001101669,
2005.989823297, 1.001171686,
2006.010255069, 1.001072104,
2006.030686842, 1.001116030,
2006.051118614, 1.001033843,
2006.071550386, 1.001098313,
2006.091982158, 1.001067734,
2006.112414029, 1.001132135,
2006.132845701, 1.001080359,
2006.153277472, 1.000981067,
2006.173709343, 1.001119194,
2006.194141113, 1.001042480,
2006.214572784, 1.000854520,
2006.235004654, 1.001128021,
2006.255436424, 1.000971572,
2006.275868094, 1.000997388,
2006.296299963, 1.001095234,
2006.316731733, 1.001097904,
2006.337163402, 1.000987498,
2006.357595271, 1.001129791,
2006.378026940, 1.000749325,
2006.398458708, 1.001118255,
2006.418890576, 1.001212962,
2006.439322245, 1.001091775,
2006.459754113, 1.000666471,
2006.561912949, 1.000703404,
2006.582344716, 1.001046964,
2006.602776482, 1.000925071,
2006.623208248, 1.000881538,
2006.643640114, 1.000902447,
2006.664071780, 1.001025720,
2006.684503546, 1.000768311,
2006.704935411, 1.000887150,
2006.725367077, 1.000944903,
2006.745798842, 1.000894831,
2006.766230706, 1.000790186,
2006.786662371, 1.000874086,
2006.807094235, 1.000890361,
2006.827526000, 1.000829273,
2006.847957663, 1.000852736,
2006.868389527, 1.000843303,
2006.888821291, 1.000863926,
2006.909252954, 1.000748214,
2006.929684817, 1.001009416,
2006.950116580, 1.000756496,
2006.970548243, 1.000799463,
2007.031843630, 1.000904533,
2007.052275392, 1.000863829,
2007.072707153, 1.000714765,
2007.093138915, 1.000872550,
2007.113570676, 1.000778845,
2007.134002438, 1.000847627,
2007.154434198, 1.000940806,
2007.174865959, 1.000738169,
2007.195297719, 1.000854731,
2007.215729580, 1.000872105,
2007.236161240, 1.000790904,
2007.256593000, 1.000868702,
2007.277024859, 1.000795705,
2007.297456519, 1.000851452,
2007.317888278, 1.000730163,
2007.338320137, 1.000799720,
2007.358751796, 1.000822005,
2007.379183555, 1.000732318,
2007.399615413, 1.000742797,
2007.420047072, 1.000838999,
2007.440478930, 1.001001437,
2007.522205960, 1.000555752,
2007.542637717, 1.000898241,
2007.563069474, 1.000703021,
2007.583501231, 1.000626637,
2007.603932987, 1.000544170,
2007.624364843, 1.000760285,
2007.644796499, 1.000634075,
2007.665228255, 1.000716253,
2007.685660111, 1.000763612,
2007.706091766, 1.000665582,
2007.726523522, 1.000618319,
2007.746955277, 1.000809309,
2007.767387032, 1.000840747,
2007.787818886, 1.000750656,
2007.808250641, 1.000767452,
2007.828682295, 1.000636081,
2007.849114149, 1.000654839,
2007.869545803, 1.000578579,
2007.889977557, 1.000730538,
2007.910409410, 1.000732999,
2007.930841064, 1.000667394,
2007.951272817, 1.000596731,
2007.971704670, 1.000749525,
2007.992136322, 1.000702045,
2008.032999927, 1.000711851,
2008.053431679, 1.000812083,
2008.073863332, 1.000674901,
2008.094295183, 1.000733018,
2008.114726935, 1.000713397,
2008.135158686, 1.000697130,
2008.155590437, 1.000642255,
2008.176022188, 1.000737240,
2008.257749290, 1.000682310,
2008.278180940, 1.000498213,
2008.298612690, 1.000715030,
2008.319044540, 1.000612914,
2008.339476189, 1.000696166,
2008.359907939, 1.000756758,
2008.380339788, 1.000688687,
2008.400771436, 1.000734155,
2008.523362026, 1.000404317,
2008.543793773, 1.000577455,
2008.564225521, 1.000655098,
2008.584657168, 1.000544734,
2008.605089015, 1.000446974,
2008.625520762, 1.000567416,
2008.645952408, 1.000434853,
2008.666384254, 1.000570091,
2008.686816001, 1.000644916,
2008.707247647, 1.000660951,
2008.727679493, 1.000624805,
2008.748111238, 1.000528592,
2008.768543084, 1.000542939,
2008.788974729, 1.000458181,
2008.809406474, 1.000638733,
2008.829838319, 1.000624099,
2008.850269964, 1.000657270,
2008.870701708, 1.000522851,
2008.891133553, 1.000623585,
2008.911565197, 1.000567307,
2008.931996941, 1.000595748,
2008.952428785, 1.000673909,
2008.972860428, 1.000568186,
2008.993292172, 1.000456201,
2009.013724015, 1.000456490,
2009.034155758, 1.000472666,
2009.054587401, 1.000531891,
2009.075019243, 1.000444433,
2009.095450986, 1.000414162,
2009.115882728, 1.000443466,
2009.136314470, 1.000493311,
2009.156746212, 1.000388495,
2009.177178054, 1.000323236,
2009.238473178, 1.000483441,
2009.258904919, 1.000526485,
2009.279336560, 1.000395181,
2009.299768401, 1.000538829,
2009.320200141, 1.000423738,
2009.340631782, 1.000456151,
2009.361063622, 1.000477075,
2009.381495362, 1.000497452,
2009.401927202, 1.000556572,
2009.422358841, 1.000569161,
2009.442790580, 1.000458198,
2009.463222420, 1.000589113,
2009.483654059, 1.000441790,
2009.504085798, 1.000422430,
2009.524517636, 1.000499654,
2009.544949375, 1.000410995,
2009.565381013, 1.000517320,
2009.585812851, 1.000496095,
2009.606244589, 1.000434640,
2009.626676227, 1.000386278,
2009.647108065, 1.000330435,
2009.667539802, 1.000393590,
2009.687971439, 1.000583612,
2009.708403276, 1.000421447,
2009.728835013, 1.000415272,
2009.749266850, 1.000489815,
2009.769698487, 1.000379619,
2009.790130223, 1.000479605,
2009.810562059, 1.000314632,
2009.830993695, 1.000485100,
2009.851425431, 1.000353453,
2009.871857167, 1.000480255,
2009.892288902, 1.000363628,
2009.912720637, 1.000542471,
2009.974015842, 1.000418135,
2009.994447577, 1.000326302,
2010.014879311, 1.000352256,
2010.035311045, 1.000417436,
2010.055742779, 1.000267900,
2010.076174513, 1.000436121,
2010.096606347, 1.000370741,
2010.117038081, 1.000513497,
2010.137469714, 1.000495219,
2010.157901547, 1.000492556,
2010.178333280, 1.000467336,
2010.198764913, 1.000548206,
2010.219196746, 1.000383718,
2010.239628478, 1.000365865,
2010.260060111, 1.000408944,
2010.280491943, 1.000406430,
2010.300923675, 1.000536260,
2010.321355307, 1.000374876,
2010.341787138, 1.000296210,
2010.362218870, 1.000357217,
2010.382650701, 1.000418519,
2010.403082332, 1.000300357,
2010.464377525, 1.000219198,
2010.484809255, 1.000323599,
2010.505241085, 1.000148224,
2010.525672815, 1.000218593,
2010.546104445, 1.000236413,
2010.566536275, 1.000305673,
2010.586968005, 1.000155407,
2010.607399634, 1.000369598,
2010.627831463, 1.000252884,
2010.648263193, 1.000349685,
2010.668694822, 1.000286032,
2010.689126650, 1.000322238,
2010.709558279, 1.000249980,
2010.729990107, 1.000280890,
2010.750421836, 1.000335793,
2010.770853464, 1.000077773,
2010.791285291, 1.000241424,
2010.811717019, 1.000203721,
2010.832148647, 1.000098363,
2010.852580474, 1.000210003,
2010.873012202, 1.000208360,
2010.913875655, 1.000135442,
2010.934307382, 1.000207458,
2010.954739109, 1.000103959,
2010.975170835, 1.000152181,
2010.995602562, 1.000121460,
2011.016034388, 1.000116664,
2011.036466114, 1.000126956,
2011.056897739, 1.000256931,
2011.077329565, 1.000329272,
2011.097761290, 1.000189219,
2011.118192916, 1.000053293,
2011.138624741, 1.000117337,
2011.179488090, 1.000194210,
2011.199919915, 1.000062506,
2011.220351640, 1.000025770,
2011.240783264, 1.000194240,
2011.261215088, 1.000093627,
2011.281646812, 1.000059021,
2011.302078436, 1.000094922,
2011.322510259, 1.000130000,
2011.342941983, 0.999974021,
2011.363373706, 1.000205828,
2011.383805429, 1.000014352,
2011.445100598, 1.000129905,
2011.465532320, 0.999996690,
2011.485964043, 1.000196526,
2011.506395765, 0.999978713,
2011.526827487, 1.000069217,
2011.547259309, 1.000090847,
2011.567690930, 1.000025703,
2011.588122652, 1.000027923,
2011.608554473, 1.000092635,
2011.628986095, 1.000147358,
2011.649417916, 1.000125125,
2011.669849637, 1.000001540,
2011.690281257, 1.000128479,
2011.710713078, 1.000116394,
2011.731144798, 1.000124538,
2011.751576419, 1.000087579,
2011.772008239, 1.000171841,
2011.792439959, 1.000227153,
2011.812871579, 1.000127871,
2011.833303398, 1.000113074,
2011.853735118, 1.000056941,
2011.874166837, 1.000099135,
2011.894598556, 1.000127377,
2011.915030275, 1.000063646,
2011.935462094, 1.000225862,
2011.955893713, 1.000318123,
2011.976325431, 1.000078737,
2011.996757250, 1.000049691,
2012.017188968, 1.000126960,
2012.037620586, 0.999965771,
2012.058052404, 0.999958275,
2012.078484022, 0.999944654,
2012.098915740, 1.000007261,
2012.119347557, 1.000086168,
2012.139779175, 1.000038385,
2012.160210892, 1.000134523,
2012.180642709, 1.000018172,
2012.201074326, 1.000073879,
2012.221506042, 0.999908918,
2012.241937859, 0.999957145,
2012.262369475, 0.999990981,
2012.282801291, 0.999830866,
2012.303233008, 1.000170630,
2012.323664624, 0.999972992,
2012.344096439, 0.999910074,
2012.364528155, 0.999906525,
2012.425823301, 1.000080650,
2012.446255016, 1.000103487,
2012.466686731, 1.000120488,
2012.487118446, 0.999813912,
2012.507550160, 0.999903770,
2012.527981875, 1.000190539,
2012.548413589, 0.999867466,
2012.568845403, 0.999976380,
2012.589277117, 0.999919840,
2012.609708731, 1.000025196,
2012.630140545, 0.999878297,
2012.650572258, 0.999782110,
2012.671003872, 0.999950602,
2012.691435685, 0.999897148,
2012.711867398, 0.999991612,
2012.732299011, 0.999993603,
2012.773162536, 0.999764417,
2012.793594149, 0.999878800,
2012.814025961, 0.999801682,
2012.834457673, 0.999981978,
2012.854889385, 0.999901160,
2012.916184521, 0.999818921,
2012.936616232, 0.999901068,
2012.957047944, 0.999961536,
2012.977479655, 0.999912752,
2012.997911366, 0.999862569,
2013.018343077, 0.999862951,
2013.038774787, 0.999968418,
2013.059206498, 0.999965761,
2013.079638209, 1.000003731,
2013.100070019, 0.999956007,
2013.120501629, 0.999813026,
2013.140933439, 0.999839313,
2013.161365149, 0.999852560,
2013.181796759, 0.999842771,
2013.202228568, 0.999834052,
2013.222660278, 0.999915213,
2013.243091887, 0.999892850,
2013.263523696, 0.999903162,
2013.283955405, 0.999899776,
2013.304387014, 0.999947296,
2013.324818823, 0.999806531,
2013.345250532, 0.999719656,
2013.365682140, 0.999715219,
2013.386113948, 0.999819836,
2013.406545657, 0.999828708,
2013.426977365, 0.999760512,
2013.447409072, 0.999825555,
2013.488272488, 0.999811570,
2013.508704195, 0.999909488,
2013.529135903, 0.999785004,
2013.549567610, 0.999676842,
2013.569999317, 0.999775792,
2013.590431024, 0.999769128,
2013.610862831, 0.999823504,
2013.631294437, 0.999686554,
2013.651726144, 0.999697573,
2013.672157950, 0.999638997,
2013.692589556, 0.999693440,
2013.713021262, 0.999691321,
2013.733453068, 0.999647997,
2013.753884674, 0.999717696,
2013.774316480, 0.999405783,
2013.794748185, 0.999658844,
2013.815179791, 0.999608788,
2013.835611596, 0.999627043,
2013.896906711, 0.999895473,
2013.917338416, 0.999847829,
2013.937770120, 0.999725580,
2013.958201825, 0.999844517,
2013.978633529, 0.999797135,
2013.999065233, 0.999869995,
2014.019496937, 0.999901549,
2014.039928641, 0.999833645,
2014.060360445, 0.999867215,
2014.080792149, 0.999915602,
2014.101223752, 0.999768176,
2014.121655556, 0.999802136,
2014.142087259, 0.999746681,
2014.162518862, 0.999838380,
2014.182950665, 0.999878471,
2014.203382368, 0.999937771,
2014.223813971, 0.999917505,
2014.244245773, 0.999787895,
2014.264677375, 0.999828173,
2014.285109078, 0.999828137,
2014.305540880, 0.999868491,
2014.325972482, 0.999791025,
2014.346404284, 0.999826820,
2014.366835986, 0.999919781,
2014.387267587, 0.999575342,
2014.407699389, 0.999720724,
2014.428131090, 0.999813663,
2014.448562791, 0.999982695,
2014.468994493, 0.999788084,
2014.489426193, 0.999717162,
2014.509857894, 0.999712397,
2014.530289595, 0.999634167,
2014.550721296, 0.999740564,
2014.571152996, 0.999857477,
2014.591584797, 0.999720902,
2014.612016397, 0.999757962,
2014.632448197, 0.999641564,
2014.652879897, 0.999632269,
2014.673311497, 0.999648371,
2014.693743296, 0.999539996,
2014.714174996, 0.999481595,
2014.734606595, 0.999637616,
2014.755038395, 0.999506192,
2014.775470094, 0.999576777,
2014.795901693, 0.999520536,
2014.816333492, 0.999513634,
2014.877628588, 0.999867465,
2014.898060286, 0.999871767,
2014.918491985, 0.999944494,
2014.938923683, 0.999853239,
2014.959355381, 0.999817348,
2014.979787079, 0.999904142,
2017.860655928, 1.000712870,
2017.881087710, 1.000611576,
2017.901519292, 1.000729119,
2017.921950974, 1.000844164,
2017.942382756, 1.000758127,
2017.962814338, 1.000705859,
2017.983246020, 1.000694335,
2018.003677801, 1.000878987,
2018.024109383, 1.000968288,
2018.044541064, 1.000797884,
2018.064972846, 1.000736229,
2018.085404427, 1.000866517,
2018.105836208, 1.000702325,
2018.126267889, 1.000851759,
2018.146699570, 1.000828170,
2018.167131251, 1.000843172,
2018.187562932, 1.000989082,
2018.207994613, 1.000934890,
2018.228426293, 1.000920565,
2018.248857974, 1.000840674,
2018.269289654, 1.000850407,
2018.289721434, 1.000989225,
2018.310153015, 1.000897582,
2018.330584695, 1.000831283,
2018.351016475, 1.000989460,
2018.371448055, 1.000937458,
2018.391879834, 1.000844414,
2018.412311514, 1.000925727,
2018.432743094, 1.001076210,
2018.453174873, 1.001094340,
2018.473606553, 1.000970289,
2018.494038132, 1.001004953,
2018.514469912, 1.000954640,
2018.534901491, 1.000910436,
2018.555333170, 1.000994021,
2018.575764949, 1.000833347,
2018.596196528, 1.000926296,
2018.616628307, 1.000986472,
2018.637059986, 1.000870213,
2018.657491664, 1.000999160,
2018.677923343, 1.000935688,
2018.698355022, 1.001104926,
2018.718786700, 1.001021628,
2018.739218378, 1.001120184,
2018.800513513, 1.000870743,
2018.820945091, 1.000864409,
2018.841376869, 1.000995478,
2018.861808546, 1.000885091,
2018.882240124, 1.000865325,
2018.902671902, 1.000996974,
2018.923103579, 1.000694609,
2018.943535157, 1.000978493,
2018.963966934, 1.000918998,
2018.984398612, 1.000926597,
2019.004830189, 1.000945185,
2019.025261966, 1.000966609,
2019.045693643, 1.001087113,
2019.066125220, 1.001040271,
2019.086556997, 1.000953089,
2019.106988674, 1.000873842,
2019.127420350, 1.000906329,
2019.147852027, 1.001061270,
2019.168283704, 1.000920189,
2019.188715380, 1.000987606,
2019.229578733, 1.000948445,
2019.250010409, 1.001040181,
2019.270442085, 1.000985919,
2019.290873761, 1.000969950,
2019.311305437, 1.000917983,
2019.331737113, 1.000974140,
2019.352168889, 1.000995167,
2019.372600565, 1.000999513,
2019.393032140, 1.001083197,
2019.413463916, 1.001001022,
2019.433895591, 1.000889547,
2019.454327167, 1.001061746,
2019.474758942, 1.001031146,
2019.495190617, 1.000955301,
2019.515622192, 1.000850431,
2019.536053967, 1.001008784,
2019.556485642, 1.000961147,
2019.576917217, 1.001067804,
2019.597348992, 1.001008155,
2019.638212442, 1.000918885,
2019.658644016, 1.001025287,
2019.679075691, 1.001019048,
2019.699507465, 1.000799782,
2019.719939040, 1.000843171,
2019.781234162, 1.000899573,
2019.801665736, 1.000858027,
2019.822097510, 1.000871843,
2019.842529184, 1.000990187,
2019.862960858, 1.000967409,
2019.883392532, 1.000793942,
2019.903824106, 1.000994676,
2019.924255879, 1.000929264,
2019.944687553, 1.000910713,
2019.965119126, 1.001011525,
2019.985550900, 1.000960352,
2020.005982573, 1.001071817,
2020.026414146, 1.001248668,
2020.046845919, 1.000879074,
2020.067277592, 1.000953610,
2020.087709165, 1.000910108,
2020.108140938, 1.001128471,
2020.128572611, 1.000995811,
2020.149004384, 1.000893355,
2020.169435957, 1.000917173,
2020.189867629, 1.000953125,
2020.210299402, 1.000966238,
2020.230730974, 1.000878501,
2020.251162647, 1.001082844,
2020.271594419, 1.000885487,
2020.292026092, 1.000893622,
2020.312457664, 1.001007469,
2020.332889436, 1.000991021,
2020.353321108, 1.000911875,
2020.373752780, 1.000896153,
2020.394184452, 1.000959755,
2020.414616124, 1.001037468,
2020.435047896, 1.001115610,
2020.455479467, 1.001005997,
2020.475911139, 1.001075485,
2020.496342811, 1.000929668,
2020.516774482, 1.001054482,
2020.537206154, 1.000910417,
2020.557637825, 1.000956833,
2020.578069496, 1.001034200,
2020.598501167, 1.000829025,
2020.618932839, 1.000840756,
2020.639364510, 1.000941018,
2020.659796281, 1.000867272,
2020.680227852, 1.001067771,
2020.700659523, 1.000944335,
2020.721091293, 1.000836129,
2020.741522864, 1.000982291,
2020.761954535, 1.000873519,
2020.782386306, 1.000884721,
2020.802817976, 1.000958816,
2020.823249546, 1.000992165,
2020.843681317, 1.001059282,
2020.864112987, 1.000872164,
2020.884544658, 1.000912352,
2020.904976328, 1.001053336,
2020.925407998, 1.000932825,
2020.945839668, 1.000991441,
2020.966271338, 1.001029446,
2020.986703008, 1.001027197,
2021.007134778, 1.000851846,
2021.027566348, 1.000874623,
2021.047998018, 1.001115252,
2021.068429787, 1.000806749,
2021.088861357, 1.000861656,
2021.109293027, 1.000866716,
2021.129724796, 1.000983200,
2021.150156366, 1.000884539,
2021.170588135, 1.000860761,
2021.191019804, 1.000791097,
2021.211451374, 1.001295665,
2021.252314812, 1.000702121,
2021.272746381, 1.000903572,
2021.293178150, 1.000983496,
2021.313609719, 1.000987860,
2021.334041388, 1.000835843,
2021.354473157, 1.000912328,
2021.374904825, 1.000823534,
2021.395336494, 1.000798767,
2021.415768163, 1.000821522,
2021.436199831, 1.000866918,
2021.456631500, 1.000765511,
2021.477063168, 1.000727046,
2021.497494837, 1.000724019,
2021.517926605, 1.000872941,
2021.538358173, 1.000739043,
2021.558789842, 1.000882627,
2021.579221610, 1.000700467,
2021.599653178, 1.000765386,
2021.620084946, 1.000720152,
2021.640516614, 1.000638006,
2021.660948182, 1.000775560,
2021.681379950, 1.000759089,
2021.722243186, 1.000630463,
2021.742674953, 1.000736723,
2021.763106621, 1.000786369,
2021.783538189, 1.000778849,
2021.803969956, 1.000842973,
2021.824401624, 1.000750666,
2021.844833291, 1.000803386,
2021.865264958, 1.000804966,
2021.885696626, 1.000874741,
2021.906128293, 1.000849642,
2021.926559960, 1.000829198,
2021.946991627, 1.000895888,
2021.967423294, 1.000864043,
2021.987854961, 1.000676528,
2022.008286628, 1.000783636,
2022.028718395, 1.000734027,
2022.049149962, 1.000738252,
2022.069581629, 1.000780834,
2022.110444963, 1.000698074,
2022.130876729, 1.000616048,
2022.151308396, 1.000626565,
2022.171739962, 1.000519644,
2022.192171729, 1.000538167,
2022.212603395, 1.000605865,
2022.233034962, 1.000645378,
2022.253466728, 1.000712793,
2022.273898394, 1.000595945,
2022.294329961, 1.000457439,
2022.314761727, 1.000595127,
2022.335193393, 1.000542380,
2022.355625159, 1.000928899,
2022.376056725, 1.000528302,
2022.396488391, 1.000579013,
2022.416920157, 1.000528253,
2022.478215155, 1.000644666,
2022.498646820, 1.000603248,
2022.519078386, 1.000739552,
2022.539510152, 1.000609457,
2022.559941817, 1.000615286,
2022.580373383, 1.000576876,
2022.600805148, 1.000614723,
2022.621236814, 1.000521711,
2022.641668479, 1.000769541,
2022.662100145, 1.000575590,
2022.682531710, 1.000699268,
2022.702963475, 1.000559292,
2022.723395140, 1.000713468,
2022.743826706, 1.000543364,
2022.764258471, 1.000515282,
2022.805121701, 1.000513984,
2022.825553466, 1.000477207,
2022.845985131, 1.000450792,
2022.866416896, 1.000568509,
2022.886848460, 1.000404580,
2022.907280125, 1.000724272,
2022.927711890, 1.000609602,
2022.948143455, 1.000600725,
2022.968575119, 1.000484071,
2022.989006884, 1.000509054,
2023.009438549, 1.000806935,
2023.029870113, 1.000685739,
2023.050301877, 1.000488266,
2023.070733542, 1.000531151,
2023.091165206, 1.000352491,
2023.111596871, 1.000532977,
2023.132028535, 1.000552008,
2023.152460299, 1.000457649,
2023.193323528, 1.000429591,
2023.213755292, 1.000505078,
2023.234186856, 1.000474970,
2023.254618520, 1.000533630,
2023.275050284, 1.000439521,
2023.295481848, 1.000225887,
2023.315913512, 1.000449337,
2023.336345276, 1.000428695,
2023.356776840, 1.000248717,
2023.377208603, 1.000371964,
2023.397640167, 1.000246676,
2023.438503595, 1.000353819,
2023.458935158, 1.000389899,
2023.479366822, 1.000339579,
2023.499798586, 1.000172071,
2023.520230249, 1.000180731,
2023.540661813, 1.000272341,
2023.561093576, 1.000154471,
2023.581525240, 1.000244315,
2023.622388566, 1.000259445,
2023.642820230, 1.000304321,
2023.724546983, 1.000344391,
2023.744978546, 1.000527233,
2023.765410209, 1.000459143,
2023.785841972, 1.000294116,
2023.806273535, 1.000433951,
2023.826705298, 1.000283004,
2023.847136961, 1.000317039,
2023.867568524, 1.000350265,
2023.908431949, 1.000293719,
2023.928863512, 1.000362535,
2023.949295275, 1.000278636,
2023.969726938, 1.000249436,
2023.990158600, 1.000214309,
2024.010590263, 1.000430253,
2024.031021926, 1.000233153,
2024.051453588, 1.000150722,
2024.071885251, 1.000149510,
2024.092316913, 1.000205786,
2024.112748576, 1.000250232,
2024.133180238, 1.000363235,
2024.174043563, 1.000371290,
2024.194475225, 1.000220011,
2024.214906888, 1.000191907,
2024.235338650, 1.000217744,
2024.255770212, 1.000220000,
2024.276201974, 1.000227180,
2024.317065199, 1.000092097,
2024.337496961, 1.000205935,
2024.357928623, 1.000095632,
2024.378360185, 1.000368199,
2024.419223609, 1.000373737,
2024.439655171, 1.000200050,
2024.460086933, 1.000180409,
2024.480518595, 1.000050662,
2024.500950357, 1.000209258,
2024.521381919, 1.000316772,
2024.541813581, 1.000156762,
2024.562245342, 1.000290697,
2024.582676904, 1.000046172,
2024.603108566, 1.000112001,
2024.623540328, 1.000086336,
2024.664403551, 1.000098346,
2024.684835313, 1.000074731,
2024.705266974, 1.000145604,
2024.725698636, 1.000170598,
2024.746130297, 1.000143032,
2024.766561859, 1.000042251,
2024.786993620, 1.000119505,
2024.807425282, 1.000114414,
2024.827856843, 1.000287123,
2024.848288605, 1.000085801,
2024.868720266, 1.000263731,
2024.909583589, 1.000226299,
2024.930015250, 1.000276808,
2024.950447012, 1.000153219,
2024.970878573, 1.000199930,
2024.991310234, 0.999973912,
2025.011741995, 1.000213132,
2025.032173557, 1.000126286,
2025.052605218, 1.000523177,
2025.073036979, 1.000089012,
2025.093468540, 1.000178104,
2025.113900201, 1.000231090,
2025.154763623, 1.000125074,
2025.175195284, 1.000205348,
2025.195626945, 1.000042885,
2025.216058607, 1.000175094,
2025.236490268, 1.000284786,
2025.256921928, 1.000166384,
2025.277353589, 1.000058907,
2025.297785350, 1.000106755,
2025.318216911, 1.000044320,
2025.338648572, 1.000090361,
2025.359080333, 1.000133810,
2025.399943655, 0.999761493,
2025.420375215, 1.000401069,
2025.440806876, 0.999842976,
2025.461238637, 0.999961158,
2025.502101858, 1.000021675,
2025.522533619, 0.999845706,
2025.542965180, 0.999936307,
2025.583828601, 1.000070314,
2025.604260162, 0.999981021,
2025.685986904, 0.999905667,
2025.706418565, 0.999964301,
2025.726850225, 0.999958389,
2025.747281886, 1.000270235,
2025.767713546, 0.999909331,
2025.788145207, 0.999797428,
2025.808576867, 0.999847161,
2025.829008528, 0.999928895,
2025.849440288, 1.000021145,
2025.890303509, 0.999963989,
2025.910735269, 0.999976018,
2025.931166929, 0.999935741,
2025.951598490, 1.000214289,
2025.972030250, 0.999879291,
2025.992461910, 0.999913886,
2026.012893471, 0.999859273,
2026.033325231, 1.000013083,
2026.053756891, 0.999817077,
2026.074188552, 0.999788070,
2026.094620212, 0.999900529,
2026.155915193, 0.999890383,
2026.176346753, 0.999875030,
2026.196778513, 0.999932689,
2026.217210173, 0.999899125,
2026.237641833, 0.999927388,
2026.258073493, 0.999789705,
2026.278505154, 0.999922547,
2026.298936914, 0.999800384,
2026.319368474, 0.999890126,
2026.339800134, 0.999770965,
2026.401095114, 0.999764290,
2026.421526874, 0.999739524,
2026.441958534, 0.999786909,
2026.462390095, 0.999852125,
2026.482821855, 0.999978981,
2026.503253515, 0.999874129,
2026.523685275, 0.999806873,
2026.544116835, 0.999935132,
2026.564548495, 1.000013513,
2026.584980255, 0.999849916,
2026.605411815, 0.999826497,
2026.625843475, 0.999817362,
2026.646275235, 0.999819164,
2026.666706795, 0.999703696,
2026.687138455, 0.999866849,
2026.707570215, 0.999876505,
2026.728001775, 0.999923410,
2026.748433535, 0.999832775,
2026.768865194, 0.999769923,
2026.789296754, 0.999864095,
2026.809728514, 0.999860876,
2026.830160074, 1.000165074,
2026.871023494, 0.999756707,
2026.891455054, 1.000089604,
2026.911886714, 0.999773963,
2026.932318474, 0.999797173,
2026.952750134, 1.000110938,
2026.973181794, 0.999950688,
2026.993613453, 0.999918681,
2027.014045113, 0.999827152,
2027.034476873, 1.000090241,
2027.054908433, 0.999993225,
2027.116203413, 0.999758368,
2027.136635073, 0.999759857,
2027.157066832, 0.999829606,
2027.177498392, 0.999894543,
2027.197930152, 0.999847414,
2027.218361812, 0.999759623,
2027.238793372, 0.999902807,
2027.259225132, 0.999656566,
2027.279656792, 0.999705712,
2027.300088351, 0.999823918,
2027.381815091, 0.999623577,
2027.402246751, 0.999643588,
2027.422678511, 0.999796894,
2027.443110070, 0.999628759,
2027.463541730, 0.999764711,
2027.483973390, 0.999737319,
2027.504405150, 0.999518104,
2027.524836710, 0.999566807,
2027.545268470, 0.999647860,
2027.565700030, 0.999489160,
2027.626995009, 0.999656409,
2027.647426769, 0.999618411,
2027.667858429, 0.999654154,
2027.688289989, 0.999481654,
2027.708721749, 0.999496578,
2027.749584969, 0.999687653,
2027.770016728, 0.999636963,
2027.790448388, 0.999544159,
2027.810880148, 0.999575211,
2027.872175128, 0.999333296,
2027.892606688, 0.999480479,
2027.913038348, 0.999511901,
2027.933470108, 0.999576200,
2027.953901668, 0.999603576,
2027.974333328, 0.999461153,
2027.994765088, 0.999616168,
2028.015196748, 0.999567817,
2028.035628408, 0.999665455,
2028.056060067, 0.999443248,
2028.076491727, 0.999555482,
2028.096923387, 0.999480935,
2028.178650027, 0.999575725,
2028.199081687, 0.999516750,
2028.219513348, 0.999764453,
2028.239945008, 0.999520355,
2028.260376768, 0.999545526,
2028.280808328, 0.999586140,
2028.301239988, 0.999408842,
2028.342103308, 0.999535975,
2028.362534968, 0.999563245,
2028.382966728, 0.999509912,
2028.403398288, 0.999432919,
2028.423830048, 0.999674765,
2028.444261709, 0.999277412,
2028.464693269, 0.999458774,
2028.485125029, 0.999509731,
2028.505556689, 0.999493003,
2028.525988249, 0.999401012,
2028.546420009, 0.999373784,
2028.607714990, 0.999432145,
2028.628146650, 0.999402384,
2028.648578411, 0.999478346,
2028.669009971, 0.999460548,
2028.689441631, 0.999387015,
2028.709873391, 0.999370336,
2028.750736612, 0.999360815,
2028.771168372, 0.999339959,
2028.791600033, 0.999376197,
2028.852895014, 0.999112290,
2028.873326674, 0.999131029,
2028.893758335, 0.999306646,
2028.914189895, 0.999279271,
2028.955053316, 0.999457239,
2028.975484877, 0.999361318,
2028.995916637, 0.999409024,
2029.016348298, 0.999299672,
2029.036779858, 0.999462516,
2029.057211619, 0.999446546,
2029.077643279, 0.999292724,
2029.098075040, 0.999340650,
2029.118506601, 0.999479716,
2029.138938261, 0.999409886,
2029.159370022, 0.999298010,
2029.179801583, 0.999330353,
2029.200233243, 0.999377827,
2029.220665004, 0.999195666,
2029.241096665, 0.999203508,
2029.261528325, 0.999335426,
2029.343254969, 0.999224351,
2029.363686629, 0.999206229,
2029.384118390, 0.999246263,
2029.404549951, 0.999121145,
2029.424981612, 0.999215260,
2029.445413373, 0.999133432,
2029.465844934, 0.998981827,
2029.486276695, 0.999177689,
2029.506708356, 0.999118726,
2029.527139917, 0.999297996,
2029.588434900, 0.999140084,
2029.608866661, 0.999280134,
2029.629298222, 0.999142880,
2029.649729883, 0.999110262,
2029.670161645, 0.999193399,
2029.690593206, 0.999137845,
2029.711024967, 0.999050217,
2029.731456628, 0.999168554,
2029.751888290, 0.999141758,
2029.772319951, 0.999036857,
2029.833614935, 0.999075321,
2029.854046596, 0.999048892,
2029.874478358, 0.999120081,
2029.894910019, 0.999152754,
2029.915341580, 0.999056564,
2029.935773342, 0.999167448,
2029.956205003, 0.998970435,
2029.976636565, 0.999048113,
2029.997068327, 0.999112518,
2030.017499988, 0.999041104,
2030.058363311, 0.998707515,
2030.078794973, 0.998832869,
2030.099226735, 0.998792633,
2030.140089958, 0.998745700,
2030.160521720, 0.998652555,
2030.180953282, 0.998965579,
2030.201384944, 0.998890371,
2030.221816606, 0.998991602,
2030.262679929, 0.998878953,
2030.283111591, 0.999023523,
2030.303543253, 0.998998559,
2030.323975015, 0.999019835,
2030.344406577, 0.998923996,
2030.364838240, 0.999108644,
2030.385270002, 0.999107246,
2030.405701664, 0.998892412,
2030.426133226, 0.998835257,
2030.446564988, 0.998991575,
2030.466996650, 0.998972988,
2030.487428313, 0.999157405,
2030.507859975, 0.998781515,
2030.548723300, 0.998933813,
2030.569154962, 0.998833182,
2030.589586625, 0.998896169,
2030.610018387, 0.998918384,
2030.630449949, 0.998951540,
2030.650881612, 0.999059507,
2030.671313375, 0.999003527,
2030.691744937, 0.998825303,
2030.712176700, 0.998787886,
2030.732608362, 0.998852441,
2030.753039925, 0.998797312,
2030.793903351, 0.998922063,
2030.814334913, 0.998932088,
2030.834766676, 0.998993197,
2030.855198339, 0.998798608,
2030.875630002, 0.999004888,
2030.896061665, 0.998918120,
2030.916493328, 0.998885582,
2030.936924991, 0.998765824,
2030.957356654, 0.999068319,
2030.977788317, 0.998770576,
2030.998219980, 0.998811726,
2031.059515070, 0.998898089,
2031.079946633, 0.998826535,
2031.100378396, 0.998801187,
2031.120810060, 0.998902420,
2031.141241623, 0.998768406,
2031.161673387, 0.998754126,
2031.182105050, 0.998696253,
2031.202536613, 0.998675891,
2031.222968377, 0.998807545,
2031.243400041, 0.998715036,
2031.284263368, 0.998843963,
2031.304695032, 0.998930713,
2031.325126795, 0.998793138,
2031.345558359, 0.998792129,
2031.365990023, 0.998793339,
2031.386421787, 0.998865554,
2031.406853351, 0.998739097,
2031.427285015, 0.998693627,
2031.447716779, 0.998637522,
2031.468148343, 0.998654014,
2031.488580107, 0.998669857,
2031.549875099, 0.998790607,
2031.570306763, 0.998938823,
2031.590738328, 0.998661492,
2031.611170092, 0.998800624,
2031.631601756, 0.998767236,
2031.652033321, 0.998755573,
2031.672465085, 0.998786771,
2031.692896750, 0.998930076,
2031.713328414, 0.998720696,
2031.733760079, 0.998880784,
2031.795055073, 0.998778300,
2031.815486738, 0.998686418,
2031.835918502, 0.998430076,
2031.856350067, 0.998613822,
2031.876781832, 0.998773576,
2031.897213497, 0.998744591,
2031.917645062, 0.998719147,
2031.938076827, 0.998591168,
2031.958508492, 0.998586598,
2031.978940057, 0.998670674,
2032.019803488, 0.998600540,
2032.040235153, 0.998715895,
2032.060666818, 0.998514352,
2032.081098484, 0.998537299,
2032.101530249, 0.998758896,
2032.121961814, 0.998606515,
2032.142393480, 0.998650887,
2032.162825245, 0.998722836,
2032.183256811, 0.998589730,
2032.203688477, 0.998609828,
2032.224120242, 0.998582086,
2032.285415240, 0.998615534,
2032.305846806, 0.998642014,
2032.326278572, 0.998597103,
2032.346710238, 0.998602226,
2032.367141804, 0.998472348,
2032.387573570, 0.998802262,
2032.408005236, 0.998673959,
2032.428436802, 0.998536917,
2032.448868568, 0.998506616,
2032.469300235, 0.998538149,
2032.489732001, 0.998490441,
2032.510163567, 0.998658054,
2032.530595234, 0.998540398,
2032.551027000, 0.998606811,
2032.571458567, 0.998623879,
2032.591890234, 0.998737830,
2032.612322000, 0.998522872,
2032.632753567, 0.998492416,
2032.653185334, 0.998688968,
2032.673617001, 0.998579492,
2032.694048568, 0.998755651,
2032.714480334, 0.998782824,
2032.755343669, 0.998662458,
2032.775775336, 0.998737988,
2032.796207003, 0.998560317,
2032.816638670, 0.998751529,
2032.837070337, 0.998735934,
2032.857502005, 0.998578922,
2032.877933672, 0.998765210,
2032.898365439, 0.998815248,
2032.918797007, 0.998688979,
2032.939228774, 0.998684059,
2032.959660342, 0.998748079,
2033.000523777, 0.998491728,
2033.020955345, 0.998608821,
2033.041387113, 0.998636904,
2033.061818781, 0.998703278,
2033.082250349, 0.998613781,
2033.102682117, 0.998718236,
2033.123113785, 0.998762876,
2033.143545353, 0.998628341,
2033.163977121, 0.998569077,
2033.184408789, 0.998605531,
2033.245703795, 0.998548244,
2033.266135563, 0.998570609,
2033.286567132, 0.998586308,
2033.306998800, 0.998479988,
2033.327430569, 0.998397504,
2033.347862138, 0.998499435,
2033.368293806, 0.998491809,
2033.388725575, 0.998396319,
2033.409157244, 0.998585605,
2033.429588913, 0.998644625,
2033.450020582, 0.998381711,
2033.511315589, 0.998616942,
2033.531747259, 0.998502936,
2033.552179028, 0.998609376,
2033.572610597, 0.998371539,
2033.593042367, 0.998528008,
2033.613473936, 0.998481353,
2033.633905606, 0.998712609,
2033.654337376, 0.998535812,
2033.674768945, 0.998572358,
2033.695200615, 0.998517537,
2033.736063955, 0.998545497,
2033.756495625, 0.998578962,
2033.776927395, 0.998448317,
2033.797358965, 0.998517452,
2033.817790735, 0.998646860,
2033.838222405, 0.998541725,
2033.858653976, 0.998701105,
2033.879085746, 0.998541792,
2033.899517416, 0.998466506,
2033.919949087, 0.998663196,
2033.940380758, 0.998542424,
2033.981244199, 0.998356299,
2034.001675770, 0.998354930,
2034.022107440, 0.998505312,
2034.042539211, 0.998568807,
2034.062970882, 0.998540572,
2034.083402453, 0.998637831,
2034.103834224, 0.998395660,
2034.124265896, 0.998748955,
2034.144697467, 0.998515185,
2034.165129238, 0.998375446,
2034.246855924, 0.998655437,
2034.267287596, 0.998510687,
2034.287719267, 0.998542765,
2034.308150939, 0.998545344,
2034.328582611, 0.998547069,
2034.349014283, 0.998544523,
2034.369446055, 0.998535484,
2034.389877627, 0.998479825,
2034.410309299, 0.998566119,
2034.430741071, 0.998429746,
2034.471604316, 0.998628906,
2034.492036088, 0.998529373,
2034.512467661, 0.998437537,
2034.532899334, 0.998339742,
2034.553331106, 0.998594684,
2034.573762679, 0.998606013,
2034.594194452, 0.998499887,
2034.614626125, 0.998606384,
2034.635057798, 0.998722561,
2034.655489471, 0.998791444,
2034.737216163, 0.998401906,
2034.757647937, 0.998522185,
2034.778079610, 0.998595589,
2034.798511184, 0.998401250,
2034.818942957, 0.998586223,
2034.839374631, 0.998424241,
2034.859806205, 0.998618047,
2034.880237979, 0.998530512,
2034.900669652, 0.998416656,
2034.921101226, 0.998561067,
2034.982396349, 0.998592463,
2035.002828023, 0.998522109,
2035.023259598, 0.998500981,
2035.043691372, 0.998465484,
2035.064123047, 0.998499946,
2035.084554621, 0.998353894,
2035.104986396, 0.998498824,
2035.125418071, 0.998457672,
2035.145849845, 0.998331629,
2035.166281420, 0.998550574,
2035.207144870, 0.998438472,
2035.227576446, 0.998407968,
2035.248008121, 0.998465817,
2035.268439896, 0.998404069,
2035.288871572, 0.998451422,
2035.309303247, 0.998234188,
2035.329734923, 0.998316722,
2035.350166598, 0.998444152,
2035.370598274, 0.998214610,
2035.391029950, 0.998577293,
2035.411461626, 0.998308453,
2035.472756654, 0.998318808,
2035.493188430, 0.998487724,
2035.513620006, 0.998505352,
2035.534051783, 0.998468549,
2035.554483459, 0.998562732,
2035.574915036, 0.998133179,
2035.595346812, 0.998350844,
2035.615778489, 0.998489282,
2035.636210066, 0.998425301,
2035.656641843, 0.998512402,
2035.717936874, 0.998278112,
2035.738368451, 0.998299956,
2035.758800228, 0.998353305,
2035.779231906, 0.998412807,
2035.799663583, 0.998356612,
2035.820095261, 0.998384895,
2035.840526938, 0.998276600,
2035.860958716, 0.998697318,
2035.881390294, 0.998255906,
2035.901821972, 0.998501848,
2035.963117006, 0.998413348,
2035.983548784, 0.998556341,
2036.003980462, 0.998461274,
2036.024412041, 0.998430734,
2036.044843819, 0.998262663,
2036.065275498, 0.998242699,
2036.085707277, 0.998267808,
2036.106138855, 0.998442129,
2036.126570534, 0.998417718,
2036.147002313, 0.998468910,
2036.187865571, 0.998458529,
2036.208297351, 0.998455650,
2036.228728930, 0.998360936,
2036.249160709, 0.998359149,
2036.269592289, 0.998431129,
2036.290023968, 0.998219972,
2036.310455748, 0.998348496,
2036.351319008, 0.998440790,
2036.371750787, 0.998211129,
2036.392182367, 0.998314472,
2036.453477408, 0.998444475,
2036.473909188, 0.998516445,
2036.494340869, 0.998451725,
2036.514772550, 0.998386430,
2036.535204230, 0.998333877,
2036.555635911, 0.998350417,
2036.576067592, 0.998320875,
2036.596499373, 0.998604710,
2036.616930954, 0.998353846,
2036.637362735, 0.998537110,
2036.698657779, 0.998368478,
2036.719089460, 0.998310876,
2036.739521042, 0.998470237,
2036.759952824, 0.998539640,
2036.780384505, 0.998435506,
2036.800816287, 0.998426450,
2036.821247869, 0.998385985,
2036.841679551, 0.998431820,
2036.862111334, 0.998441843,
2036.882542916, 0.998396717,
2036.943837963, 0.998287476,
2036.964269646, 0.998355391,
2036.984701429, 0.998395907,
2037.005133012, 0.998428637,
2037.025564794, 0.998467688,
2037.045996377, 0.998272032,
2037.066428061, 0.998212777,
2037.086859844, 0.998199738,
2037.107291527, 0.998124989,
2037.127723111, 0.998335722,
2037.189018262, 0.998449898,
2037.209449945, 0.998332029,
2037.229881629, 0.998346160,
2037.250313313, 0.998399466,
2037.270744997, 0.998309809,
2037.291176682, 0.998336936,
2037.311608466, 0.998257517,
2037.332040050, 0.998426177,
2037.352471835, 0.998300606,
2037.372903520, 0.998273816,
2037.434198574, 0.998251949,
2037.454630159, 0.998212259,
2037.475061944, 0.998355483,
2037.495493630, 0.998273078,
2037.515925215, 0.998399337,
2037.536357000, 0.998359639,
2037.556788686, 0.998200272,
2037.577220472, 0.998203110,
2037.597652057, 0.998196614,
2037.618083743, 0.998422821,
2037.679378801, 0.998433252,
2037.699810488, 0.998377992,
2037.720242174, 0.998316650,
2037.781537234, 0.998272969,
2037.801969021, 0.998235421,
2037.822400708, 0.998422972,
2037.842832295, 0.998239141,
2037.863264082, 0.998387981,
2037.904127456, 0.998370340,
2037.924559144, 0.998345339,
2037.944990831, 0.998310383,
2037.965422619, 0.998309878,
2037.985854207, 0.998401854,
2038.006285895, 0.998271766,
2038.026717683, 0.998344464,
2038.047149271, 0.998419406,
2038.067580959, 0.998274190,
2038.088012747, 0.998240848,
2038.108444335, 0.998309946,
2038.169739401, 0.998278592,
2038.190171190, 0.998247327,
2038.210602879, 0.999393975,
2038.231034468, 0.998300337,
2038.251466257, 0.998232875,
2038.271897947, 0.998433034,
2038.292329636, 0.998238501,
2038.312761326, 0.998192566,
2038.353624705, 0.998243267,
2038.374056395, 0.998349323,
2038.394488085, 0.998375534,
2038.414919775, 0.998120354,
2038.435351465, 0.998359092,
2038.455783255, 0.998133168,
2038.476214946, 0.998358247,
2038.496646536, 0.998261764,
2038.517078327, 0.998306923,
2038.537510017, 0.998507195,
2038.557941608, 0.998400297,
2038.578373399, 0.998503460,
2038.660100164, 0.998359194,
2038.680531956, 0.998322132,
2038.700963547, 0.998431226,
2038.721395239, 0.998315979,
2038.741827031, 0.998325433,
2038.762258623, 0.998299971,
2038.782690315, 0.998215360,
2038.803122107, 0.998800605,
2038.823553699, 0.998192205,
2038.843985492, 0.998331425,
2038.884848777, 0.998255860,
2038.905280570, 0.998225317,
2038.925712263, 0.998286600,
2038.946143956, 0.998385327,
2038.966575649, 0.998298035,
2038.987007342, 0.998262985,
2039.007439036, 0.998544387,
2039.027870729, 0.998288461,
2039.048302423, 0.998242796,
2039.068734116, 0.998272645,
2039.130029298, 0.998271824,
2039.150460893, 0.998308844,
2039.170892587, 0.998254789,
2039.191324381, 0.998310154,
2039.211755976, 0.998415875,
2039.232187771, 0.998132825,
2039.252619465, 0.998232569,
2039.273051060, 0.998240343,
2039.293482855, 0.998280182,
2039.313914550, 0.998426774,
2039.334346146, 0.998326217,
2039.416073028, 0.998337632,
2039.436504724, 0.998301714,
2039.456936520, 0.998292186,
2039.477368116, 0.998350021,
2039.497799812, 0.998285175,
2039.518231609, 0.998231840,
2039.538663205, 0.998329942,
2039.559094902, 0.998247767,
2039.579526699, 0.998216522,
2039.599958395, 0.998074390,
2039.620390092, 0.998122370,
2039.640821790, 0.998201945,
2039.661253387, 0.998194604,
2039.681685184, 0.998052105,
2039.702116882, 0.998452907,
2039.722548479, 0.998814654,
2039.742980277, 0.998381034,
2039.763411975, 0.998161260,
2039.783843773, 0.998074801,
2039.804275371, 0.998186992,
2039.824707069, 0.998288709,
2039.886002165, 0.998110215,
2039.906433963, 0.998216517,
2039.926865562, 0.998201592,
2039.947297261, 0.998174664,
2039.967729060, 0.998231581,
2039.988160659, 0.998210551,
2040.008592459, 0.998293347,
2040.029024158, 0.998199609,
2040.049455758, 0.998157662,
2040.069887558, 0.998124009,
2040.110750858, 0.998149812,
2040.131182658, 0.998046665,
2040.151614358, 0.998182561,
2040.172046158, 0.998267355,
2040.192477759, 0.998012627,
2040.212909460, 0.998071582,
2040.233341260, 0.998188488,
2040.253772961, 0.998155243,
2040.274204562, 0.997950820,
2040.294636364, 0.998090923,
2040.315068065, 0.998199635,
2040.376363170, 0.998259118,
2040.396794871, 0.998246782,
2040.417226573, 0.998093398,
2040.437658175, 0.998124092,
2040.458089978, 0.998061316,
2040.478521680, 0.998274106,
2040.498953283, 0.998123413,
2040.519385085, 0.997996743,
2040.539816788, 0.998293278,
2040.560248591, 0.998281981,
2040.601111897, 0.998345588,
2040.621543700, 0.998103693,
2040.641975304, 0.997994732,
2040.662407007, 0.998229996,
2040.682838811, 0.998296992,
2040.703270415, 0.998261067,
2040.723702219, 0.998092509,
2040.744133923, 0.998338636,
2040.764565627, 0.998421223,
2040.784997331, 0.998322238,
2040.846292445, 0.998295433,
2040.866724150, 0.998579665,
2040.887155955, 0.998220310,
2040.907587560, 0.998270019,
2040.928019266, 0.998324724,
2040.948451071, 0.998256809,
2040.968882777, 0.998097644,
2040.989314382, 0.998266805,
2041.009746188, 0.998143035,
2041.030177794, 0.998228040,
2041.050609500, 0.998184930,
2041.091472913, 0.998233302,
2041.111904720, 0.998246229,
2041.132336426, 0.998117945,
2041.152768033, 0.998157962,
2041.173199840, 0.998223898,
2041.193631547, 0.998134392,
2041.214063154, 0.998054083,
2041.234494962, 0.997958108,
2041.254926669, 0.998096667,
2041.275358477, 0.998053311,
2041.295790085, 0.998018331,
2041.377516917, 0.998187075,
2041.397948726, 0.998062787,
2041.418380334, 0.998147001,
2041.438812043, 0.998069183,
2041.459243852, 0.997945393,
2041.479675561, 0.998083003,
2041.500107270, 0.998096380,
2041.520538980, 0.998107688,
2041.561402399, 0.998108603,
2041.581834109, 0.998196436,
2041.602265819, 0.997820207,
2041.622697629, 0.997979321,
2041.643129239, 0.998166156,
2041.663561049, 0.998000874,
2041.683992660, 0.997977452,
2041.704424370, 0.997896163,
2041.745287792, 0.998023007,
2041.765719503, 0.997937737,
2041.786151314, 0.998033896,
2041.827014737, 0.997998024,
2041.847446449, 0.997865921,
2041.867878061, 0.998053117,
2041.888309873, 0.997832304,
2041.908741585, 0.997921390,
2041.929173197, 0.997958091,
2041.949605009, 0.998170265,
2041.970036722, 0.998180455,
2041.990468435, 0.998146373,
2042.010900148, 0.997951395,
2042.031331861, 0.997746555,
2042.092627000, 0.997951543,
2042.113058814, 0.997898500,
2042.133490528, 0.998016051,
2042.153922142, 0.997876598,
2042.174353955, 0.997817634,
2042.194785670, 0.998195935,
2042.215217384, 0.997905209,
2042.235649098, 0.997851816,
2042.256080813, 0.997870795,
2042.276512628, 0.998285127,
2042.358239388, 0.997914149,
2042.378671204, 0.997930427,
2042.399102820, 0.997804681,
2042.419534535, 0.997956856,
2042.439966351, 0.997875943,
2042.460397967, 0.997856287,
2042.480829684, 0.997975358,
2042.501261500, 0.998005089,
2042.542124833, 0.997963149,
2042.562556650, 0.998016075,
2042.582988267, 0.997920432,
2042.603420085, 0.998002975,
2042.623851802, 0.997881275,
2042.664715237, 0.997994222,
2042.685146955, 0.997947533,
2042.705578673, 0.997965669,
2042.726010391, 0.998276754,
2042.746442109, 0.997908430,
2042.766873928, 0.998014802,
2042.848600803, 0.997807329,
2042.869032422, 0.997948921,
2042.889464241, 0.997922461,
2042.909895961, 0.998087141,
2042.930327681, 0.997780233,
2042.950759400, 0.997920809,
2042.971191120, 0.997874574,
2042.991622840, 0.997896453,
2043.073349723, 0.997887043,
2043.093781344, 0.997784315,
2043.134644886, 0.997818306,
2043.155076707, 0.997855045,
2043.175508329, 0.998052825,
2043.195940051, 0.998009468,
2043.216371872, 0.997948430,
2043.236803494, 0.997945320,
2043.257235217, 0.997855921,
2043.318530484, 0.997814347,
2043.338962207, 0.997878979,
2043.359393930, 0.997972340,
2043.379825653, 0.998013548,
2043.400257376, 0.997812345,
2043.420689100, 0.997897862,
2043.441120924, 0.997801599,
2043.461552547, 0.997792323,
2043.481984371, 0.997969712,
2043.502416095, 0.997956302,
2043.543279544, 0.998017186,
2043.563711269, 0.998090027,
2043.584142894, 0.997949133,
2043.604574718, 0.997960755,
2043.625006444, 0.997890984,
2043.645438269, 0.997984644,
2043.665869894, 0.997735232,
2043.686301620, 0.997775562,
2043.727165072, 0.997934174,
2043.747596698, 0.997902160,
2043.788460250, 0.997898071,
2043.808891877, 0.997830762,
2043.829323704, 0.997868447,
2043.849755430, 0.997808334,
2043.870187258, 0.997798003,
2043.890618885, 0.997817221,
2043.911050612, 0.997995279,
2043.931482440, 0.997925824,
2043.951914068, 0.998135846,
2043.972345795, 0.997866838,
2043.992777623, 0.997975435,
2044.033641080, 0.997709855,
2044.054072809, 0.997768258,
2044.074504537, 0.997889555,
2044.094936266, 0.997737397,
2044.115367995, 0.997745589,
2044.135799725, 0.997804255,
2044.156231554, 0.997694590,
2044.176663184, 0.997786756,
2044.197095013, 0.997833834,
2044.217526743, 0.998059794,
2044.237958373, 0.997769847,
2044.299253565, 0.997627146,
2044.319685395, 0.997809032,
2044.340117126, 0.997846744,
2044.360548757, 0.998029645,
2044.380980589, 0.997733030,
2044.401412220, 0.997921952,
2044.421844052, 0.997964062,
2044.442275784, 0.997830747,
2044.462707416, 0.997819982,
2044.483139248, 0.997903535,
2044.544434445, 0.997884072,
2044.585298011, 0.997828814,
2044.605729644, 0.997935312,
2044.626161377, 0.997850008,
2044.646593211, 0.997962464,
2044.667024945, 0.997933716,
2044.687456579, 0.997860969,
2044.707888413, 0.997855596,
2044.728320147, 0.997796303,
2044.748751881, 0.997923106,
2044.769183616, 0.997950219,
2044.789615350, 0.998046721,
2044.810047185, 0.997918596,
2044.830478820, 0.997915963,
2044.850910556, 0.998039602,
2044.871342391, 0.997848522,
2044.891774027, 0.997899302,
2044.912205762, 0.998070139,
2044.932637598, 0.997896632,
2044.953069235, 0.997967178,
2044.973501071, 0.997697626,
2045.034796281, 0.997754175,
2045.055228018, 0.997771141,
2045.075659655, 0.997926832,
2045.096091492, 0.997865939,
2045.116523130, 0.997870434,
2045.136954968, 0.997870378,
2045.157386706, 0.997938966,
2045.177818344, 0.998012692,
2045.198250182, 0.997552069,
2045.218681920, 0.997866377,
2045.279977137, 0.997920158,
2045.300408976, 0.998703170,
2045.320840715, 0.997900578,
2045.341272355, 0.997906618,
2045.361704195, 0.997907316,
2045.382135934, 0.997857485,
2045.402567575, 0.997789289,
2045.422999415, 0.997877120,
2045.443431155, 0.997780149,
2045.463862796, 0.997809891,
2045.525158219, 0.998078614,
2045.545589860, 0.997852500,
2045.566021602, 0.997844580,
2045.586453443, 0.997702076,
2045.606885085, 0.997709759,
2045.627316827, 0.997800939,
2045.647748669, 0.997794353,
2045.668180312, 0.997875718,
2045.688612154, 0.998050606,
2045.729475540, 0.997863023,
2045.749907383, 0.997767554,
2045.770339027, 0.997929448,
2045.790770770, 0.997787197,
2045.811202614, 0.997848379,
2045.831634358, 0.997924785,
2045.852066102, 0.998029692,
2045.872497846, 0.997802196,
2045.892929591, 0.997930957,
2045.913361335, 0.997862117,
2045.933793080, 0.997699693,
2045.954224825, 0.997929912,
2046.015520161, 0.997846699,
2046.035951907, 0.997796192,
2046.056383553, 0.997935232,
2046.076815399, 0.997820555,
2046.097247146, 0.997816218,
2046.117678792, 0.997898059,
2046.138110639, 0.997759413,
2046.158542386, 0.997748883,
2046.178974033, 0.998155985,
2046.199405880, 0.997959402,
2046.260701123, 0.997859124,
2046.281132871, 0.997746695,
2046.301564719, 0.997737310,
2046.321996368, 0.997823255,
2046.342428116, 0.997939596,
2046.362859865, 0.997940413,
2046.383291614, 0.997810987,
2046.403723463, 0.997948093,
2046.424155112, 0.997866301,
2046.444586862, 0.997902727,
2046.485450362, 0.997903247,
2046.505882112, 0.997912622,
2046.526313962, 0.997897657,
2046.546745713, 0.998136903,
2046.567177463, 0.997888431,
2046.587609214, 0.998209072,
2046.608040965, 0.997828314,
2046.648904468, 0.998040130,
2046.669336220, 0.997951459,
2046.689768071, 0.998054368,
2046.730631476, 0.997818897,
2046.751063328, 0.997922268,
2046.771494981, 0.997906208,
2046.791926834, 0.997948075,
2046.812358586, 0.998027692,
2046.832790240, 0.998002104,
2046.853222093, 0.997933116,
2046.873653847, 0.998021564,
2046.894085501, 0.997999051,
2046.914517355, 0.998073688,
2046.934949109, 0.997975605,
2046.996244372, 0.997933707,
2047.016676127, 0.997893540,
2047.037107882, 0.997878901,
2047.057539638, 0.997791941,
2047.077971393, 0.998001400,
2047.098403149, 0.997957544,
2047.118835005, 0.997986312,
2047.139266661, 0.997965883,
2047.159698418, 0.997872835,
2047.180130274, 0.997971756,
2047.241425545, 0.997777994,
2047.261857302, 0.997892835,
2047.282288960, 0.997978407,
2047.302720818, 0.997926175,
2047.323152576, 0.997823466,
2047.343584434, 0.997978898,
2047.364016092, 0.997868130,
2047.384447851, 0.997849999,
2047.404879709, 0.997866848,
2047.425311368, 0.998031860,
2047.486606646, 0.997929596,
2047.507038506, 0.997901010,
2047.527470266, 0.997766067,
2047.547901926, 0.997944796,
2047.568333786, 0.997958026,
2047.588765547, 0.997806366,
2047.609197208, 0.997819601,
2047.629629069, 0.997737192,
2047.650060830, 0.997797720,
2047.670492591, 0.997902666,
2047.690924353, 0.997782801,
2047.711356115, 0.997858016,
2047.731787976, 0.997844468,
2047.752219639, 0.997738516,
2047.772651401, 0.997842003,
2047.793083164, 0.997745493,
2047.813514926, 0.997849015,
2047.833946689, 0.997937907,
2047.854378552, 0.997742771,
2047.874810216, 0.997809483,
2047.895242079, 0.997752110,
2047.915673843, 0.997944648,
2047.976969136, 0.997810398,
2047.997400801, 0.997854601,
2048.017832665, 0.997828290,
2048.038264430, 0.997709898,
2048.058696296, 0.997841903,
2048.079127961, 0.997859627,
2048.099559727, 0.997721710,
2048.119991593, 0.997861179,
2048.140423259, 0.997898211,
2048.160855025, 0.997888373,
2048.181286891, 0.997790786,
2048.201718558, 0.997805258,
2048.222150425, 0.997871237,
2048.242582192, 0.997720232,
2048.263013860, 0.998074787,
2048.283445727, 0.997729841,
2048.303877495, 0.998031118,
2048.324309263, 0.997730893,
2048.344741031, 0.997712169,
2048.365172799, 0.997798528,
2048.385604468, 0.997749884,
2048.467331644, 0.997846187,
2048.487763414, 0.997899739,
2048.508195284, 0.997846751,
2048.528626954, 0.997830427,
2048.569490595, 0.997859143,
2048.589922265, 0.997870442,
2048.610354136, 0.997957223,
2048.630785907, 0.997830028,
2048.651217579, 0.998032787,
2048.712512894, 0.997774105,
2048.732944766, 0.997835437,
2048.753376538, 0.997915121,
2048.773808411, 0.997940525,
2048.794240084, 0.997905129,
2048.814671857, 0.997945012,
2048.835103730, 0.997766014,
2048.855535403, 0.997843230,
2048.875967177, 0.997886951,
2048.896399051, 0.997832769,
2048.916830725, 0.997855150,
2048.937262499, 0.997813678,
2048.957694374, 0.997772166,
2048.978126149, 0.997714389,
2048.998557924, 0.997785820,
2049.018989699, 0.998059476,
2049.039421474, 0.997793903,
2049.059853250, 0.997654833,
2049.080285026, 0.997771659,
2049.100716802, 0.997782108,
2049.121148578, 0.997687066,
2049.141580355, 0.997844419,
2049.202875685, 0.997724710,
2049.223307563, 0.997797608,
2049.243739240, 0.997741233,
2049.264171018, 0.997764761,
2049.305034574, 0.997752174,
2049.325466353, 0.997894817,
2049.345898231, 0.997922661,
2049.366329910, 0.997921411,
2049.386761789, 0.997788051,
2049.407193569, 0.997822489,
2049.427625248, 0.997928374,
2049.448057128, 0.997871203,
2049.468488908, 0.997885548,
2049.488920688, 0.997968219,
2049.509352468, 0.997879139,
2049.529784249, 0.997790668,
2049.550216130, 0.997868730,
2049.570647811, 0.997882396,
2049.591079592, 0.998051603,
2049.611511474, 0.997671833,
2049.631943156, 0.997690937,
2049.672806820, 0.997739653,
2049.693238602, 0.997552360,
2049.713670385, 0.997745383,
2049.734102168, 0.997718342,
2049.754533851, 0.997847289,
2049.774965734, 0.997808734,
2049.795397518, 0.997719329,
2049.815829201, 0.997795398,
2049.836261085, 0.997790300,
2049.856692869, 0.997666448,
2049.877124554, 0.997836689,
2049.917988223, 0.997864400,
2049.938420109, 0.997822590,
2049.958851794, 0.997835642,
2049.979283579, 0.997882192,
2049.999715465, 0.997946672,
2050.020147151, 0.997894127,
2050.040578937, 0.997706507,
2050.061010824, 0.997911176,
2050.081442510, 0.997810843,
2050.101874397, 0.997831947,
2050.122306185, 0.997733161,
2050.163169759, 0.997657404,
2050.183601547, 0.997765262,
2050.204033335, 0.997733605,
2050.224465124, 0.997619065,
2050.244896912, 0.997741733,
2050.265328801, 0.997632670,
2050.285760490, 0.997716979,
2050.306192279, 0.997690701,
2050.326624168, 0.997767762,
2050.347055958, 0.997595173,
2050.367487648, 0.997740613,
2050.408351228, 0.997719033,
2050.428783019, 0.997801853,
2050.449214909, 0.997732568,
2050.469646601, 0.997872510,
2050.490078492, 0.997721739,
2050.510510283, 0.997779525,
2050.530941975, 0.997778287,
2050.551373867, 0.997800482,
2050.571805659, 0.997871526,
2050.592237351, 0.997887166,
2050.612669244, 0.998060629,
2050.653532930, 0.998024726,
2050.673964623, 0.997905517,
2050.694396417, 0.997884085,
2050.714828311, 0.997866575,
2050.735260005, 0.997805102,
2050.755691799, 0.998096663,
2050.776123693, 0.997778694,
2050.796555388, 0.998009347,
2050.816987283, 0.997779129,
2050.837419078, 0.997847549,
2050.919146261, 0.997866356,
2050.939578058, 0.997897638,
2050.960009854, 0.997833331,
2050.980441651, 0.998372886,
2051.000873548, 0.997639128,
2051.021305245, 0.997797145,
2051.062168841, 0.997951999,
2051.082600639, 0.997716659,
2051.103032537, 0.997708996,
2051.143896034, 0.997934311,
2051.164327933, 0.997867906,
2051.184759632, 0.997780305,
2051.205191531, 0.997813596,
2051.225623331, 0.997834928,
2051.246055031, 0.997793654,
2051.266486931, 0.997757968,
2051.286918732, 0.997807715,
2051.307350432, 0.997828608,
2051.327782333, 0.997677149,
2051.368646035, 0.997890779,
2051.389077737, 0.997791561,
2051.409509539, 0.997761500,
2051.429941441, 0.998135094,
2051.450373143, 0.997754566,
2051.470804945, 0.997973850,
2051.491236848, 0.997632021,
2051.511668651, 0.997570731,
2051.532100355, 0.997846482,
2051.552532258, 0.997594563,
2051.572964062, 0.997813379,
2051.593395866, 0.997541366,
2051.634259474, 0.997907505,
2051.654691279, 0.997712906,
2051.675123084, 0.997729622,
2051.695554889, 0.997707265,
2051.715986694, 0.997758361,
2051.736418500, 0.997895352,
2051.756850406, 0.997827713,
2051.777282112, 0.997852893,
2051.797713918, 0.997747681,
2051.818145825, 0.997684939,
2051.838577532, 0.997744521,
2051.879441246, 0.997798489,
2051.899872954, 0.997770182,
2051.920304862, 0.997909571,
2051.940736670, 0.997708285,
2051.961168378, 0.997735346,
2051.981600287, 0.997751792,
2052.002032095, 0.997890732,
2052.022463804, 0.997691450,
2052.042895714, 0.997834043,
2052.063327523, 0.997753085,
2052.083759433, 0.997854608,
2052.124622953, 0.997725626,
2052.145054864, 0.997822194,
2052.165486675, 0.997915332,
2052.185918386, 0.997822384,
2052.206350297, 0.997647733,
2052.226782108, 0.997674263,
2052.247213820, 0.998178759,
2052.267645732, 0.997814540,
2052.288077544, 0.997984461,
2052.308509457, 0.997650362,
2052.328941170, 0.997355841,
2052.369804896, 0.997869558,
2052.390236609, 0.997889874,
2052.410668423, 0.997770386,
2052.431100237, 0.997660695,
2052.451532051, 0.997691395,
2052.471963966, 0.997760698,
2052.492395681, 0.997666775,
2052.512827496, 0.997861175,
2052.533259411, 0.997689064,
2052.553691126, 0.997858251,
2052.574122942, 0.997616230,
2052.614986574, 0.997952718,
2052.635418491, 0.997685000,
2052.655850307, 0.997907427,
2052.676282024, 0.997993381,
2052.696713942, 0.997866040,
2052.717145759, 0.997918716,
2052.737577577, 0.997956089,
2052.758009395, 0.997914266,
2052.778441213, 0.997908039,
2052.798873032, 0.998100752,
2052.819304850, 0.997750294,
2052.860168589, 0.997801994,
2052.880600408, 0.997907095,
2052.901032128, 0.997851708,
2052.921464048, 0.997731404,
2052.941895868, 0.997708527,
2052.962327589, 0.997744079,
2052.982759509, 0.997935972,
2053.003191330, 0.998006784,
2053.023623252, 0.997832359,
2053.044054973, 0.997884713,
2053.064486795, 0.997887892,
2053.146214085, 0.997666395,
2053.166645908, 0.997721968,
2053.187077831, 0.997792747,
2053.207509555, 0.997751213,
2053.227941378, 0.997675149,
2053.248373303, 0.997738718,
2053.268805027, 0.997672551,
2053.289236851, 0.997760841,
2053.309668776, 0.997900511,
2053.350532427, 0.997728306,
2053.370964252, 0.997683162,
2053.391396078, 0.997815125,
2053.411827904, 0.997711806,
2053.432259731, 0.997999481,
2053.452691558, 0.997730917,
2053.473123384, 0.997755446,
2053.493555212, 0.997695480,
2053.513987039, 0.998011543,
2053.534418967, 0.997589762,
2053.554850695, 0.997875069,
2053.595714451, 0.997659641,
2053.616146180, 0.997590155,
2053.636578109, 0.997651176,
2053.657009938, 0.997646512,
2053.677441668, 0.997923427,
2053.697873598, 0.997586328,
2053.718305428, 0.997685339,
2053.738737258, 0.997714432,
2053.759169089, 0.997810193,
2053.779600919, 0.997655509,
2053.800032750, 0.997646577,
2053.840896313, 0.997723249,
2053.861328245, 0.997708641,
2053.881760077, 0.997893399,
2053.902192010, 0.997797616,
2053.922623742, 0.997625258,
2053.943055575, 0.997635418,
2053.963487509, 0.997619853,
2053.983919242, 0.997586044,
2054.004351076, 0.997498684,
2054.024783010, 0.997641349,
2054.045214844, 0.997513990,
2054.086078513, 0.997512406,
2054.106510348, 0.997705937,
2054.126942183, 0.997575738,
2054.147374019, 0.997748333,
2054.167805855, 0.997685388,
2054.188237791, 0.997677712,
2054.208669527, 0.997652668,
2054.229101364, 0.997623156,
2054.249533301, 0.997767132,
2054.269965038, 0.997944275,
2054.290396975, 0.997645899,
2054.331260551, 0.997876143,
2054.351692489, 0.997827428,
2054.372124328, 0.997635529,
2054.392556066, 0.997773936,
2054.412988005, 0.997650382,
2054.433419845, 0.997774286,
2054.453851684, 0.997678182,
2054.474283524, 0.997692565,
2054.494715264, 0.997823695,
2054.515147205, 0.997950850,
2054.535579045, 0.997902308,
2054.576442727, 0.997727256,
2054.596874569, 0.997659739,
2054.617306510, 0.997653852,
2054.637738252, 0.997823163,
2054.658170095, 0.997971671,
2054.678602037, 0.997856123,
2054.699033780, 0.997939612,
2054.719465623, 0.997920205,
2054.739897566, 0.997952633,
2054.760329410, 0.997883293,
2054.780761254, 0.997596939,
2054.821624942, 0.997796326,
2054.842056787, 0.997778632,
2054.862488632, 0.997643827,
2054.882920477, 0.997678663,
2054.903352423, 0.997560743,
2054.923784168, 0.998222415,
2054.944216014, 0.997768786,
2054.964647961, 0.997736648,
2055.005511654, 0.997820325,
2055.025943501, 0.997700667,
2055.087238944, 0.997715474,
2055.107670793, 0.997841856,
2055.128102741, 0.997806139,
2055.148534490, 0.997635094,
2055.168966439, 0.997762268,
2055.189398288, 0.997628471,
2055.209830038, 0.997667490,
2055.230261988, 0.997854561,
2055.250693838, 0.997626545,
2055.291557539, 0.997534153,
2055.311989390, 0.997570085,
2055.332421341, 0.997763686,
2055.352853093, 0.997559457,
2055.373284944, 0.997492139,
2055.393716896, 0.997499397,
2055.414148749, 0.997666994,
2055.434580501, 0.997654766,
2055.455012454, 0.997986369,
2055.475444308, 0.997433118,
2055.495876161, 0.997465195,
2055.516308015, 0.997329706,
2055.557171823, 0.997442715,
2055.577603578, 0.997547709,
2055.598035433, 0.997536803,
2055.618467388, 0.997638332,
2055.638899143, 0.997549500,
2055.659330999, 0.997566408,
2055.679762955, 0.997509898,
2055.700194711, 0.997492595,
2055.720626667, 0.997678067,
2055.741058424, 0.998094689,
2055.761490281, 0.997455394,
2055.802353996, 0.997513964,
2055.822785854, 0.997589143,
2055.843217813, 0.997629947,
2055.863649571, 0.997487617,
2055.884081530, 0.997536021,
2055.904513389, 0.997567363,
2055.924945248, 0.997523600,
2055.945377108, 0.997486948,
2055.965808968, 0.997594248,
2055.986240828, 0.997490634,
2056.006672688, 0.997438582,
2056.067968371, 0.997536397,
2056.088400133, 0.997654832,
2056.108832095, 0.997354709,
2056.129263957, 0.997494404,
2056.149695719, 0.997641737,
2056.170127682, 0.997466922,
2056.190559545, 0.997623949,
2056.210991508, 0.997535183,
2056.231423272, 0.997708317,
2056.272287100, 0.997520113,
2056.292718865, 0.997629099,
2056.313150729, 0.997415633,
2056.333582694, 0.997506177,
2056.354014460, 0.997574166,
2056.374446325, 0.997437396,
2056.394878191, 0.997560369,
2056.415310057, 0.997523763,
2056.435742024, 0.997425636,
2056.456173890, 0.997578713,
2056.476605657, 0.997750588,
2056.497037625, 0.997672822,
2056.537901260, 0.997568261,
2056.558333228, 0.997590731,
2056.578765097, 0.997639806,
2056.599196965, 0.997536038,
2056.619628834, 0.997624231,
2056.640060704, 0.997674433,
2056.660492573, 0.997628829,
2056.680924443, 0.997690814,
2056.701356313, 0.997560562,
2056.721788184, 0.997578365,
2056.742220055, 0.997635874,
2056.783083897, 0.997525416,
2056.803515669, 0.997693827,
2056.823947641, 0.997526918,
2056.844379513, 0.997544494,
2056.864811285, 0.997538559,
2056.885243258, 0.997531182,
2056.905675131, 0.997753162,
2056.926107104, 0.997508022,
2056.946538878, 0.997612535,
2056.966970752, 0.997426441,
2056.987402726, 0.997546298,
2057.028266376, 0.997391959,
2057.048698351, 0.997419851,
2057.069130126, 0.997505259,
2057.089562002, 0.997610321,
2057.109993878, 0.997454450,
2057.130425754, 0.997599279,
2057.150857731, 0.997444697,
2057.171289508, 0.997482047,
2057.191721385, 0.997821229,
2057.212153362, 0.997483248,
2057.232585240, 0.997422411,
2057.293880875, 0.997459616,
2057.314312754, 0.997467638,
2057.334744633, 0.997480328,
