BJD - 2454833, Corrected Flux
1977.262458037, 1.001765436,
1977.282890304, 1.002484033,
1977.303322471, 0.998074293,
1977.364619368, 0.996394999,
1977.385051633, 1.000264824,
1977.405483897, 1.001463501,
1977.425916161, 1.001253143,
1977.446348525, 0.999693609,
1977.466780688, 1.001095485,
1977.487213051, 0.999179160,
1977.507645313, 1.001936056,
1977.528077474, 0.998799465,
1977.568942096, 1.000997814,
1977.589374256, 0.997804898,
1977.609806616, 0.997139321,
1977.630238875, 0.998626498,
1977.650671034, 1.001069383,
1977.671103392, 1.000328887,
1977.691535650, 0.997859668,
1977.711967807, 0.999128784,
1977.732400164, 0.999880617,
1977.752832420, 1.358736206,
1977.773264576, 1.002005830,
1977.793696932, 0.998721892,
1977.814129187, 1.002985188,
1977.834561441, 1.000352690,
1977.854993695, 0.999302537,
1977.875425949, 0.997723482,
1977.895858202, 1.002294454,
1977.916290455, 1.002695235,
1977.936722707, 1.001809340,
1977.957155059, 1.000539055,
1977.977587210, 1.000160390,
1977.998019461, 0.997799085,
1978.018451811, 1.001275281,
1978.038883961, 0.999436256,
1978.059316210, 0.998376941,
1978.079748559, 1.000195367,
1978.100180707, 1.002854457,
1978.120612955, 1.000317080,
1978.141045302, 0.999012760,
1978.161477450, 1.001816015,
1978.181909696, 0.997161298,
1978.202342042, 1.001627705,
1978.222774188, 1.000121574,
1978.243206533, 0.999770462,
1978.263638778, 1.001574993,
1978.284071022, 1.000620680,
1978.304503266, 1.000768455,
1978.324935509, 0.999410942,
1978.345367752, 1.000032768,
1978.365799994, 0.999969524,
1978.386232236, 1.000395276,
1978.427096718, 1.000823138,
1978.447528959, 0.997802934,
1978.467961199, 1.002660322,
1978.488393438, 0.999004615,
1978.508825678, 1.003503668,
1978.590554529, 1.000555357,
1978.610986866, 0.999406674,
1978.631419102, 1.002260112,
1978.651851438, 1.003052956,
1978.672283573, 1.001389003,
1978.692715808, 0.998416173,
1978.713148143, 0.999833184,
1978.733580277, 1.002190148,
1978.754012510, 0.997267926,
1978.774444843, 0.998665418,
1978.794877076, 1.000751042,
1978.815309208, 0.999727346,
1978.835741539, 1.001546598,
1978.856173771, 1.000848272,
1978.876605901, 0.998512447,
1978.917470462, 1.003323693,
1978.937902591, 0.999102676,
1978.958334920, 1.000427235,
1978.978767148, 1.003265225,
1978.999199276, 1.002373219,
1979.019631604, 0.998899974,
1979.060495958, 1.002282449,
1979.080928283, 1.000953718,
1979.101360509, 0.999273172,
1979.121792835, 1.000904199,
1979.142224959, 1.001034742,
1979.162657184, 0.997405809,
1979.203521631, 1.001330127,
1979.223953854, 1.003006203,
1979.244386076, 1.002860053,
1979.264818298, 1.001277264,
1979.285250519, 0.997007397,
1979.305682741, 1.001092307,
1979.326114961, 0.999387018,
1979.346547182, 1.001163765,
1979.366979501, 0.999270113,
1979.387411621, 1.002139725,
1979.407843839, 1.000124284,
1979.428276157, 0.998209891,
1979.448708275, 0.998811116,
1979.469140493, 0.998067720,
1979.489572810, 0.999986091,
1979.510004926, 1.001419124,
1979.530437142, 1.000864449,
1979.550869458, 0.999438054,
1979.571301573, 1.002181173,
1979.591733888, 1.001768384,
1979.612166102, 0.999573480,
1979.632598316, 1.001418940,
1979.653030529, 1.004300387,
1979.673462742, 0.999772286,
1979.693894955, 0.998262304,
1979.714327166, 1.001251425,
1979.734759378, 1.002453219,
1979.775623799, 0.999124924,
1979.796056010, 1.002365999,
1979.816488219, 1.000647686,
1979.836920528, 1.000425503,
1979.857352637, 1.002659711,
1979.877784845, 1.000762045,
1979.898217053, 1.001914088,
1979.918649261, 0.999349269,
1979.939081468, 0.999880494,
1979.959513674, 1.001429881,
1979.979945880, 1.002305689,
1980.000378086, 0.999141882,
1980.020810291, 1.000845726,
1980.041242496, 0.997401775,
1980.061674800, 1.003601016,
1980.082106904, 1.002337777,
1980.102539107, 1.001465913,
1980.122971410, 0.999585094,
1980.143403512, 1.000520601,
1980.163835714, 1.001511258,
1980.184268016, 1.000270647,
1980.204700217, 1.003030894,
1980.225132317, 1.002785820,
1980.245564617, 0.998943403,
1980.265996817, 0.999400247,
1980.286428917, 1.000226525,
1980.306861215, 0.997961168,
1980.327293414, 1.000522980,
1980.347725512, 0.998460069,
1980.368157809, 0.999046397,
1980.388590006, 1.003099817,
1980.409022102, 0.998611091,
1980.429454399, 1.000727873,
1980.449886595, 0.997852774,
1980.470318790, 1.000532362,
1980.490750984, 1.000341368,
1980.511183178, 0.999384671,
1980.531615473, 1.001485950,
1980.552047566, 1.001918995,
1980.572479759, 1.001858548,
1980.592912051, 0.999901228,
1980.613344144, 1.000338459,
1980.633776335, 1.000440461,
1980.654208626, 1.000603166,
1980.674640717, 0.997153438,
1980.695072907, 1.000057359,
1980.715505197, 1.001093996,
1980.735937286, 1.000433721,
1980.756369475, 1.003677293,
1980.776801764, 1.002575272,
1980.797233852, 0.999801061,
1980.817666040, 0.997822417,
1980.838098327, 1.003824288,
1980.858530414, 0.999501462,
1980.878962600, 0.997671127,
1980.919826971, 0.999056949,
1980.940259156, 1.000784069,
1980.960691440, 1.001986156,
1980.981123525, 1.000688225,
1981.042420174, 0.999723993,
1981.062852356, 1.001759341,
1981.083284538, 1.001282995,
1981.103716719, 0.998433927,
1981.124148900, 0.997266671,
1981.144581081, 1.001420415,
1981.165013261, 1.004610417,
1981.185445541, 1.003771502,
1981.205877619, 0.999464796,
1981.226309798, 1.000324747,
1981.246742077, 1.001020657,
1981.267174154, 1.002902145,
1981.287606332, 1.000423155,
1981.308038609, 0.999865319,
1981.328470685, 1.000582390,
1981.348902861, 1.001142544,
1981.369335137, 1.000871469,
1981.389767212, 0.999301368,
1981.410199387, 0.997873008,
1981.430631561, 1.000245957,
1981.451063735, 1.000059226,
1981.471496008, 0.999280066,
1981.594089040, 1.001233763,
1981.614521210, 0.999876133,
1981.634953280, 0.998983350,
1981.655385550, 1.000593079,
1981.675817719, 1.000986434,
1981.696249787, 1.002733144,
1981.716682055, 0.999166070,
1981.737114223, 1.000446875,
1981.757546290, 1.000346082,
1981.777978557, 0.999762947,
1981.798410724, 0.998343983,
1981.818842789, 0.998432509,
1981.839275055, 1.000322639,
1981.859707220, 1.000894955,
1981.880139385, 1.000908665,
1981.900571549, 1.002035567,
1981.921003713, 0.999827333,
1981.941435976, 1.000438498,
1981.961868039, 1.000469265,
1981.982300201, 0.999664775,
1982.002732463, 0.997781216,
1982.023164625, 1.003232372,
1982.043596686, 1.001413598,
1982.064028947, 0.998066490,
1982.084461107, 1.001139016,
1982.104893167, 1.003785141,
1982.125325426, 1.000354110,
1982.145757485, 1.000462526,
1982.166189644, 1.000384068,
1982.186621902, 1.001920676,
1982.207053960, 1.000569299,
1982.227486117, 1.000157598,
1982.247918373, 1.000121633,
1982.268350430, 0.999513984,
1982.288782586, 1.005650096,
1982.309214841, 1.000441808,
1982.329646896, 1.004049499,
1982.350079051, 1.001621192,
1982.370511305, 0.997665832,
1982.390943459, 1.004591940,
1982.411375612, 0.997330288,
1982.431807765, 0.999300849,
1982.452239917, 1.002827148,
1982.472672070, 1.002196982,
1982.493104221, 0.999051835,
1982.513536372, 0.999277277,
1982.533968623, 1.001390548,
1982.554400673, 1.002944797,
1982.574832823, 0.999774119,
1982.595265073, 1.001222560,
1982.615697122, 1.000155301,
1982.636129270, 1.000452119,
1982.656561518, 1.000269974,
1982.676993566, 1.002258656,
1982.697425713, 1.001263554,
1982.717857960, 0.998788925,
1982.738290007, 1.000238009,
1982.758722152, 1.002907253,
1982.779154398, 1.003974653,
1982.799586443, 1.001478069,
1982.820018588, 0.998113423,
1982.840450832, 1.009312917,
1982.860882976, 1.000115016,
1982.881315119, 0.999653047,
1982.901747262, 1.001445188,
1982.922179305, 0.998962009,
1982.942611547, 1.004322917,
1982.983475730, 1.002301571,
1983.003907971, 1.002462046,
1983.024340111, 0.999404647,
1983.044772151, 1.002650497,
1983.065204391, 0.997787849,
1983.085636530, 1.003035203,
1983.106068569, 1.000890230,
1983.126500807, 0.998283429,
1983.146932945, 1.000999434,
1983.167364982, 1.001889870,
1983.187797219, 1.000853392,
1983.208229356, 0.998485538,
1983.228661492, 1.001630581,
1983.249093628, 0.999738711,
1983.269525763, 1.002591438,
1983.289957898, 0.997690790,
1983.310390032, 0.998956625,
1983.330822166, 0.999991259,
1983.351254400, 0.999663020,
1983.371686533, 1.005847409,
1983.392118566, 1.000716229,
1983.412550798, 1.002032898,
1983.432982930, 0.999567483,
1983.473847193, 1.000512568,
1983.494279323, 1.000605717,
1983.514711353, 1.004217063,
1983.535143583, 0.997842325,
1983.555575713, 1.000948663,
1983.576007742, 1.000177729,
1983.596439970, 0.998421058,
1983.616872098, 0.998760770,
1983.637304126, 1.001667493,
1983.657736353, 0.999699239,
1983.678168380, 1.002025102,
1983.698600606, 1.002190624,
1983.719032732, 0.999038295,
1983.739464758, 1.002152140,
1983.759896883, 1.000113698,
1983.780329108, 0.998698081,
1983.800761232, 0.995525177,
1983.821193355, 1.001751001,
1983.841625479, 0.998177558,
1983.862057602, 1.003390902,
1983.882489825, 0.999095487,
1983.902921847, 1.001236366,
1983.923353969, 0.999995879,
1983.943786190, 1.000139140,
1983.964218211, 1.001033829,
1983.984650331, 1.001595406,
1984.005082551, 0.999505582,
1984.025514571, 1.000843988,
1984.045946690, 0.998928687,
1984.066378909, 0.997323067,
1984.086810928, 1.002085314,
1984.107243046, 1.002817311,
1984.127675263, 1.002408125,
1984.148107280, 1.002266892,
1984.168539397, 1.001538955,
1984.188971613, 1.001158355,
1984.209403729, 1.001879836,
1984.229835744, 1.002449542,
1984.250267959, 1.002932439,
1984.270700074, 1.000999695,
1984.291132189, 0.997808958,
1984.311564302, 0.999238067,
1984.331996416, 1.003189605,
1984.352428629, 0.999422014,
1984.372860641, 1.002198285,
1984.393292653, 1.003314743,
1984.413724865, 1.001148507,
1984.475021198, 0.998560934,
1984.495453308, 1.002045222,
1984.515885317, 0.998451034,
1984.536317527, 0.999009740,
1984.556749636, 1.001442565,
1984.577181644, 1.002483520,
1984.597613852, 1.002172207,
1984.618045960, 0.999572666,
1984.638478067, 0.995696495,
1984.658910173, 1.005116617,
1984.679342280, 1.000726163,
1984.699774386, 0.998825989,
1984.720206591, 0.998655808,
1984.740638596, 1.000747144,
1984.761070801, 1.000483127,
1984.781502905, 1.000894175,
1984.801934909, 1.002350853,
1984.822367112, 1.000511392,
1984.842799215, 1.001816023,
1984.863231218, 0.998000211,
1984.883663420, 1.002094294,
1984.904095522, 1.000497922,
1984.985823825, 0.997797303,
1985.006256025, 1.005583895,
1985.026688124, 0.999030864,
1985.047120223, 0.999162595,
1985.067552322, 0.999445713,
1985.087984420, 0.997612384,
1985.108416517, 0.999945407,
1985.128848614, 0.999627129,
1985.149280711, 0.997981695,
1985.169712708, 1.000830711,
1985.190144904, 1.003518084,
1985.210577000, 1.003066306,
1985.231009195, 1.000565689,
1985.251441189, 1.002917709,
1985.271873284, 1.000785655,
1985.292305478, 1.000588402,
1985.312737472, 0.999010258,
1985.333169565, 1.001764370,
1985.353601757, 1.000525633,
1985.374033750, 0.998351941,
1985.394465842, 1.005614873,
1985.455762115, 1.002992219,
1985.476194305, 1.001311977,
1985.496626296, 1.002347221,
1985.517058385, 1.001591621,
1985.537490574, 0.999582123,
1985.557922663, 1.001764749,
1985.578354651, 1.002443387,
1985.598786839, 1.002592774,
1985.619218927, 1.002794688,
1985.639650914, 0.999736411,
1985.660083100, 1.003221191,
1985.680515187, 0.996162387,
1985.700947372, 1.003219447,
1985.721379358, 1.002952139,
1985.741811443, 0.997324179,
1985.762243628, 1.003064379,
1985.782675612, 1.000622934,
1985.803107696, 0.997773897,
1985.823539879, 1.001451808,
1985.843971862, 1.005701998,
1985.864403945, 1.003952777,
1985.884836027, 0.997714286,
1985.946132271, 1.004567351,
1985.966564352, 1.000074930,
1985.986996432, 1.000145060,
1986.007428512, 1.000012482,
1986.027860592, 1.003617521,
1986.048292670, 1.002100160,
1986.068724849, 1.003566910,
1986.089156827, 1.001008231,
1986.109588905, 1.003955117,
1986.130021082, 1.002857584,
1986.150453059, 1.001269348,
1986.170885236, 1.000160841,
1986.191317312, 0.999597226,
1986.211749288, 0.998613274,
1986.232181463, 0.999777879,
1986.252613538, 1.000871429,
1986.273045513, 1.003329812,
1986.293477687, 1.002104641,
1986.313909761, 1.003033419,
1986.334341734, 1.001318152,
1986.354773907, 0.997928333,
1986.375205980, 1.001054775,
1986.395638052, 0.994232664,
1986.416070124, 1.001261895,
1986.436502195, 0.998401397,
1986.456934266, 0.999448396,
1986.477366337, 1.002332204,
1986.497798407, 0.999884108,
1986.518230477, 0.997199439,
1986.538662646, 1.000515755,
1986.559094615, 1.002055278,
1986.579526684, 1.000755505,
1986.599958752, 0.999460490,
1986.620390820, 1.001522281,
1986.681687021, 1.001103775,
1986.702119187, 0.999480631,
1986.722551153, 0.996680485,
1986.742983219, 1.001728706,
1986.763415383, 0.999882919,
1986.783847348, 1.002879682,
1986.804279412, 0.998502602,
1986.824711576, 0.998685865,
1986.845143540, 0.999638948,
1986.865575603, 0.999799185,
1986.926871789, 0.997924785,
1986.947303951, 1.003734216,
1986.988167973, 0.998143920,
1987.008600133, 1.001015799,
1987.029032193, 1.001001608,
1987.049464153, 1.002472406,
1987.069896312, 0.997974406,
1987.090328370, 1.003237836,
1987.110760529, 0.997317153,
1987.172056702, 0.996031117,
1987.192488659, 1.002755560,
1987.212920715, 0.999833521,
1987.233352871, 1.003187958,
1987.253784826, 0.997515196,
1987.274216882, 1.003010789,
1987.294649037, 1.003936980,
1987.315080991, 1.001961044,
1987.335513045, 1.002375497,
1987.355945199, 1.001955436,
1987.376377152, 0.998742886,
1987.396809205, 1.000123202,
1987.417241257, 1.001013154,
1987.437673309, 1.002049211,
1987.458105361, 0.999722664,
1987.478537512, 1.011585143,
1987.498969463, 1.002460815,
1987.519401613, 1.001467426,
1987.539833664, 1.000990804,
1987.560265613, 1.000149930,
1987.580697763, 0.998568684,
1987.601129812, 1.001689532,
1987.662425956, 0.999925263,
1987.682857904, 1.002168513,
1987.703290051, 0.998653034,
1987.723722098, 1.000738270,
1987.744154144, 0.998795364,
1987.764586190, 0.998164362,
1987.785018235, 1.000867837,
1987.805450280, 0.999388267,
1987.825882325, 0.997469448,
1987.846314369, 1.000899791,
1987.907610500, 1.002330884,
1987.928042543, 0.999391231,
1987.948474685, 0.999579342,
1987.968906627, 1.002091240,
1987.989338769, 0.999104245,
1988.009770810, 0.999115739,
1988.030202751, 1.001074513,
1988.050634891, 0.999918338,
1988.071066931, 1.000523828,
1988.091498871, 0.999766971,
1988.111931010, 1.001850811,
1988.132362949, 1.000241117,
1988.152794988, 0.999527630,
1988.173227126, 0.998039357,
1988.193659063, 1.000389077,
1988.214091101, 0.998718012,
1988.234523238, 1.002264344,
1988.254955175, 1.000857988,
1988.275387211, 0.996209395,
1988.295819347, 1.000918765,
1988.316251382, 0.999681800,
1988.336683318, 1.002335157,
1988.397979421, 1.003150120,
1988.418411554, 1.001729048,
1988.438843587, 1.001696050,
1988.459275720, 1.003757143,
1988.479707653, 0.999467073,
1988.500139684, 1.002935324,
1988.520571816, 0.997654480,
1988.541003747, 1.001190126,
1988.561435778, 0.997877414,
1988.581867909, 0.999865629,
1988.643163998, 1.004547884,
1988.663595927, 0.999755295,
1988.684027956, 1.000914269,
1988.704460084, 1.001103222,
1988.724892012, 1.000925706,
1988.745324040, 1.003150009,
1988.765756167, 1.001302699,
1988.786188193, 1.000416236,
1988.806620120, 0.997232273,
1988.827052246, 0.997343970,
1988.908780246, 1.001063770,
1988.929212370, 0.999566483,
1988.949644394, 0.997843209,
1988.970076317, 0.999478105,
1988.990508440, 1.002679361,
1989.010940463, 1.004058311,
1989.031372385, 1.002221197,
1989.051804507, 1.000961329,
1989.072236528, 0.998612073,
1989.092668449, 0.998800514,
1989.113100570, 1.004200251,
1989.133532590, 1.004449467,
1989.153964610, 1.001629503,
1989.174396630, 1.001498219,
1989.194828649, 0.998376286,
1989.215260668, 1.000650063,
1989.235692686, 1.001660789,
1989.256124705, 0.997379138,
1989.276556722, 0.999762032,
1989.296988839, 1.000633480,
1989.317420757, 1.000132206,
1989.378716806, 1.003261551,
1989.399148921, 0.999274281,
1989.419580936, 0.997499071,
1989.440012851, 1.000617337,
1989.460444965, 1.001082513,
1989.480876979, 1.002979445,
1989.501308893, 0.998090179,
1989.521741006, 0.999504738,
1989.542173019, 1.002495625,
1989.562604931, 0.997845137,
1989.583037043, 1.001418892,
1989.603469055, 1.002776096,
1989.623900966, 1.001869458,
1989.644333078, 1.001441212,
1989.664765088, 1.001657219,
1989.685196999, 1.001623256,
1989.705629108, 1.000596131,
1989.726061118, 0.999258633,
1989.746493027, 0.999681645,
1989.766925136, 1.002999575,
1989.787357145, 1.001773103,
1989.807789053, 1.003177276,
1989.869085274, 0.998283799,
1989.889517181, 1.002078752,
1989.909949187, 0.999677059,
1989.950813199, 1.001065616,
1989.971245204, 0.999069853,
1989.991677309, 1.006693075,
1990.012109213, 0.999219762,
1990.032541217, 1.001408448,
1990.052973321, 1.000527795,
1990.073405224, 1.004507606,
1990.093837227, 1.001841755,
1990.114269330, 1.001305800,
1990.134701332, 0.999607279,
1990.155133234, 1.003713766,
1990.175565335, 0.999058743,
1990.195997336, 1.000339294,
1990.216429237, 1.000742630,
1990.236861337, 1.001139378,
1990.257293337, 1.000961793,
1990.277725337, 1.005402402,
1990.298157336, 1.005976723,
1990.359453332, 0.998070698,
1990.379885229, 0.998757381,
1990.400317327, 1.000431612,
1990.441181221, 1.000286847,
1990.461613317, 0.997691767,
1990.482045313, 0.999386494,
1990.502477309, 1.000313848,
1990.522909304, 1.001310572,
1990.543341299, 0.997641887,
1990.604637282, 1.001013957,
1990.625069275, 0.999616317,
1990.645501368, 0.999156881,
1990.665933261, 0.999750836,
1990.706797345, 0.996266098,
1990.727229237, 1.002703687,
1990.747661328, 1.002290724,
1990.768093319, 0.997775467,
1990.788525210, 1.000077903,
1990.849821180, 0.997896631,
1990.870253269, 1.000749997,
1990.890685257, 0.998904974,
1990.911117146, 0.998962694,
1990.931549234, 1.002079352,
1990.951981221, 1.000551365,
1990.972413209, 0.998290542,
1990.992845196, 0.998221610,
1991.013277183, 1.000116568,
1991.033709169, 1.000479110,
1991.054141155, 1.001755559,
1991.074573140, 1.001533746,
1991.095005025, 1.000702145,
1991.115437111, 1.002968902,
1991.135869095, 0.998890170,
1991.156301179, 1.001537217,
1991.176733063, 1.000261891,
1991.197165046, 1.001954991,
1991.217597129, 0.996017761,
1991.238029012, 1.002087883,
1991.258460994, 1.003460991,
1991.278893076, 0.998085981,
1991.340189020, 0.998538940,
1991.360620901, 1.000494742,
1991.381052881, 1.002101548,
1991.401484961, 1.001499309,
1991.421916840, 0.998263425,
1991.442348819, 0.997342343,
1991.462780898, 1.001063399,
1991.483212877, 1.001094136,
1991.503644755, 1.000089244,
1991.524076833, 0.999744886,
1991.544508810, 1.001731359,
1991.564940687, 0.999235468,
1991.585372764, 1.000063457,
1991.605804740, 0.999139928,
1991.626236816, 1.000646850,
1991.646668691, 0.996580141,
1991.667100667, 1.000832341,
1991.687532742, 0.999407264,
1991.707964616, 1.000417056,
1991.728396590, 0.998149961,
1991.748828564, 1.001862613,
1991.769260538, 0.999750173,
1991.789692511, 1.000646887,
1991.810124484, 1.001193183,
1991.830556456, 1.000159079,
1991.850988429, 1.000276850,
1991.871420400, 0.997277844,
1991.891852372, 0.996884771,
1991.912284343, 1.001507315,
1991.932716314, 0.998832125,
1991.953148284, 1.000148093,
1991.973580254, 1.002121152,
1991.994012323, 0.999653575,
1992.014444193, 1.001350359,
1992.075740098, 1.000280861,
1992.096172167, 1.000416265,
1992.116604134, 0.999844558,
1992.137036002, 1.002776531,
1992.157468068, 0.999656404,
1992.177900035, 0.998877660,
1992.198331901, 1.002391109,
1992.218763967, 0.997354097,
1992.239195932, 0.999109304,
1992.259627797, 0.999381646,
1992.300491827, 0.998622356,
1992.320923791, 1.001137145,
1992.341355754, 0.997973804,
1992.361787718, 0.999048805,
1992.382219681, 0.999941921,
1992.402651644, 0.998665731,
1992.423083606, 0.998974199,
1992.443515668, 0.999502963,
1992.463947630, 1.001474025,
1992.484379491, 0.999821451,
1992.504811552, 1.000727357,
1992.525243413, 1.000305948,
1992.545675373, 0.999361969,
1992.566107433, 0.998765717,
1992.586539292, 1.001268912,
1992.606971252, 0.999946754,
1992.647835169, 0.998614206,
1992.668267128, 1.002660504,
1992.688699185, 1.000846216,
1992.709131043, 1.000315043,
1992.729563000, 1.000015789,
1992.749995057, 1.001008876,
1992.811290926, 1.000457160,
1992.831722881, 0.999249869,
1992.852154836, 1.000655405,
1992.872586791, 1.000031712,
1992.893018746, 1.000527497,
1992.913450700, 0.997275421,
1992.933882653, 1.006665034,
1992.954314607, 1.001460161,
1992.974746660, 0.997324883,
1992.995178513, 1.001697474,
1993.015610465, 0.996546885,
1993.036042517, 1.002359244,
1993.056474369, 0.997068386,
1993.076906321, 0.997925682,
1993.097338372, 1.002970325,
1993.117770222, 1.001609347,
1993.138202173, 0.997745272,
1993.158634223, 1.000057264,
1993.179066073, 0.996171552,
1993.199498022, 0.997951623,
1993.219930071, 0.999127558,
1993.240361920, 1.002338251,
1993.301657764, 1.000714449,
1993.322089811, 1.000776093,
1993.342521758, 0.998662689,
1993.362953605, 1.000475562,
1993.383385651, 0.997847602,
1993.403817597, 1.002059683,
1993.424249443, 1.001317599,
1993.444681488, 1.000961915,
1993.465113433, 0.999850081,
1993.485545278, 0.998673570,
1993.546841110, 1.002341075,
1993.567273153, 1.002295014,
1993.587705096, 0.999158585,
1993.608136939, 1.000038057,
1993.628568981, 1.009679927,
1993.649000923, 0.999174715,
1993.669432965, 1.001112992,
1993.689864806, 0.997458429,
1993.710296747, 1.001427966,
1993.730728788, 0.996879553,
1993.751160628, 1.001103935,
1993.771592568, 1.000735247,
1993.792024608, 1.000095643,
1993.812456547, 1.000944379,
1993.832888386, 0.998633019,
1993.853320425, 0.999120914,
1993.873752363, 0.997050686,
1993.894184201, 1.002676240,
1993.914616239, 1.000404888,
1993.935048176, 1.002990894,
1993.955480013, 1.002180592,
1993.975912050, 0.999678922,
1994.037207858, 1.001731204,
1994.057639693, 0.999271028,
1994.078071728, 0.998448698,
1994.098503663, 1.004613895,
1994.118935497, 1.001864728,
1994.139367531, 1.001999890,
1994.159799465, 0.999592401,
1994.180231398, 1.002126805,
1994.200663331, 0.997857540,
1994.221095264, 1.000982426,
1994.282391060, 1.000047168,
1994.302822992, 0.999760698,
1994.323254923, 0.996838595,
1994.343686853, 1.002543986,
1994.364118784, 1.002584644,
1994.384550814, 1.003302728,
1994.404982644, 1.001224005,
1994.425414573, 1.001033773,
1994.445846602, 0.998269846,
1994.466278431, 0.998438785,
1994.486710459, 1.002008572,
1994.507142388, 1.000980272,
1994.527574215, 1.000052406,
1994.548006243, 0.999852400,
1994.568438170, 0.999894306,
1994.588869997, 0.998433210,
1994.609302023, 0.999952316,
1994.629733949, 1.000335658,
1994.650165875, 0.999599790,
1994.670597801, 0.994545725,
1994.691029726, 0.998727225,
1994.711461551, 0.998060519,
1994.772757324, 0.998948227,
1994.793189347, 1.002118332,
1994.813621270, 1.000904396,
1994.834053093, 0.998907075,
1994.854485116, 0.997734053,
1994.874917038, 1.000780367,
1994.895349060, 1.000782088,
1994.915780882, 1.000092192,
1994.936212803, 0.999541680,
1994.956644824, 0.998749333,
1995.017940585, 0.998214949,
1995.038372405, 0.997826951,
1995.058804324, 1.000920652,
1995.079236343, 0.996706237,
1995.099668162, 1.005031933,
1995.120100081, 0.999541150,
1995.140532099, 1.001751141,
1995.160963916, 1.000245528,
1995.181395834, 1.001754250,
1995.201827851, 1.003034893,
1995.263123601, 0.997273970,
1995.283555516, 0.997063114,
1995.303987432, 1.000568778,
1995.324419347, 0.998604517,
1995.344851262, 1.001140942,
1995.365283177, 1.001426043,
1995.385715091, 0.999081106,
1995.406147005, 0.998852095,
1995.426578919, 1.002894308,
1995.447010832, 1.001408746,
1995.467442745, 0.997286203,
1995.487874658, 0.998115846,
1995.508306570, 1.001740626,
1995.528738382, 0.998920489,
1995.549170394, 1.005401708,
1995.569602305, 0.998585576,
1995.590034216, 1.002235047,
1995.610466127, 1.000661995,
1995.630898038, 1.000199504,
1995.651329948, 1.000068768,
1995.671761858, 1.001018984,
1995.692193767, 1.000524802,
1995.753489494, 1.000582772,
1995.773921502, 1.003323354,
1995.794353410, 1.000384375,
1995.814785218, 1.004540509,
1995.835217225, 1.002801628,
1995.855649132, 0.996527428,
1995.876080939, 1.000204805,
1995.896512945, 0.999783860,
1995.916944851, 0.999530577,
1995.937376657, 0.997232146,
1995.998672373, 1.000515560,
1996.019104377, 1.000947804,
1996.039536281, 1.000743134,
1996.059968185, 1.000520326,
1996.080400089, 1.002379715,
1996.100831992, 0.998042067,
1996.121263895, 0.997985106,
1996.141695798, 0.999051540,
1996.162127700, 1.001540533,
1996.182559602, 0.998921503,
1996.202991504, 0.996926455,
1996.223423405, 0.997792015,
1996.243855406, 0.997926855,
1996.264287207, 0.999325103,
1996.284719107, 1.001218288,
1996.305151107, 0.997405422,
1996.325582907, 0.997690083,
1996.346014807, 1.046187638,
1996.366446806, 1.011056243,
1996.386878605, 1.002378016,
1996.407310504, 1.001044811,
1996.427742502, 0.998941388,
1996.489038195, 0.997530772,
1996.509469992, 0.999319045,
1996.529901989, 0.999746430,
1996.550333885, 1.000243146,
1996.570765782, 0.999411903,
1996.591197677, 0.998720695,
1996.611629573, 0.999958017,
1996.632061468, 0.998442808,
1996.652493363, 1.000376213,
1996.672925258, 1.000027192,
1996.734220940, 1.000293891,
1996.754652833, 1.001720475,
1996.775084826, 1.001445732,
1996.795516619, 0.997684618,
1996.815948511, 1.001409766,
1996.836380503, 1.002796261,
1996.856812295, 0.998644707,
1996.877244187, 0.997792620,
1996.897676078, 1.003445740,
1996.918107969, 1.000886895,
1996.979403640, 1.001223959,
1996.999835630, 1.000614853,
1997.020267419, 0.999617331,
1997.040699309, 1.000757518,
1997.061131298, 0.999915719,
1997.101994974, 0.996870004,
1997.122426962, 0.999450376,
1997.142858850, 0.998712542,
1997.163290637, 1.000438377,
1997.224586297, 1.001668338,
1997.245018283, 1.001650679,
1997.265450169, 0.997238388,
1997.285881955, 0.999982907,
1997.306313940, 1.000941493,
1997.326745825, 0.998258495,
1997.347177810, 1.000100383,
1997.367609594, 1.000558633,
1997.388041478, 1.002174398,
1997.408473462, 0.997550404,
1997.428905245, 1.000411172,
1997.449337128, 1.001894080,
1997.469769111, 0.999559071,
1997.490200894, 1.001181080,
1997.510632776, 1.000906642,
1997.531064758, 1.000365395,
1997.551496639, 1.001610351,
1997.571928421, 1.000262304,
1997.592360402, 0.999378383,
1997.612792183, 1.000023296,
1997.633224063, 1.000668234,
1997.653656043, 0.997532069,
1997.714951682, 1.001525409,
1997.735383461, 0.998187393,
1997.755815439, 0.997846777,
1997.776247318, 1.001949413,
1997.796679096, 1.001807005,
1997.817111074, 0.997901535,
1997.837542951, 0.996739084,
1997.857974728, 0.997120513,
1997.878406705, 1.002067980,
1997.898838582, 1.001024035,
1997.960134210, 1.000977923,
1997.980566085, 0.999102610,
1998.000997961, 0.998671048,
1998.021429835, 1.000321981,
1998.041861710, 1.000302166,
1998.062293684, 1.000629906,
1998.082725458, 1.000143209,
1998.103157432, 1.000968155,
1998.123589305, 0.996378432,
1998.144021078, 0.998417265,
1998.164453051, 1.000787311,
1998.184884924, 0.999970912,
1998.205316696, 0.999416927,
1998.225748668, 0.999600886,
1998.246180539, 0.996686395,
1998.266612311, 0.999259850,
1998.287044282, 0.996893372,
1998.307476153, 0.997207662,
1998.348339893, 0.999960375,
1998.368771663, 1.002325269,
1998.389203633, 1.001764141,
1998.450499140, 0.998211047,
1998.470931108, 0.997263812,
1998.491362976, 1.000114897,
1998.511794844, 1.000535524,
1998.532226712, 1.002102524,
1998.552658579, 0.998714304,
1998.573090546, 0.999049737,
1998.593522313, 1.000906078,
1998.613954179, 0.999041566,
1998.634386145, 0.999969329,
1998.695681742, 1.001311061,
1998.716113507, 0.999864246,
1998.736545372, 1.000829776,
1998.756977336, 1.001875380,
1998.777409100, 0.998541582,
1998.797840964, 1.000120514,
1998.818272927, 0.999240096,
1998.838704691, 0.997403273,
1998.859136554, 1.000065359,
1998.879568516, 0.999161361,
1998.900000379, 0.998478034,
1998.920432241, 0.999527014,
1998.940864103, 0.997670835,
1998.961295964, 0.999816872,
1998.981727826, 0.999894726,
1999.002159687, 1.000761394,
1999.022591547, 0.996342495,
1999.043023508, 0.999786294,
1999.063455268, 0.999248591,
1999.083887128, 0.998213199,
1999.104318987, 1.001177675,
1999.124750846, 0.999552214,
1999.186046423, 1.000250656,
1999.206478181, 0.999953683,
1999.226910139, 1.000384435,
1999.247341996, 0.998840983,
1999.267773954, 0.997474019,
1999.288205711, 1.000037403,
1999.308637567, 1.000509340,
1999.329069524, 1.009316232,
1999.349501280, 0.998624935,
1999.369933136, 1.001011385,
1999.390365092, 0.998425028,
1999.410796947, 1.001108127,
1999.431228702, 0.999862872,
1999.451660657, 1.002006175,
1999.472092511, 1.000153972,
1999.492524266, 0.998092915,
1999.512956220, 1.000214796,
1999.533388073, 0.999722845,
1999.553819827, 1.000652809,
1999.574251780, 0.999247166,
1999.594683633, 0.999467333,
1999.615115385, 1.001097378,
1999.676411141, 1.002144628,
1999.696842893, 0.998739859,
1999.717274744, 1.000046039,
1999.737706695, 1.000726430,
1999.758138445, 1.001681547,
1999.778570296, 0.999064373,
1999.799002246, 1.000865597,
1999.819433995, 0.998925585,
1999.839865845, 0.998573704,
1999.860297694, 0.998636660,
1999.921593240, 0.999833986,
1999.942025088, 0.998905395,
1999.962456936, 0.999774561,
1999.982888884, 1.002281703,
2000.003320631, 1.002904267,
2000.023752578, 1.001749769,
2000.044184425, 1.001053469,
2000.064616171, 0.999588562,
2000.085048117, 1.000070326,
2000.105479963, 1.000134379,
2000.125911709, 1.000598514,
2000.146343654, 1.000397911,
2000.166775500, 1.000507728,
2000.187207244, 0.997004282,
2000.207639189, 1.000943228,
2000.228071033, 1.000140437,
2000.248502877, 0.999592565,
2000.268934721, 0.998315953,
2000.289366564, 1.003944791,
2000.309798408, 1.000192869,
2000.330230251, 1.000828089,
2000.350662093, 1.000384218,
2000.411957620, 0.998433633,
2000.432389561, 1.001860933,
2000.452821402, 0.999245615,
2000.473253144, 0.998745670,
2000.493685084, 1.000848735,
2000.514116925, 0.998762586,
2000.534548665, 0.998781846,
2000.554980605, 1.001182833,
2000.575412445, 1.001442860,
2000.595844184, 1.001400982,
2000.636707862, 1.002175007,
2000.657139701, 1.000058162,
2000.677571639, 0.994242088,
2000.698003377, 0.998432782,
2000.718435215, 1.000579352,
2000.738867153, 1.000805754,
2000.759298890, 0.997228980,
2000.779730827, 1.006664783,
2000.800162664, 1.016772878,
2000.820594500, 1.009711303,
2000.841026336, 0.999846106,
2000.861458172, 1.001153011,
2000.881890008, 1.000910328,
2000.902321843, 0.998358903,
2000.922753678, 1.000041848,
2000.963617448, 1.000970647,
2000.984049182, 1.001538297,
2001.004481017, 0.998921872,
2001.024912950, 1.004112553,
2001.045344684, 0.999343491,
2001.065776517, 1.005885991,
2001.086208450, 1.001714886,
2001.147503948, 1.000028302,
2001.167935679, 0.999368439,
2001.188367611, 0.996854232,
2001.208799443, 0.999535186,
2001.229231274, 1.000693118,
2001.249663105, 1.001137228,
2001.270094835, 0.998007894,
2001.290526766, 1.001472000,
2001.310958596, 0.997016429,
2001.331390426, 0.997636609,
2001.351822156, 0.996908181,
2001.372254085, 0.999838357,
2001.392685914, 1.001911495,
2001.413117643, 1.001552982,
2001.433549571, 1.000812094,
2001.453981400, 1.000107741,
2001.474413128, 0.997841024,
2001.494845055, 0.999763837,
2001.515276883, 0.997129399,
2001.535708810, 1.001819588,
2001.556140537, 1.001222956,
2001.576572364, 0.998352578,
2001.637867843, 1.001092580,
2001.658299768, 1.002143078,
2001.678731494, 0.999483146,
2001.699163319, 1.002865317,
2001.719595244, 1.002846803,
2001.740026969, 0.998872852,
2001.760458793, 0.999191217,
2001.780890717, 1.003534752,
2001.801322541, 1.001405790,
2001.821754265, 1.002716546,
2001.842186188, 1.000025911,
2001.862618011, 1.000144511,
2001.883049934, 0.999775584,
2001.903481657, 0.998437897,
2001.923913479, 0.998388659,
2001.944345401, 1.000410720,
2001.964777123, 1.001442068,
2001.985208945, 1.000053666,
2002.005640766, 1.001528359,
2002.026072587, 0.998489946,
2002.046504408, 1.002145749,
2002.066936228, 0.996871886,
2002.128231689, 0.999623966,
2002.148663508, 1.001249286,
2002.169095327, 0.999231576,
2002.189527147, 0.999000001,
2002.209958965, 0.996943887,
2002.230390884, 0.999638369,
2002.250822602, 1.001349810,
2002.271254420, 0.998815727,
2002.291686338, 1.001960519,
2002.312118155, 0.999567922,
2002.332549873, 0.999291877,
2002.352981790, 0.999770576,
2002.373413607, 1.000802462,
2002.393845323, 1.001273221,
2002.414277239, 1.002095445,
2002.434709055, 0.996629369,
2002.455140771, 1.001553082,
2002.475572687, 0.999498145,
2002.496004502, 1.000375836,
2002.516436217, 1.000388353,
2002.536868132, 1.000957499,
2002.557299946, 1.001812527,
2002.639027302, 0.998317277,
2002.659459015, 1.000436072,
2002.679890828, 0.997392264,
2002.700322741, 0.999007341,
2002.720754453, 1.000891175,
2002.741186266, 1.003163412,
2002.761618078, 0.997780241,
2002.782049889, 1.002782888,
2002.802481701, 1.001533318,
2002.822913612, 0.999828532,
2002.843345323, 1.002381690,
2002.863777134, 1.005876574,
2002.884209045, 1.000090509,
2002.904640755, 1.004120275,
2002.925072565, 0.997534884,
2002.945504475, 1.001219005,
2002.965936184, 1.002444467,
2002.986368094, 0.998760940,
2003.006799903, 1.006889626,
2003.027231612, 1.000323185,
2003.047663520, 1.003178503,
2003.108958944, 1.001955113,
2003.129390752, 0.999149898,
2003.149822559, 1.000649777,
2003.170254366, 1.001512733,
2003.190686173, 1.000101478,
2003.211117980, 1.001210363,
2003.231549786, 1.002226705,
2003.251981592, 1.000834307,
2003.272413398, 1.001122895,
2003.292845304, 1.000309725,
2003.313277009, 0.996887525,
2003.333708914, 1.002022715,
2003.354140719, 1.001492719,
2003.374572424, 1.000857345,
2003.395004329, 1.001790566,
2003.415436133, 1.000231152,
2003.435867837, 1.002694895,
2003.456299740, 1.001572214,
2003.476731444, 1.001668010,
2003.497163247, 0.998355880,
2003.517595150, 1.000438459,
2003.538026853, 1.002228787,
2003.599322260, 1.000520280,
2003.619754061, 0.999049303,
2003.640185963, 1.001986924,
2003.660617764, 1.002930655,
2003.681049565, 1.000152999,
2003.701481366, 0.999678548,
2003.721913167, 1.003391403,
2003.742344967, 1.001472470,
2003.762776767, 1.000651115,
2003.783208567, 1.001860059,
2003.803640467, 0.998113612,
2003.824072166, 1.000463799,
2003.844503965, 0.998552575,
2003.864935864, 1.002999767,
2003.885367563, 0.998804407,
2003.905799361, 1.001573110,
2003.926231259, 0.998800597,
2003.946662957, 0.999671905,
2003.967094755, 0.999322814,
2003.987526653, 1.003354874,
2004.007958350, 0.997771006,
2004.028390247, 1.000431178,
2004.089685637, 0.999819142,
2004.110117433, 1.000097484,
2004.130549229, 1.001911205,
2004.150981024, 1.003045714,
2004.171412820, 1.000317688,
2004.191844615, 0.999825796,
2004.212276410, 1.000370536,
2004.232708204, 0.999985687,
2004.253139899, 1.003188894,
2004.273571793, 0.999530186,
2004.294003587, 1.000990096,
2004.314435281, 0.997327087,
2004.334867174, 0.999195156,
2004.355298967, 0.999580945,
2004.375730860, 0.999282925,
2004.396162553, 1.001032562,
2004.416594346, 0.998199730,
2004.437026238, 1.000180815,
2004.457457930, 1.000592906,
2004.477889722, 1.000200305,
2004.498321614, 1.000585964,
2004.518753305, 0.999926000,
2004.580048678, 0.999427298,
2004.600480469, 1.002538305,
2004.620912359, 1.000254579,
2004.641344149, 1.000285437,
2004.661775839, 1.000203991,
2004.682207728, 1.001625581,
2004.702639518, 1.003160491,
2004.723071307, 1.001993128,
2004.743503096, 0.998974539,
2004.763934885, 1.000187609,
2004.825230249, 1.003678596,
2004.845662037, 1.000465967,
2004.866093825, 1.003160411,
2004.886525612, 1.000993800,
2004.906957399, 1.000227258,
2004.927389186, 1.000991229,
2004.947820972, 1.001851926,
2004.968252759, 0.999777843,
2004.988684545, 1.001086000,
2005.009116331, 1.002321297,
2005.029548117, 1.001237980,
2005.049979902, 1.000975552,
2005.070411787, 1.003179226,
2005.090843472, 1.000335608,
2005.111275257, 0.998606139,
2005.131707142, 0.999144023,
2005.152138926, 1.001893050,
2005.172570610, 0.998415307,
2005.193002494, 1.000908178,
2005.213434278, 1.001356725,
2005.233865961, 0.999761899,
2005.254297844, 1.001225550,
2005.295161310, 1.001410456,
2005.315593193, 1.000371005,
2005.336024975, 1.000209137,
2005.356456657, 1.002571070,
2005.376888539, 1.002612737,
2005.397320321, 1.000721150,
2005.417752202, 1.002738005,
2005.438183884, 1.000886871,
2005.458615665, 1.000334470,
2005.479047545, 0.998087852,
2005.499479226, 1.000617826,
2005.519911006, 0.999553134,
2005.540342886, 1.000494418,
2005.560774566, 1.001493935,
2005.581206346, 1.001862712,
2005.601638225, 1.001087589,
2005.622069905, 0.998279879,
2005.642501684, 0.999005804,
2005.662933463, 0.998828870,
2005.683365241, 1.002676479,
2005.703797019, 1.002239696,
2005.724228898, 0.997349963,
2005.744660576, 1.002282462,
2005.805955908, 0.999339408,
2005.826387785, 1.000498088,
2005.846819562, 1.001076940,
2005.867251238, 1.000583126,
2005.887683115, 1.000174597,
2005.908114891, 0.998795845,
2005.928546567, 1.000257274,
2005.948978443, 0.997990136,
2005.969410218, 1.000660209,
2005.989841993, 0.998901272,
2006.010273769, 0.998652022,
2006.030705544, 0.997577685,
2006.051137318, 0.999916411,
2006.071569093, 1.000783834,
2006.092000867, 1.001744727,
2006.112432741, 1.001421738,
2006.132864415, 0.997366542,
2006.153296188, 0.999869682,
2006.173728062, 1.000786870,
2006.194159835, 1.000620043,
2006.214591508, 1.002918358,
2006.235023380, 1.005534791,
2006.255455153, 1.000726505,
2006.275886825, 0.999063711,
2006.296318697, 1.001801207,
2006.316750469, 1.001536916,
2006.337182141, 1.001875384,
2006.357614012, 1.000498992,
2006.378045684, 1.002398189,
2006.398477454, 0.999568030,
2006.418909325, 1.000447532,
2006.439340996, 1.004869203,
2006.459772866, 1.000905942,
2006.480204637, 0.999499545,
2006.541499946, 0.997851772,
2006.561931715, 0.998666970,
2006.582363484, 1.001975472,
2006.602795253, 1.001074151,
2006.623227022, 1.001961239,
2006.643658890, 1.001191905,
2006.664090558, 1.003070177,
2006.684522327, 0.999101426,
2006.704954194, 1.002049159,
2006.725385862, 1.004404086,
2006.745817629, 0.999577724,
2006.766249497, 1.000534448,
2006.786681164, 0.997523472,
2006.807113030, 1.004656448,
2006.827544797, 1.003561242,
2006.847976464, 1.000361735,
2006.868408330, 1.002310781,
2006.888840096, 1.003131969,
2006.909271761, 0.999987188,
2006.929703627, 0.999906683,
2006.950135392, 0.998612584,
2006.970567057, 1.001037173,
2007.031862452, 1.001436525,
2007.052294216, 0.998692401,
2007.072725980, 1.002323950,
2007.093157744, 0.998835249,
2007.113589508, 0.997112302,
2007.134021271, 1.001598701,
2007.154453034, 0.999077275,
2007.174884797, 1.000210643,
2007.195316560, 0.998860393,
2007.215748423, 0.999087321,
2007.236180086, 1.002268267,
2007.256611848, 0.999411966,
2007.277043710, 0.996692659,
2007.297475372, 1.000027895,
2007.317907133, 0.999605635,
2007.338338995, 1.000154476,
2007.358770656, 1.000052412,
2007.379202417, 0.998902704,
2007.399634278, 0.999372033,
2007.420065939, 0.998524887,
2007.440497799, 1.000486900,
2007.460929559, 1.000022551,
2007.522224839, 0.996074544,
2007.542656598, 0.997798349,
2007.563088357, 1.000331690,
2007.583520116, 1.000034052,
2007.603951875, 0.999820646,
2007.624383734, 1.002212379,
2007.644815392, 1.001441702,
2007.665247150, 1.004855727,
2007.685679008, 1.003777063,
2007.706110666, 0.999874000,
2007.726542424, 1.000861544,
2007.746974181, 1.000997985,
2007.767405938, 0.998039562,
2007.787837795, 0.997146199,
2007.808269552, 0.999468435,
2007.828701209, 1.002943037,
2007.849133065, 0.997785771,
2007.869564722, 1.002140065,
2007.889996478, 1.001628434,
2007.910428333, 0.999360449,
2007.930859989, 0.999078415,
2007.951291744, 0.998858234,
2007.971723600, 0.997157842,
2007.992155255, 0.996914383,
2008.012587009, 0.999561825,
2008.033018864, 0.999833640,
2008.053450619, 1.000313561,
2008.073882273, 0.999798927,
2008.094314127, 0.999601251,
2008.114745881, 1.002696585,
2008.135177634, 1.001911374,
2008.155609388, 0.996616439,
2008.176041141, 1.002991037,
2008.196472994, 0.999301337,
2008.257768252, 1.001322737,
2008.278199905, 1.001003835,
2008.298631657, 1.001355516,
2008.319063509, 1.000470355,
2008.339495160, 1.002863617,
2008.359926912, 1.000017210,
2008.380358763, 1.001225719,
2008.400790414, 1.001579960,
2008.421222165, 0.998965275,
2008.441654016, 1.001770142,
2008.523381017, 0.998983009,
2008.543812767, 1.001429467,
2008.564244516, 0.999417324,
2008.584676166, 1.000380687,
2008.605108015, 1.000365535,
2008.625539764, 1.002721251,
2008.645971413, 1.002168599,
2008.666403262, 0.999813659,
2008.686835010, 0.998105142,
2008.707266658, 1.002188450,
2008.727698507, 1.001590301,
2008.748130254, 1.001749224,
2008.768562102, 1.000798252,
2008.788993750, 1.001703286,
2008.809425497, 1.000707252,
2008.829857344, 0.998958791,
2008.850288991, 1.000019529,
2008.870720738, 1.000982788,
2008.891152584, 1.002197771,
2008.932015977, 1.001038670,
2008.952447823, 1.002932625,
2008.972879469, 1.001711851,
2008.993311214, 0.999752130,
2009.013743060, 1.002017193,
2009.034174805, 1.001518612,
2009.054606450, 0.997342477,
2009.075038295, 1.001290094,
2009.095470040, 1.001402338,
2009.115901784, 0.997204961,
2009.136333528, 1.001189711,
2009.156765273, 1.001662351,
2009.177197116, 1.000163750,
2009.238492247, 0.996759501,
2009.258923991, 1.000694834,
2009.279355633, 0.997809468,
2009.299787476, 1.000740398,
2009.320219219, 1.000717808,
2009.340650861, 1.000449975,
2009.361082704, 1.001232762,
2009.381514446, 1.001243487,
2009.401946288, 1.002126616,
2009.422377929, 1.002794583,
2009.442809671, 1.000155567,
2009.463241513, 0.996847097,
2009.483673154, 0.997794233,
2009.504104895, 1.001930344,
2009.524536736, 1.001862853,
2009.544968476, 0.999827363,
2009.565400117, 1.000840171,
2009.585831957, 1.001918484,
2009.606263697, 1.000078482,
2009.626695337, 0.998530771,
2009.647127177, 1.001731949,
2009.667558916, 1.000410578,
2009.687990556, 1.001033357,
2009.708422395, 1.001410145,
2009.728854134, 1.001309507,
2009.749285973, 1.001467303,
2009.769717612, 1.001539433,
2009.790149350, 0.998082864,
2009.810581188, 1.002959833,
2009.831012826, 0.997202525,
2009.851444564, 0.999078587,
2009.871876302, 0.998475758,
2009.892308040, 1.003310394,
2009.912739777, 1.002022149,
2009.974034988, 1.001010372,
2009.994466725, 1.001762657,
2010.014898461, 1.001713645,
2010.035330198, 0.999771826,
2010.055761934, 1.000461727,
2010.076193670, 1.001242872,
2010.096625506, 1.001897116,
2010.117057241, 1.000304994,
2010.137488877, 1.002693444,
2010.157920712, 1.000971201,
2010.178352447, 0.999598988,
2010.198784082, 0.999384059,
2010.219215917, 0.997772424,
2010.239647652, 0.998761858,
2010.260079286, 1.001823550,
2010.280511120, 1.001522948,
2010.300942854, 1.002598464,
2010.321374488, 0.997031628,
2010.341806322, 0.997781463,
2010.362238055, 1.001405453,
2010.382669889, 0.999880505,
2010.403101522, 0.999719180,
2010.464396721, 1.001024304,
2010.484828453, 1.002102987,
2010.505260285, 1.002218783,
2010.525692017, 0.999770248,
2010.546123649, 1.001401995,
2010.566555481, 1.000543701,
2010.586987213, 0.999169218,
2010.607418845, 1.001187751,
2010.627850676, 1.002068259,
2010.648282407, 0.999024963,
2010.668714038, 1.000605657,
2010.689145869, 1.001656537,
2010.709577499, 1.001029966,
2010.730009330, 0.999079227,
2010.750441060, 1.000229195,
2010.770872690, 1.002414012,
2010.791304520, 1.001475613,
2010.811736250, 1.001349633,
2010.832167880, 0.999440394,
2010.852599709, 1.003606409,
2010.873031438, 1.002533954,
2010.893463067, 1.003101302,
2010.913894896, 0.997811281,
2010.934326625, 0.999722430,
2010.954758354, 1.001622455,
2010.975190082, 0.998526981,
2010.995621810, 1.002140601,
2011.016053638, 0.998436442,
2011.036485366, 0.999170042,
2011.056916994, 1.001316656,
2011.077348822, 1.000165408,
2011.097780549, 0.999673935,
2011.118212176, 0.999694642,
2011.138644003, 1.000335915,
2011.179507357, 0.997989810,
2011.199939184, 0.999434550,
2011.220370910, 1.003509529,
2011.240802536, 1.005905420,
2011.261234362, 1.001566254,
2011.281666088, 0.995586940,
2011.302097714, 1.000744287,
2011.322529540, 0.998210779,
2011.342961265, 1.002462492,
2011.363392990, 1.000520014,
2011.383824716, 0.998369295,
2011.445119890, 1.000424149,
2011.465551614, 1.001467335,
2011.485983339, 1.006529966,
2011.506415063, 0.999634958,
2011.526846787, 0.999716800,
2011.547278611, 0.999771386,
2011.567710234, 0.995983776,
2011.588141958, 1.002619717,
2011.608573781, 0.997310147,
2011.629005405, 0.999775211,
2011.649437227, 0.997980751,
2011.669868950, 1.001219362,
2011.690300573, 0.997812077,
2011.710732395, 1.001731260,
2011.731164118, 1.000727353,
2011.751595740, 1.000053534,
2011.772027562, 0.999546725,
2011.792459284, 1.005971942,
2011.812890906, 1.002707433,
2011.833322727, 1.006537715,
2011.853754449, 0.997838423,
2011.874186170, 0.999936016,
2011.894617891, 1.002409716,
2011.915049612, 1.000461932,
2011.935481433, 1.000296549,
2011.955913054, 0.996920938,
2011.976344774, 0.999067046,
2011.996776594, 1.003454099,
2012.017208314, 0.996309253,
2012.037639934, 1.000539587,
2012.058071754, 0.999534786,
2012.078503374, 1.001510060,
2012.098935093, 0.996228187,
2012.119366913, 1.001170949,
2012.139798532, 1.001125393,
2012.160230251, 0.997552657,
2012.180662070, 1.000857333,
2012.201093689, 1.001244604,
2012.221525407, 1.004489555,
2012.241957226, 1.000984587,
2012.262388844, 1.001512270,
2012.282820662, 1.001045389,
2012.303252380, 0.999716165,
2012.323683998, 0.999886528,
2012.344115816, 0.999079504,
2012.364547533, 0.996166090,
2012.425842685, 0.999099003,
2012.446274402, 1.000715912,
2012.466706118, 0.999786018,
2012.487137835, 1.002340764,
2012.507569551, 1.002348346,
2012.528001268, 1.005997314,
2012.548432984, 0.997967807,
2012.568864800, 0.999576647,
2012.589296516, 0.999559357,
2012.609728131, 1.003767275,
2012.630159947, 0.998144130,
2012.650591662, 0.996593734,
2012.671023277, 1.001532803,
2012.691455093, 0.996787211,
2012.711886807, 1.001821549,
2012.732318422, 1.001406550,
2012.752750237, 1.000006891,
2012.773181951, 0.999780365,
2012.793613566, 0.997463235,
2012.814045380, 0.998057500,
2012.834477094, 0.999266144,
2012.854908808, 0.997990777,
2012.916203949, 1.000862340,
2012.936635662, 1.001737159,
2012.957067375, 1.001566887,
2012.977499088, 0.996910740,
2012.997930801, 1.001955150,
2013.018362514, 1.002163904,
2013.038794226, 0.998938779,
2013.059225938, 0.999885079,
2013.079657651, 0.999365399,
2013.100089463, 0.999223829,
2013.120521075, 1.001131691,
2013.161384598, 1.001869188,
2013.181816210, 0.998610797,
2013.202248021, 0.999716369,
2013.222679732, 0.998356373,
2013.243111343, 1.000377695,
2013.263543154, 0.998130290,
2013.283974865, 1.001717308,
2013.304406476, 1.000514895,
2013.324838286, 0.997534933,
2013.345269997, 1.002225739,
2013.365701607, 0.996999804,
2013.386133417, 1.001052042,
2013.406565127, 0.999924958,
2013.426996837, 0.998714496,
2013.447428546, 1.001995426,
2013.467860256, 1.001394640,
2013.488291965, 0.997373204,
2013.508723675, 1.001293759,
2013.529155384, 0.998849431,
2013.549587093, 1.000027260,
2013.570018802, 1.001067586,
2013.590450510, 0.999745698,
2013.610882319, 1.000541351,
2013.631313927, 0.998986186,
2013.651745635, 1.001859641,
2013.672177443, 1.003653541,
2013.692609051, 1.002139676,
2013.713040759, 0.999202308,
2013.733472567, 1.002174169,
2013.753904174, 0.999823424,
2013.774335982, 1.000758212,
2013.794767689, 0.997534523,
2013.815199296, 1.003892045,
2013.835631103, 0.999997860,
2013.896926223, 1.001195625,
2013.917357930, 1.000023246,
2013.937789636, 1.001896228,
2013.958221342, 1.003780960,
2013.978653048, 0.999179941,
2013.999084754, 1.001859376,
2014.019516460, 1.001633191,
2014.039948165, 1.000527767,
2014.060379971, 0.999152068,
2014.080811676, 0.999931934,
2014.101243281, 0.996604579,
2014.121675086, 0.997375677,
2014.142106791, 0.998290715,
2014.162538396, 1.002142161,
2014.182970201, 1.002828535,
2014.203401905, 1.000412775,
2014.223833509, 0.999383003,
2014.244265314, 0.998633579,
2014.264696918, 0.998611858,
2014.285128622, 0.998246013,
2014.305560426, 1.000252437,
2014.325992029, 0.997912333,
2014.346423833, 1.003118730,
2014.366855536, 0.999917800,
2014.387287140, 1.001286436,
2014.407718943, 0.998618037,
2014.428150646, 1.000942494,
2014.448582349, 1.001692153,
2014.469014052, 0.997225451,
2014.489445754, 1.001713893,
2014.509877457, 0.998275039,
2014.530309159, 1.000176351,
2014.550740861, 0.999233359,
2014.571172563, 1.003288935,
2014.591604365, 1.001047091,
2014.612035967, 0.999023805,
2014.632467769, 1.000826877,
2014.652899470, 0.999201191,
2014.673331072, 1.000249652,
2014.693762873, 1.001710136,
2014.714194575, 1.000726636,
2014.734626176, 0.998862084,
2014.755057976, 1.000737002,
2014.775489677, 0.997811356,
2014.795921278, 0.998133201,
2014.816353079, 1.001490636,
2014.877648179, 0.998285128,
2014.898079879, 0.997109141,
2014.918511579, 1.000000444,
2014.938943279, 0.998248437,
2014.959374979, 1.003076847,
2014.979806678, 1.000312561,
2017.860675732, 1.008202385,
2017.881107515, 1.006286844,
2017.901539099, 1.005415267,
2017.942402565, 1.007797496,
2017.962834148, 1.005181304,
2017.983265831, 1.008074703,
2018.003697614, 1.002900922,
2018.024129197, 1.003064690,
2018.044560880, 1.003027088,
2018.064992662, 1.007324576,
2018.085424245, 1.009293255,
2018.105856027, 1.006415434,
2018.126287709, 1.004862814,
2018.146719392, 1.001693861,
2018.167151074, 1.003324125,
2018.187582756, 1.005510317,
2018.208014438, 1.005200857,
2018.228446120, 1.004627802,
2018.248877801, 1.003829467,
2018.269309483, 1.006929380,
2018.289741265, 1.006585262,
2018.310172846, 1.004941824,
2018.330604527, 1.006948761,
2018.351036309, 1.005063731,
2018.371467890, 1.002041967,
2018.391899671, 1.003250264,
2018.412331352, 1.007194722,
2018.432762933, 1.004976831,
2018.453194714, 1.004702415,
2018.473626395, 1.004071225,
2018.494057975, 1.007081310,
2018.514489756, 1.005010930,
2018.534921336, 1.002390502,
2018.555353017, 1.002539242,
2018.575784797, 1.003624662,
2018.596216377, 1.003449563,
2018.616648157, 1.007209174,
2018.637079837, 1.004965057,
2018.657511517, 1.002252457,
2018.677943197, 1.003635053,
2018.698374877, 1.008048134,
2018.718806556, 1.010730862,
2018.739238236, 1.010725287,
2018.800533374, 1.003267542,
2018.820964953, 1.004457496,
2018.841396732, 1.004439851,
2018.861828411, 1.006437821,
2018.882259990, 1.005088088,
2018.902691769, 1.006249437,
2018.923123448, 1.005432046,
2018.943555026, 1.005110087,
2018.963986805, 1.002673912,
2018.984418483, 1.006623207,
2019.004850062, 1.003429036,
2019.025281840, 1.003357809,
2019.045713518, 1.005111897,
2019.066145096, 1.005812977,
2019.086576875, 1.003698822,
2019.107008553, 1.003447446,
2019.127440230, 1.004622584,
2019.147871908, 1.002514113,
2019.168303586, 1.004107580,
2019.188735264, 1.004416590,
2019.209166941, 1.005400841,
2019.229598619, 1.005895951,
2019.250030296, 1.004665129,
2019.270461973, 1.005634806,
2019.290893650, 1.005541562,
2019.311325327, 1.007642281,
2019.331757005, 1.002882190,
2019.352188781, 1.006675421,
2019.372620458, 1.006508984,
2019.393052035, 1.006199214,
2019.413483812, 1.003938547,
2019.433915488, 1.002777298,
2019.454347065, 1.004205142,
2019.474778841, 1.006618565,
2019.495210518, 1.006701182,
2019.515642094, 1.005009005,
2019.536073870, 1.002882345,
2019.556505546, 1.004841092,
2019.576937122, 1.004547682,
2019.597368899, 1.008738957,
2019.617800574, 1.006371276,
2019.638232350, 1.003695609,
2019.658663926, 1.002172829,
2019.679095602, 1.004985736,
2019.699527377, 1.002904864,
2019.719958953, 1.001608624,
2019.781254079, 1.003821925,
2019.801685654, 1.003785964,
2019.822117429, 1.004436471,
2019.842549104, 1.015563857,
2019.862980779, 1.005468743,
2019.883412454, 1.002082839,
2019.903844028, 1.005264407,
2019.924275803, 1.006375967,
2019.944707478, 1.006921055,
2019.965139052, 1.011027204,
2019.985570827, 1.002205948,
2020.006002501, 1.003907024,
2020.026434075, 1.004445321,
2020.046865850, 1.004621008,
2020.067297524, 1.003746989,
2020.087729098, 1.004263679,
2020.108160872, 1.006620573,
2020.128592546, 1.003462294,
2020.149024320, 1.007905972,
2020.169455893, 1.004275512,
2020.189887567, 1.004742878,
2020.210319341, 1.001415623,
2020.230750914, 1.002502176,
2020.251182588, 1.006768816,
2020.271614361, 1.004270732,
2020.292046035, 1.006174896,
2020.312477608, 1.006176667,
2020.332909381, 1.004321264,
2020.353341054, 1.002894461,
2020.373772727, 1.001901258,
2020.394204400, 1.001086515,
2020.414636073, 1.006734037,
2020.435067846, 1.005335464,
2020.455499419, 1.005421753,
2020.475931091, 1.000897195,
2020.496362764, 1.004610082,
2020.516794436, 1.002313183,
2020.537226109, 1.004846800,
2020.557657781, 1.004262537,
2020.578089454, 1.004512721,
2020.598521126, 1.002751830,
2020.618952798, 1.006172918,
2020.639384470, 1.004205126,
2020.659816242, 1.007514531,
2020.680247814, 1.001719192,
2020.721111258, 1.005037955,
2020.741542830, 1.005311150,
2020.761974501, 1.003061170,
2020.782406273, 1.003363136,
2020.802837945, 1.005338226,
2020.823269516, 1.001530352,
2020.843701287, 1.006030123,
2020.864132959, 1.006982727,
2020.884564630, 1.003462124,
2020.904996301, 0.999216902,
2020.925427972, 1.002905191,
2020.945859644, 1.002757895,
2020.966291315, 1.006051128,
2020.986722985, 1.004374361,
2021.007154756, 1.003832042,
2021.027586327, 1.000070085,
2021.048017998, 1.000193876,
2021.068449769, 1.004555988,
2021.088881339, 1.010198605,
2021.109313010, 1.001900010,
2021.129744780, 1.000455747,
2021.150176351, 1.006094450,
2021.170608121, 1.005758301,
2021.191039791, 1.001551035,
2021.211471361, 1.004814412,
2021.231903132, 1.004804003,
2021.252334802, 1.006760645,
2021.272766372, 1.005396910,
2021.293198142, 1.002572302,
2021.313629712, 1.002017143,
2021.334061381, 1.001713169,
2021.354493151, 1.008228093,
2021.374924821, 1.003075415,
2021.395356491, 1.004146005,
2021.436219830, 1.002627867,
2021.456651499, 1.007805165,
2021.477083169, 1.003755810,
2021.497514838, 1.001890681,
2021.517946607, 1.003195992,
2021.538378176, 1.004206324,
2021.558809846, 1.004296150,
2021.579241615, 1.002961403,
2021.599673184, 1.005373886,
2021.620104953, 1.003477719,
2021.640536621, 1.000674150,
2021.660968190, 1.004702582,
2021.681399959, 1.002846578,
2021.722263197, 1.000923334,
2021.742694965, 1.006190135,
2021.763126634, 1.003867674,
2021.783558202, 1.001457455,
2021.803989971, 1.005553470,
2021.824421639, 1.001042289,
2021.844853307, 1.003161549,
2021.865284976, 1.005563267,
2021.885716644, 1.002969520,
2021.906148312, 1.001913994,
2021.926579980, 1.002840136,
2021.947011648, 1.004928499,
2021.967443316, 1.003690323,
2021.987874984, 1.005209838,
2022.008306652, 1.005820972,
2022.028738420, 1.003302552,
2022.049169987, 1.003223507,
2022.069601655, 1.004512660,
2022.090033423, 1.003017345,
2022.110464990, 1.005006370,
2022.130896758, 1.002810526,
2022.151328425, 1.004048299,
2022.171759993, 1.002704260,
2022.192191760, 1.003820870,
2022.212623427, 1.000030543,
2022.233054995, 1.006490101,
2022.253486762, 1.002343265,
2022.273918429, 1.000125845,
2022.294349996, 1.000191614,
2022.314781763, 1.002590568,
2022.335213430, 1.005258780,
2022.355645197, 1.002778484,
2022.376076764, 1.002114046,
2022.396508430, 1.003925789,
2022.416940197, 1.000550668,
2022.478235197, 1.002071721,
2022.498666864, 1.003164129,
2022.519098430, 1.001178785,
2022.539530197, 0.999527140,
2022.559961863, 1.003192343,
2022.580393430, 1.001898506,
2022.600825196, 1.001388410,
2022.621256862, 0.999546514,
2022.641688528, 1.001790378,
2022.662120194, 1.008322741,
2022.682551761, 1.003248698,
2022.702983527, 1.002766798,
2022.723415193, 1.002523709,
2022.743846759, 1.002557506,
2022.764278525, 1.003031995,
2022.784710190, 1.002257625,
2022.805141756, 1.003624420,
2022.825573522, 1.003995981,
2022.846005188, 1.000480265,
2022.866436953, 1.002432630,
2022.886868519, 1.002423810,
2022.907300184, 1.005585858,
2022.927731950, 1.003482583,
2022.948163516, 1.002281455,
2022.968595181, 1.001298445,
2022.989026946, 1.002492068,
2023.009458612, 1.005393492,
2023.029890177, 1.005210519,
2023.050321942, 1.003471993,
2023.070753607, 1.002788588,
2023.091185273, 0.999899923,
2023.111616938, 1.003605039,
2023.132048603, 1.001935463,
2023.152480368, 0.999375125,
2023.193343598, 1.003061399,
2023.213775362, 1.001171982,
2023.234206927, 1.000325311,
2023.254638592, 1.001872807,
2023.275070357, 1.000144456,
2023.295501922, 0.999991417,
2023.315933586, 0.999483003,
2023.336365351, 1.002374670,
2023.356796915, 1.000717499,
2023.377228680, 1.000339884,
2023.397660245, 1.004918716,
2023.438523673, 1.000281907,
2023.458955238, 1.004875752,
2023.479386902, 1.003364421,
2023.499818666, 1.003998960,
2023.520250331, 1.002531589,
2023.540681895, 1.001264936,
2023.561113659, 1.003513478,
2023.581545323, 1.004963043,
2023.601976987, 1.001838605,
2023.622408651, 1.001401007,
2023.642840316, 1.002262650,
2023.724567071, 1.002728907,
2023.744998635, 1.000629373,
2023.765430299, 1.002443159,
2023.785862062, 0.999390819,
2023.806293626, 1.000090714,
2023.826725390, 0.999597262,
2023.847157053, 1.000138543,
2023.867588617, 1.004977921,
2023.888020380, 1.002425018,
2023.908452044, 0.999094286,
2023.928883607, 1.001604891,
2023.949315371, 1.002778592,
2023.969747034, 1.002560104,
2023.990178697, 1.000642405,
2024.010610361, 1.002073425,
2024.031042024, 1.001826808,
2024.051473687, 0.999377785,
2024.071905350, 1.008289594,
2024.092337014, 1.001498901,
2024.112768677, 0.999451988,
2024.133200340, 0.999936372,
2024.174063666, 1.004764723,
2024.194495329, 1.003835641,
2024.214926992, 1.005111106,
2024.235358755, 1.000818048,
2024.255790318, 1.003162934,
2024.276222081, 1.001621448,
2024.296653743, 1.002596116,
2024.317085306, 1.002265072,
2024.337517069, 1.004548383,
2024.357948732, 1.003710493,
2024.378380294, 1.001410525,
2024.419243720, 1.002696912,
2024.439675282, 1.003899012,
2024.460107045, 1.011002097,
2024.480538707, 1.001398761,
2024.500970470, 1.001987769,
2024.521402032, 0.999371513,
2024.541833695, 1.004575926,
2024.562265457, 0.999639214,
2024.582697020, 1.004043492,
2024.603128682, 1.003293077,
2024.623560444, 1.001045282,
2024.664423669, 1.000296763,
2024.684855431, 1.003395338,
2024.705287093, 0.999144838,
2024.725718755, 0.999731102,
2024.746150418, 0.999225119,
2024.766581980, 1.003483803,
2024.787013742, 1.002214037,
2024.807445404, 1.000053465,
2024.827876966, 0.998877525,
2024.848308728, 0.998545014,
2024.868740390, 1.001187806,
2024.909603714, 0.999578924,
2024.930035376, 1.001159571,
2024.950467137, 1.003326543,
2024.970898699, 1.001153658,
2024.991330361, 0.999482371,
2025.011762123, 1.005105591,
2025.032193685, 0.999488888,
2025.052625346, 1.004132841,
2025.073057108, 1.002384094,
2025.093488670, 1.002211476,
2025.113920331, 1.001466295,
2025.154783755, 1.004566699,
2025.175215416, 1.000322064,
2025.195647078, 1.000225359,
2025.216078739, 1.002656559,
2025.236510401, 1.001991724,
2025.256942062, 1.003272577,
2025.277373724, 1.003526768,
2025.297805485, 1.004040416,
2025.318237047, 1.000677313,
2025.338668708, 1.003155032,
2025.359100469, 1.002154310,
2025.399963792, 1.000931145,
2025.420395353, 1.000359138,
2025.440827015, 0.997367685,
2025.461258776, 1.002931801,
2025.481690337, 1.008774568,
2025.502121998, 1.000724031,
2025.522553760, 0.998261313,
2025.542985321, 1.001435435,
2025.563416982, 1.000856710,
2025.583848743, 1.000237153,
2025.604280304, 1.001805039,
2025.686007048, 0.998949081,
2025.706438710, 1.002997476,
2025.726870371, 1.001763201,
2025.747302031, 1.001936598,
2025.767733692, 1.008651557,
2025.788165353, 1.003476095,
2025.808597014, 1.000056781,
2025.829028675, 1.002905414,
2025.849460436, 1.002402499,
2025.890323658, 1.000698398,
2025.910755419, 0.999328848,
2025.931187079, 0.999243013,
2025.951618640, 1.000301402,
2025.972050401, 1.000558919,
2025.992482062, 1.000993242,
2026.012913623, 0.997558598,
2026.033345383, 0.999438826,
2026.053777044, 0.998063353,
2026.074208705, 1.004367094,
2026.094640366, 0.999474917,
2026.155935348, 1.000805473,
2026.176366908, 1.000648979,
2026.196798669, 1.002949158,
2026.217230329, 1.001623166,
2026.237661990, 0.998974165,
2026.258093651, 1.000758937,
2026.278525311, 0.997167838,
2026.298957072, 1.001858075,
2026.319388632, 1.002756610,
2026.339820293, 1.000778337,
2026.401115274, 1.000932726,
2026.421547035, 0.999617212,
2026.441978695, 1.003610302,
2026.462410256, 1.001588591,
2026.482842016, 0.999376807,
2026.503273677, 1.001561166,
2026.523705437, 0.999668221,
2026.544136997, 1.000442980,
2026.564568658, 1.000878393,
2026.585000418, 0.998161366,
2026.605431979, 0.999804537,
2026.625863639, 1.000965124,
2026.646295399, 0.997180464,
2026.666726960, 0.999491562,
2026.687158620, 1.001303684,
2026.707590380, 0.997517704,
2026.728021941, 1.003721633,
2026.748453701, 0.999975764,
2026.768885361, 1.000773920,
2026.789316922, 0.999665518,
2026.809748682, 0.998383950,
2026.830180242, 0.998491951,
2026.871043663, 1.001063732,
2026.891475223, 1.000448065,
2026.911906883, 0.997030038,
2026.932338644, 0.997632355,
2026.952770304, 0.999233173,
2026.973201964, 1.000028411,
2026.993633624, 0.998559661,
2027.014065284, 0.999154098,
2027.054928605, 0.999021398,
2027.075360265, 0.999150255,
2027.116223586, 0.999220906,
2027.136655246, 0.999865111,
2027.157087006, 0.997142142,
2027.177518566, 0.998250214,
2027.197950326, 0.998820803,
2027.218381986, 0.997324958,
2027.238813547, 1.000989553,
2027.259245307, 0.997543337,
2027.279676967, 0.994447917,
2027.300108527, 0.998735619,
2027.320540287, 0.999388288,
2027.381835268, 1.000370074,
2027.402266928, 1.002945807,
2027.422698688, 0.998284174,
2027.443130248, 0.998153228,
2027.463561908, 1.000905661,
2027.483993569, 0.998531300,
2027.504425329, 0.996478063,
2027.524856889, 0.999213220,
2027.545288649, 0.998008626,
2027.565720209, 1.000401375,
2027.627015190, 1.000606761,
2027.647446950, 0.998830575,
2027.667878610, 1.001188068,
2027.688310170, 1.000428476,
2027.708741930, 1.000050232,
2027.729173590, 1.000148647,
2027.749605150, 0.998773688,
2027.770036911, 0.998350897,
2027.790468571, 1.000318446,
2027.810900331, 0.995932471,
2027.872195311, 1.001405733,
2027.892626872, 0.999325715,
2027.913058532, 0.997560490,
2027.933490292, 1.000339810,
2027.953921852, 1.001910259,
2027.974353512, 0.999294364,
2027.994785273, 0.996835135,
2028.015216933, 0.999527303,
2028.035648593, 1.001669432,
2028.056080253, 0.995735770,
2028.076511913, 0.992838109,
2028.096943574, 0.996842852,
2028.178670214, 0.998026239,
2028.199101875, 0.997082449,
2028.219533535, 0.998078878,
2028.239965195, 0.998725073,
2028.260396955, 1.001828204,
2028.280828516, 0.997614961,
2028.301260176, 1.000668601,
2028.342123497, 1.000883846,
2028.362555157, 0.997741504,
2028.382986917, 0.996921296,
2028.403418477, 0.996878733,
2028.423850238, 1.000644437,
2028.444281898, 0.997664802,
2028.464713458, 1.001085444,
2028.485145219, 0.999511693,
2028.505576879, 0.998655627,
2028.526008440, 0.998445077,
2028.546440200, 1.000095237,
2028.607735181, 1.001998482,
2028.628166842, 0.999714162,
2028.648598602, 0.999929917,
2028.669030162, 0.998187626,
2028.689461823, 0.999607230,
2028.709893583, 1.001113159,
2028.750756804, 0.997753806,
2028.771188565, 0.997614408,
2028.791620225, 0.999683161,
2028.852915207, 0.997216346,
2028.873346867, 1.001186718,
2028.893778528, 0.998820310,
2028.914210089, 0.999628262,
2028.934641849, 0.996923843,
2028.955073510, 0.997767694,
2028.975505070, 1.001238809,
2028.995936831, 0.999670721,
2029.016368492, 0.997860590,
2029.036800052, 0.998270041,
2029.057231813, 0.999796276,
2029.077663474, 0.999309036,
2029.098095235, 0.997624331,
2029.118526795, 0.996959877,
2029.138958456, 0.997657728,
2029.159390217, 0.998881645,
2029.179821778, 0.999019907,
2029.200253438, 0.994043150,
2029.220685199, 0.997779640,
2029.241116860, 0.998955556,
2029.261548521, 1.000657865,
2029.281980182, 1.000375887,
2029.343275164, 0.996013014,
2029.363706825, 1.001215074,
2029.384138586, 0.995684438,
2029.404570147, 1.000366562,
2029.425001808, 0.997624867,
2029.445433569, 0.998845910,
2029.465865130, 0.996324906,
2029.486296891, 0.998071173,
2029.506728552, 0.999788956,
2029.527160114, 0.996135106,
2029.588455097, 0.996780530,
2029.608886858, 0.998761511,
2029.629318419, 0.996365281,
2029.649750080, 0.995349614,
2029.670181842, 1.001391541,
2029.690613403, 0.995743662,
2029.711045164, 0.999091049,
2029.731476825, 0.998700801,
2029.751908487, 0.998030104,
2029.772340148, 0.997143018,
2029.833635132, 0.996887706,
2029.854066794, 0.994921068,
2029.874498555, 0.997649439,
2029.894930217, 0.999370658,
2029.915361778, 0.997105042,
2029.935793540, 0.995258320,
2029.956225201, 0.997416825,
2029.976656763, 0.997729190,
2029.997088524, 1.001552052,
2030.017520186, 0.998719133,
2030.078815171, 0.998231399,
2030.099246933, 0.994831250,
2030.119678494, 0.996227186,
2030.140110156, 0.996307152,
2030.160541918, 0.997657991,
2030.180973480, 0.998605158,
2030.201405142, 0.996635396,
2030.221836804, 0.998513454,
2030.242268466, 0.998186710,
2030.262700127, 0.996053345,
2030.283131789, 0.995833605,
2030.303563451, 0.992387900,
2030.323995213, 0.998423580,
2030.344426775, 0.999608660,
2030.364858437, 0.997667916,
2030.385290200, 0.997701605,
2030.405721862, 0.996461834,
2030.426153424, 0.994772315,
2030.446585186, 0.994284294,
2030.467016848, 0.995764345,
2030.487448510, 0.999249498,
2030.507880173, 0.996770613,
2030.548743497, 1.001964122,
2030.569175160, 0.995607515,
2030.589606822, 0.998026066,
2030.610038585, 0.998195006,
2030.630470147, 0.995966820,
2030.650901810, 0.997827773,
2030.671333572, 0.998428180,
2030.691765135, 0.998384212,
2030.712196897, 0.994840264,
2030.732628560, 0.998524845,
2030.753060122, 0.997008865,
2030.793923548, 0.998239725,
2030.814355111, 0.998252150,
2030.834786873, 0.995403725,
2030.855218536, 0.998212143,
2030.875650199, 0.995616615,
2030.896081862, 0.996822187,
2030.916513525, 0.998444023,
2030.936945188, 0.997331426,
2030.957376851, 0.997920566,
2030.977808514, 0.997253337,
2030.998240177, 0.999088812,
2031.059535266, 0.996969319,
2031.079966829, 0.999683412,
2031.100398592, 0.997535005,
2031.120830256, 0.993144367,
2031.141261819, 0.998752975,
2031.161693582, 0.997310739,
2031.182125246, 0.999675281,
2031.202556809, 0.996636567,
2031.222988572, 0.996425460,
2031.243420236, 1.000565748,
2031.284283563, 0.996862179,
2031.304715227, 0.999793515,
2031.325146990, 0.997058216,
2031.345578554, 0.995318631,
2031.366010218, 0.999657712,
2031.386441981, 0.997680304,
2031.406873545, 0.995789046,
2031.427305209, 0.996148159,
2031.447736973, 0.995935303,
2031.468168537, 0.997121503,
2031.488600301, 0.994827858,
2031.549895293, 0.994786482,
2031.570326957, 0.998026267,
2031.590758521, 0.993113179,
2031.611190285, 0.995252657,
2031.631621949, 0.994116348,
2031.652053513, 0.994028812,
2031.672485278, 0.995451667,
2031.692916942, 0.996542209,
2031.713348606, 0.993145431,
2031.733780271, 0.995407169,
2031.795075264, 0.993012100,
2031.815506929, 0.993132068,
2031.835938694, 0.995841822,
2031.856370258, 0.994123080,
2031.876802023, 0.996686902,
2031.897233688, 0.993625406,
2031.917665253, 0.999305801,
2031.938097017, 0.996056333,
2031.958528682, 0.996027796,
2031.978960247, 0.996017304,
2032.019823677, 0.995133336,
2032.040255342, 0.995529291,
2032.060687008, 0.996635159,
2032.081118673, 0.995193949,
2032.101550438, 0.999496944,
2032.121982003, 0.995831153,
2032.142413668, 0.992312324,
2032.162845434, 0.995047281,
2032.183276999, 0.994560171,
2032.203708665, 0.997860378,
2032.224140430, 0.996414106,
2032.285435427, 0.993207962,
2032.305866993, 0.995932645,
2032.326298758, 0.995046959,
2032.346730424, 0.996631431,
2032.367161990, 0.993480865,
2032.387593756, 0.997504515,
2032.408025422, 0.995745882,
2032.428456988, 0.999112464,
2032.448888754, 0.995617381,
2032.469320420, 0.996540734,
2032.489752186, 0.998891613,
2032.510183752, 0.991615932,
2032.530615418, 0.997351755,
2032.551047185, 0.992758313,
2032.571478751, 0.998855362,
2032.591910417, 0.996084236,
2032.612342184, 0.999339194,
2032.632773750, 0.993320041,
2032.653205517, 0.997867618,
2032.673637183, 0.996347929,
2032.694068750, 0.996604707,
2032.714500517, 0.993540573,
2032.755363850, 0.992678577,
2032.775795517, 0.997160893,
2032.796227184, 0.993550663,
2032.816658851, 0.996230684,
2032.837090518, 0.994751120,
2032.857522185, 0.996145409,
2032.877953852, 0.996417925,
2032.898385619, 0.995239957,
2032.918817186, 0.993756801,
2032.939248954, 0.997967277,
2032.959680521, 0.994748013,
2033.000543956, 0.995861985,
2033.020975523, 0.994310004,
2033.041407291, 0.994774375,
2033.061838958, 0.996420079,
2033.082270526, 0.995652376,
2033.102702294, 0.994689700,
2033.123133961, 0.992477074,
2033.143565529, 0.994210744,
2033.163997297, 0.997048012,
2033.184428965, 0.992004435,
2033.204860533, 0.992980484,
2033.245723969, 0.995264883,
2033.266155737, 0.993405605,
2033.286587306, 0.998144691,
2033.307018974, 0.995579623,
2033.327450742, 0.992408282,
2033.347882311, 0.994519528,
2033.368313979, 0.995350399,
2033.388745747, 0.992808296,
2033.409177416, 0.994439219,
2033.429609085, 0.995872429,
2033.450040753, 0.994802420,
2033.511335760, 0.994192949,
2033.531767429, 0.997052644,
2033.552199198, 0.995797368,
2033.572630767, 0.998110924,
2033.593062536, 0.998481750,
2033.613494105, 0.996490030,
2033.633925774, 0.994623641,
2033.654357543, 0.993903590,
2033.674789113, 0.996077728,
2033.695220782, 0.996167895,
2033.736084121, 0.996454792,
2033.756515791, 0.998647324,
2033.776947561, 0.994710744,
2033.797379130, 0.998906049,
2033.817810900, 0.991110719,
2033.838242570, 0.994387615,
2033.858674140, 0.996487155,
2033.879105910, 0.993730197,
2033.899537580, 0.991940028,
2033.919969250, 0.992216294,
2033.940400920, 0.995520709,
2033.981264361, 0.995671078,
2034.001695931, 0.994370397,
2034.022127601, 0.992837968,
2034.042559372, 0.993315164,
2034.062991042, 0.994521501,
2034.083422613, 0.993930943,
2034.103854384, 0.995207792,
2034.124286055, 0.997552835,
2034.144717625, 0.996369196,
2034.165149396, 0.996810365,
2034.185581067, 0.996749746,
2034.246876081, 0.995972904,
2034.267307752, 0.992518855,
2034.287739423, 0.993006709,
2034.308171094, 0.992527983,
2034.328602766, 0.994293875,
2034.349034437, 0.991253823,
2034.369466209, 0.995458041,
2034.389897781, 0.993513680,
2034.410329452, 1.000247701,
2034.430761224, 0.997011778,
2034.471624468, 0.994882514,
2034.492056240, 0.994834581,
2034.512487812, 0.994700467,
2034.532919484, 1.000222660,
2034.553351256, 0.997744525,
2034.573782828, 0.991839915,
2034.594214601, 0.993988904,
2034.614646273, 0.996222871,
2034.635077946, 1.002482165,
2034.655509618, 0.999091687,
2034.675941291, 0.994333595,
2034.737236309, 0.995603290,
2034.757668082, 0.996577085,
2034.778099755, 0.997526305,
2034.798531328, 0.997651008,
2034.818963101, 0.994998442,
2034.839394774, 0.995868142,
2034.859826348, 0.995578022,
2034.880258121, 0.994329060,
2034.900689794, 0.998244874,
2034.921121368, 0.998110823,
2034.982416489, 0.996376589,
2035.002848163, 0.996469064,
2035.023279736, 1.005688995,
2035.043711510, 0.997208886,
2035.064143184, 0.998847011,
2035.084574759, 0.995794849,
2035.105006533, 0.995294853,
2035.125438207, 0.994905022,
2035.145869981, 0.996822173,
2035.166301556, 0.993924799,
2035.207165005, 0.992596089,
2035.227596579, 0.994529833,
2035.248028254, 0.994052118,
2035.268460029, 0.991823938,
2035.288891704, 0.993009733,
2035.309323379, 0.999218527,
2035.329755054, 0.998726092,
2035.350186729, 0.996691466,
2035.370618404, 1.000351017,
2035.391050079, 0.998462151,
2035.411481755, 0.995355181,
2035.472776781, 0.995004647,
2035.493208557, 0.996422272,
2035.513640132, 0.994292527,
2035.534071908, 0.996390182,
2035.554503584, 0.994766947,
2035.574935160, 0.994843559,
2035.595366936, 0.995423367,
2035.615798612, 0.992384642,
2035.636230189, 0.993816423,
2035.656661965, 0.995751957,
2035.717956994, 0.997319973,
2035.738388571, 0.991851897,
2035.758820348, 0.997763036,
2035.779252024, 0.995874541,
2035.799683701, 0.997575493,
2035.820115378, 0.995628575,
2035.840547055, 0.995582420,
2035.860978832, 0.994953440,
2035.881410410, 0.996785388,
2035.901842087, 0.997107470,
2035.963137119, 0.993618700,
2035.983568897, 0.995698674,
2036.004000575, 0.994941180,
2036.024432152, 0.997791196,
2036.044863930, 0.995327272,
2036.065295608, 0.996070936,
2036.085727386, 0.997315367,
2036.106158965, 0.995979081,
2036.126590643, 0.994793505,
2036.147022421, 0.993945981,
2036.187885678, 0.997833424,
2036.208317457, 0.990725340,
2036.228749035, 0.998840679,
2036.249180814, 0.994686859,
2036.269612393, 0.992613613,
2036.290044072, 0.991864165,
2036.310475851, 0.995222204,
2036.330907530, 0.994685640,
2036.351339109, 0.996228376,
2036.371770888, 0.997437279,
2036.392202468, 0.992455530,
2036.453497506, 0.993539293,
2036.473929286, 0.997763339,
2036.494360966, 0.994211742,
2036.514792646, 0.992399534,
2036.535224326, 0.997171211,
2036.555656006, 0.997029085,
2036.576087686, 0.997312450,
2036.596519466, 0.997876100,
2036.616951047, 0.996330666,
2036.637382827, 0.994802611,
2036.698677869, 0.994927897,
2036.719109550, 0.997575116,
2036.739541131, 0.995396705,
2036.759972912, 0.996813142,
2036.780404593, 0.995540331,
2036.800836374, 0.995112699,
2036.821267956, 0.998492444,
2036.841699637, 0.995551660,
2036.862131418, 0.995059537,
2036.882563000, 0.995215260,
2036.943858045, 0.994078183,
2036.964289727, 0.993320179,
2036.984721509, 0.997401641,
2037.005153091, 0.994383754,
2037.025584874, 0.996071135,
2037.046016456, 1.000227753,
2037.066448138, 0.992858365,
2037.086879921, 0.996565808,
2037.107311604, 0.994921199,
2037.127743186, 0.994398196,
2037.189038335, 0.998063537,
2037.209470018, 0.994039131,
2037.229901701, 0.996305336,
2037.250333385, 0.995967711,
2037.270765068, 0.998567651,
2037.291196751, 0.994969909,
2037.311628535, 0.999445339,
2037.332060119, 0.996220524,
2037.352491903, 0.996704688,
2037.372923586, 0.996284384,
2037.434218639, 0.996678552,
2037.454650223, 0.994475435,
2037.475082007, 0.997727556,
2037.495513692, 0.995167147,
2037.515945276, 0.998317082,
2037.536377061, 0.991956615,
2037.556808746, 0.998177190,
2037.577240531, 1.141807322,
2037.597672116, 0.994815859,
2037.618103801, 0.996235744,
2037.679398857, 1.009570302,
2037.699830542, 0.994549716,
2037.720262228, 0.991119645,
2037.740694013, 0.999337666,
2037.761125599, 0.996442567,
2037.781557285, 0.995295723,
2037.801989071, 0.996767788,
2037.822420757, 0.997269371,
2037.842852344, 0.990958974,
2037.863284130, 0.998274768,
2037.904147503, 0.995772518,
2037.924579189, 0.997608802,
2037.945010876, 0.994249457,
2037.965442663, 0.995992433,
2037.985874250, 1.000198751,
2038.006305937, 0.996902390,
2038.026737724, 0.991688153,
2038.047169311, 1.015028092,
2038.067600999, 0.995808897,
2038.088032786, 0.994463954,
2038.108464374, 0.993237407,
2038.169759437, 0.994889611,
2038.190191225, 0.995984031,
2038.210622913, 0.991088277,
2038.231054502, 0.995593308,
2038.251486290, 0.995151522,
2038.271917978, 0.996817795,
2038.292349667, 0.993754921,
2038.312781355, 0.996724639,
2038.333213044, 0.994897780,
2038.353644733, 0.994153720,
2038.374076422, 0.998036985,
2038.394508111, 0.996366701,
2038.414939800, 1.001026874,
2038.435371490, 0.994875688,
2038.455803279, 0.991113714,
2038.476234969, 0.995517669,
2038.496666558, 0.997087099,
2038.517098348, 0.994748562,
2038.537530038, 0.996182758,
2038.557961628, 0.999583119,
2038.578393418, 0.998045368,
2038.598825108, 0.997641543,
2038.660120179, 0.996527060,
2038.680551970, 0.992235827,
2038.700983561, 0.995207927,
2038.721415252, 0.996018199,
2038.741847043, 0.996044693,
2038.762278634, 0.998263768,
2038.782710325, 0.993216971,
2038.803142116, 0.995363915,
2038.823573708, 0.998093034,
2038.844005499, 0.999253435,
2038.884868783, 0.996476846,
2038.905300574, 0.998240099,
2038.925732266, 0.994915499,
2038.946163958, 0.995947209,
2038.966595651, 0.992863838,
2038.987027343, 0.997095745,
2039.007459035, 0.995168427,
2039.027890728, 1.001320315,
2039.048322421, 0.997363767,
2039.068754114, 0.999538632,
2039.089185806, 0.997362486,
2039.130049293, 0.994940571,
2039.150480886, 0.996988964,
2039.170912579, 0.995769437,
2039.191344373, 0.997803533,
2039.211775966, 0.997166141,
2039.232207760, 0.997889317,
2039.252639454, 0.993728270,
2039.273071048, 0.996284975,
2039.293502842, 0.997712163,
2039.313934536, 0.998350228,
2039.334366131, 0.994080906,
2039.416093009, 0.993854539,
2039.436524704, 0.996520140,
2039.456956499, 1.000692004,
2039.477388094, 0.996530067,
2039.497819789, 0.990225611,
2039.518251585, 0.994030522,
2039.538683180, 0.998164047,
2039.559114876, 0.994265597,
2039.579546672, 0.995131108,
2039.599978368, 0.997812391,
2039.620410064, 0.994216366,
2039.640841760, 0.994113336,
2039.661273356, 0.994643105,
2039.681705152, 0.997347621,
2039.702136849, 0.998665667,
2039.722568445, 0.994508630,
2039.743000242, 0.993540706,
2039.763431939, 0.997186309,
2039.783863736, 0.996637196,
2039.804295333, 0.993328567,
2039.824727030, 0.996558188,
2039.886022123, 0.994834124,
2039.906453921, 0.995587211,
2039.926885518, 0.993577940,
2039.947317216, 0.995790439,
2039.967749014, 0.998292040,
2039.988180613, 0.997466806,
2040.008612411, 0.996477108,
2040.029044109, 0.994654295,
2040.049475708, 0.992445846,
2040.069907507, 0.996528119,
2040.110770805, 0.997141938,
2040.131202604, 0.997620202,
2040.151634303, 0.997507063,
2040.172066102, 0.998904403,
2040.192497702, 0.995865886,
2040.212929401, 0.992978345,
2040.233361201, 0.997729225,
2040.253792901, 0.998009626,
2040.274224501, 0.995971462,
2040.294656301, 0.993058538,
2040.315088001, 0.997698307,
2040.376383103, 0.995463660,
2040.396814804, 1.010123233,
2040.417246504, 0.995061248,
2040.437678106, 0.996392729,
2040.458109907, 1.001730437,
2040.478541608, 0.996751483,
2040.498973209, 0.995995631,
2040.519405011, 0.996947326,
2040.539836713, 0.996174903,
2040.560268514, 0.992663330,
2040.621563621, 0.994252329,
2040.641995223, 0.995358465,
2040.662426925, 0.996946697,
2040.682858728, 0.993615650,
2040.703290331, 0.995288974,
2040.723722133, 0.999456495,
2040.744153837, 0.995526707,
2040.764585540, 0.997066296,
2040.785017243, 0.996063033,
2040.846312353, 0.995625136,
2040.866744057, 0.995969915,
2040.887175861, 0.995562409,
2040.907607465, 0.996315218,
2040.928039169, 0.995193151,
2040.948470974, 0.993802206,
2040.968902678, 0.999943706,
2040.989334283, 0.994079753,
2041.009766087, 0.999161675,
2041.030197692, 0.993390265,
2041.050629397, 0.998510300,
2041.091492808, 0.997689929,
2041.111924613, 0.995877748,
2041.132356319, 0.996515905,
2041.152787924, 0.994314704,
2041.173219730, 0.996366181,
2041.193651436, 0.994595410,
2041.214083042, 1.000083599,
2041.234514848, 0.998464587,
2041.254946555, 0.993264891,
2041.275378361, 0.994826267,
2041.295809968, 0.995106831,
2041.377536796, 0.992891913,
2041.397968603, 0.997153856,
2041.418400211, 0.995002720,
2041.438831918, 0.996008973,
2041.459263726, 0.995503603,
2041.479695434, 0.996042995,
2041.500127142, 0.994726567,
2041.520558850, 0.995938912,
2041.540990559, 0.997822205,
2041.561422267, 0.996216514,
2041.581853976, 0.997586912,
2041.602285684, 0.996135093,
2041.622717493, 0.996752072,
2041.643149102, 0.995004780,
2041.663580911, 0.996683426,
2041.684012521, 0.997030638,
2041.704444230, 0.996402542,
2041.745307649, 0.999331459,
2041.765739359, 0.995566627,
2041.786171169, 0.994871222,
2041.827034590, 0.994177321,
2041.847466300, 0.995518139,
2041.867897911, 0.992960602,
2041.888329721, 0.997515922,
2041.908761432, 0.992476375,
2041.929193043, 0.995581359,
2041.949624855, 0.995952075,
2041.970056566, 0.993524941,
2041.990488277, 0.995652016,
2042.010919989, 0.995677013,
2042.031351701, 0.996004891,
2042.092646837, 0.996828535,
2042.113078649, 0.995919181,
2042.133510362, 0.995666532,
2042.153941974, 0.998396058,
2042.174373787, 0.991134807,
2042.194805500, 0.996174258,
2042.215237213, 0.994284732,
2042.235668926, 0.993463348,
2042.256100639, 0.997998450,
2042.276532453, 0.994297902,
2042.337827494, 0.993563530,
2042.358259208, 0.995209833,
2042.378691023, 0.996507870,
2042.399122637, 0.995048941,
2042.419554352, 0.994950396,
2042.439986166, 0.995074596,
2042.460417781, 0.997203241,
2042.480849496, 0.996654625,
2042.521712927, 0.994112621,
2042.542144642, 0.994630811,
2042.562576458, 0.992999762,
2042.583008073, 0.991910732,
2042.603439889, 0.994964969,
2042.623871605, 0.992774306,
2042.644303321, 0.994588148,
2042.664735038, 0.994231465,
2042.685166754, 0.993981609,
2042.705598471, 0.991790399,
2042.726030188, 0.995106384,
2042.746461905, 0.990884973,
2042.766893722, 0.995277712,
2042.828188874, 0.994827347,
2042.848620592, 0.994936396,
2042.869052210, 0.993998347,
2042.889484028, 0.993759377,
2042.909915746, 0.992711314,
2042.930347464, 0.993042733,
2042.950779183, 0.994154079,
2042.971210901, 0.994034286,
2042.991642620, 0.995388012,
2043.012074339, 0.994222377,
2043.073369497, 0.991251496,
2043.093801116, 0.996499434,
2043.114232936, 0.991180760,
2043.134664656, 0.990384035,
2043.155096476, 0.994279240,
2043.175528096, 0.992448837,
2043.195959817, 0.994318336,
2043.216391637, 0.994363348,
2043.236823258, 0.992774166,
2043.257254979, 0.991147283,
2043.318550242, 0.992363262,
2043.338981964, 0.992772063,
2043.359413685, 0.993249684,
2043.379845407, 0.996435757,
2043.400277129, 0.994298986,
2043.420708851, 0.993541344,
2043.441140673, 0.995185240,
2043.461572296, 0.993205238,
2043.482004118, 0.992129491,
2043.502435841, 0.995944207,
2043.543299287, 0.991104430,
2043.563731010, 0.990043721,
2043.584162634, 0.992462687,
2043.604594457, 0.992871394,
2043.625026181, 0.993126085,
2043.645458005, 0.997843474,
2043.665889629, 0.996609065,
2043.686321353, 0.997246673,
2043.706753077, 0.992613347,
2043.727184802, 0.992405269,
2043.747616426, 0.990748301,
2043.788479976, 0.993262477,
2043.808911601, 0.993495947,
2043.829343427, 0.993301791,
2043.849775152, 0.989166820,
2043.870206978, 0.987018713,
2043.890638604, 0.992696794,
2043.911070330, 0.994538895,
2043.931502156, 0.993637888,
2043.951933782, 0.993843368,
2043.972365509, 0.995054208,
2043.992797335, 0.995470054,
2044.033660789, 0.993519375,
2044.054092516, 0.991268317,
2044.074524243, 0.994306209,
2044.094955971, 0.989939513,
2044.115387698, 0.993737350,
2044.135819426, 0.993324094,
2044.156251254, 0.996909365,
2044.176682882, 0.994670667,
2044.197114711, 0.989718512,
2044.217546439, 0.991731390,
2044.237978068, 0.991286317,
2044.319705084, 0.991856151,
2044.340136813, 0.988701665,
2044.360568443, 0.993690929,
2044.381000273, 0.989878189,
2044.401431903, 0.993034073,
2044.421863733, 0.995157530,
2044.442295463, 0.990401333,
2044.462727094, 0.988150822,
2044.483158924, 0.993299368,
2044.544454117, 0.994676153,
2044.585317680, 0.994055932,
2044.605749312, 0.991693751,
2044.626181043, 0.991854084,
2044.646612875, 0.994159359,
2044.667044608, 0.992315638,
2044.687476240, 0.990545724,
2044.707908073, 0.992551846,
2044.728339805, 0.990461521,
2044.748771538, 0.991802800,
2044.769203271, 0.995245442,
2044.789635004, 0.996415212,
2044.810066838, 0.992841736,
2044.830498471, 0.987959326,
2044.850930205, 0.991297055,
2044.871362039, 0.992710686,
2044.891793673, 0.992746065,
2044.912225407, 0.993838937,
2044.932657242, 0.992178866,
2044.953088876, 0.994871837,
2044.973520711, 0.991159357,
2045.034815916, 0.989804895,
2045.055247652, 0.994659206,
2045.075679288, 0.994718164,
2045.096111123, 0.992722551,
2045.116542759, 0.991846748,
2045.136974596, 0.992478823,
2045.157406332, 0.991224328,
2045.177837968, 0.992532460,
2045.198269805, 0.992435092,
2045.218701542, 0.994525450,
2045.279996754, 0.989228064,
2045.300428591, 0.990707858,
2045.320860329, 0.991146112,
2045.361723805, 0.992512819,
2045.382155543, 0.998416909,
2045.402587182, 0.997856813,
2045.423019021, 0.991739749,
2045.443450759, 0.992316183,
2045.463882398, 0.995271495,
2045.525177817, 0.988518002,
2045.545609456, 0.988364253,
2045.566041196, 0.995443218,
2045.586473036, 0.992365884,
2045.606904677, 0.993372301,
2045.627336417, 0.991847306,
2045.647768258, 0.991811757,
2045.668199898, 0.990344221,
2045.688631739, 0.992045900,
2045.709063481, 0.993760210,
2045.729495122, 0.992206831,
2045.749926964, 0.994232976,
2045.770358605, 0.990360284,
2045.790790347, 1.006259306,
2045.811222189, 0.990978425,
2045.831653932, 0.993051639,
2045.852085674, 0.989036672,
2045.872517417, 0.992766830,
2045.892949159, 0.989361140,
2045.913380903, 0.989962471,
2045.933812646, 0.992467777,
2045.954244389, 0.993078815,
2046.015539720, 0.989659715,
2046.035971464, 0.991501578,
2046.056403109, 0.992381433,
2046.076834953, 0.992048507,
2046.097266698, 0.990444471,
2046.117698343, 0.991770228,
2046.138130188, 0.991819805,
2046.158561933, 0.991742524,
2046.178993578, 0.993957353,
2046.199425424, 0.990483343,
2046.260720662, 0.987148275,
2046.281152408, 0.991455897,
2046.301584255, 0.991244389,
2046.322015902, 0.991503474,
2046.342447648, 0.989083861,
2046.362879396, 0.991443295,
2046.383311143, 0.994187641,
2046.403742990, 0.988720655,
2046.424174638, 0.992735341,
2046.444606386, 0.990832146,
2046.485469882, 0.992461512,
2046.505901630, 0.994569239,
2046.526333479, 0.992491726,
2046.546765228, 0.988633136,
2046.567196977, 0.994082825,
2046.587628726, 0.993082862,
2046.608060475, 0.988687914,
2046.628492225, 0.993353304,
2046.648923975, 0.989958141,
2046.669355725, 0.991944175,
2046.689787575, 0.991320696,
2046.730650976, 0.989225403,
2046.751082826, 0.989654887,
2046.771514477, 0.992249316,
2046.791946328, 0.990637657,
2046.812378080, 0.989558767,
2046.832809731, 0.990268299,
2046.853241583, 0.992867553,
2046.873673335, 0.994099907,
2046.894104987, 0.992370124,
2046.914536839, 0.992382810,
2046.934968591, 1.006916506,
2046.996263850, 0.992728538,
2047.016695603, 0.993006525,
2047.037127356, 0.993126812,
2047.057559110, 0.993019725,
2047.077990864, 0.990216721,
2047.098422618, 0.992031149,
2047.118854472, 0.989910641,
2047.139286126, 0.992842726,
2047.159717881, 0.992404498,
2047.180149736, 0.991713736,
2047.241445001, 0.992024733,
2047.261876757, 0.991221581,
2047.282308413, 0.992236758,
2047.302740269, 0.990580259,
2047.323172025, 0.989346462,
2047.343603881, 0.988703838,
2047.364035538, 0.992113892,
2047.384467294, 0.992690857,
2047.404899151, 0.993062554,
2047.425330808, 0.993864167,
2047.486626081, 0.991293966,
2047.507057939, 0.991975286,
2047.527489697, 0.992981276,
2047.547921356, 0.991532613,
2047.568353214, 0.993791490,
2047.588784973, 0.991894446,
2047.609216632, 0.990574086,
2047.629648491, 0.993585031,
2047.650080250, 0.989757122,
2047.670512010, 0.995543668,
2047.690943769, 0.988646371,
2047.711375529, 0.995178568,
2047.731807390, 0.991632108,
2047.752239050, 0.991942705,
2047.772670811, 0.991367367,
2047.793102571, 0.991784868,
2047.813534332, 0.991457354,
2047.833966093, 0.992980366,
2047.854397955, 0.993780998,
2047.874829616, 0.990380560,
2047.895261478, 0.995645364,
2047.915693240, 0.991685906,
2047.976988527, 0.994727902,
2047.997420190, 0.994433215,
2048.017852053, 0.992333344,
2048.038283816, 0.989591869,
2048.058715679, 0.990307677,
2048.079147343, 0.993290743,
2048.099579107, 0.989765718,
2048.120010971, 0.995168266,
2048.140442635, 0.993076323,
2048.160874399, 0.992937596,
2048.181306264, 0.989272750,
2048.201737929, 0.988912941,
2048.222169794, 0.995683467,
2048.242601559, 0.992607342,
2048.263033225, 0.992181490,
2048.283465090, 0.993220290,
2048.303896856, 0.992767930,
2048.324328622, 0.996954175,
2048.344760388, 0.990214683,
2048.365192155, 0.992660727,
2048.385623822, 0.992657002,
2048.406055689, 0.991319584,
2048.467350990, 0.992722866,
2048.487782758, 0.994916291,
2048.508214626, 0.991505332,
2048.528646294, 0.993648872,
2048.549078063, 0.992505719,
2048.569509931, 0.993454246,
2048.589941600, 0.988476506,
2048.610373469, 0.995518328,
2048.630805238, 0.992809073,
2048.651236908, 0.992183581,
2048.712532217, 0.993578066,
2048.732964087, 0.992307179,
2048.753395858, 0.991209439,
2048.773827728, 0.997415115,
2048.794259399, 0.991971202,
2048.814691170, 0.996504251,
2048.835123042, 0.993081194,
2048.855554713, 0.994168290,
2048.875986485, 0.990251087,
2048.896418357, 0.994634043,
2048.916850029, 0.994529479,
2048.937281802, 0.993142636,
2048.957713674, 0.997787239,
2048.978145447, 0.990570607,
2048.998577220, 0.992728911,
2049.019008993, 0.992224293,
2049.039440767, 0.992017722,
2049.059872540, 0.990002883,
2049.080304314, 0.989322177,
2049.100736088, 0.992056223,
2049.121167862, 0.993389983,
2049.141599637, 0.993138299,
2049.202894962, 0.991787363,
2049.223326837, 0.992480979,
2049.243758513, 0.993535313,
2049.264190289, 0.989616911,
2049.284622165, 0.995349364,
2049.305053841, 0.994047370,
2049.325485617, 0.996294151,
2049.345917494, 0.988253133,
2049.366349171, 0.992866891,
2049.386781048, 0.991842140,
2049.407212825, 0.996446394,
2049.427644503, 0.994514155,
2049.448076381, 0.990810117,
2049.468508159, 0.990665909,
2049.488939937, 0.992272711,
2049.509371715, 0.995039059,
2049.529803494, 0.989276711,
2049.550235373, 0.990692956,
2049.570667052, 0.992503252,
2049.591098831, 0.992437743,
2049.611530711, 0.991439718,
2049.631962390, 0.995056768,
2049.672826050, 0.994084101,
2049.693257831, 0.992355501,
2049.713689611, 0.988450795,
2049.734121392, 0.995625766,
2049.754553073, 0.996294119,
2049.774984955, 0.989899161,
2049.795416736, 0.994309426,
2049.815848418, 0.989929655,
2049.836280300, 0.993233326,
2049.856712082, 0.995541586,
2049.877143764, 0.991354878,
2049.918007430, 0.990919164,
2049.938439313, 0.992592264,
2049.958870996, 0.991559761,
2049.979302780, 0.992435162,
2049.999734663, 0.993076551,
2050.020166347, 0.994061341,
2050.040598131, 0.990830123,
2050.061030016, 0.990888493,
2050.081461700, 0.989521936,
2050.101893585, 0.992329209,
2050.122325370, 0.991074024,
2050.163188941, 0.993767563,
2050.183620727, 0.995827584,
2050.204052513, 0.992610572,
2050.224484299, 0.993900647,
2050.244916085, 0.994279087,
2050.265347972, 0.992124047,
2050.285779659, 0.992682062,
2050.306211446, 0.994237362,
2050.326643333, 0.991244586,
2050.347075121, 0.994000819,
2050.367506809, 0.997494528,
2050.408370385, 0.989336141,
2050.428802173, 0.994494069,
2050.449234062, 0.994220924,
2050.469665751, 0.991129105,
2050.490097640, 0.993597562,
2050.510529429, 0.992710905,
2050.530961119, 0.992593810,
2050.551393009, 0.989819938,
2050.571824799, 0.994098563,
2050.592256489, 0.994746792,
2050.612688380, 0.993099728,
2050.653552061, 0.992828898,
2050.673983753, 0.991157778,
2050.694415544, 0.995531372,
2050.714847436, 0.989536189,
2050.735279128, 0.991927216,
2050.755710920, 0.991420318,
2050.776142812, 0.994892727,
2050.796574505, 0.990642897,
2050.817006397, 0.992077573,
2050.837438191, 0.995456515,
2050.857869984, 0.992900861,
2050.919165365, 0.996536671,
2050.939597159, 0.990606547,
2050.960028954, 0.991341803,
2050.980460748, 0.991554380,
2051.000892643, 0.993413381,
2051.021324338, 0.995700900,
2051.041756234, 0.993644488,
2051.062187929, 0.994154525,
2051.082619725, 0.995330705,
2051.103051621, 0.995203158,
2051.143915114, 0.992249710,
2051.164347011, 0.993324038,
2051.184778708, 0.988993869,
2051.205210605, 0.991193429,
2051.225642402, 0.992770925,
2051.246074100, 0.991419223,
2051.266505998, 0.993483191,
2051.286937796, 0.992629861,
2051.307369495, 0.993697917,
2051.327801393, 0.992713341,
2051.348233192, 0.993649631,
2051.368665091, 0.991906879,
2051.389096791, 0.991953428,
2051.409528590, 0.997220490,
2051.429960490, 0.992087111,
2051.450392190, 0.993185002,
2051.470823991, 0.994195772,
2051.491255891, 0.989832212,
2051.511687692, 0.994842665,
2051.532119393, 0.993387938,
2051.552551294, 0.996840897,
2051.572983096, 0.994909024,
2051.593414897, 0.995884525,
2051.654710304, 0.992664223,
2051.695573910, 0.992737272,
2051.716005713, 0.991805216,
2051.736437516, 0.994939559,
2051.756869420, 0.995606935,
2051.777301124, 0.991743340,
2051.797732928, 0.989267742,
2051.818164832, 0.994531058,
2051.838596537, 0.996908639,
2051.879460247, 0.990400224,
2051.899891952, 0.994799944,
2051.920323858, 0.993674961,
2051.940755664, 0.997572697,
2051.961187370, 0.991416868,
2051.981619276, 0.992340204,
2052.002051083, 0.991528455,
2052.022482789, 0.990662851,
2052.042914696, 0.992649148,
2052.063346504, 0.995498932,
2052.083778411, 0.990116120,
2052.124641927, 0.989819284,
2052.145073835, 0.991438248,
2052.165505644, 0.993624284,
2052.185937353, 0.994597259,
2052.206369262, 0.995015731,
2052.226801071, 0.992214453,
2052.247232780, 0.993315820,
2052.267664690, 0.995595213,
2052.288096500, 0.992514352,
2052.308528410, 0.992300988,
2052.328960121, 0.990596051,
2052.369823842, 0.995388083,
2052.390255554, 0.992680364,
2052.410687365, 0.995447113,
2052.431119177, 0.995794309,
2052.451550989, 0.994382237,
2052.471982901, 0.994772700,
2052.492414613, 0.993199633,
2052.512846426, 0.995669805,
2052.533278339, 0.994767297,
2052.553710052, 0.994621521,
2052.574141865, 1.038430518,
2052.615005493, 0.992960745,
2052.635437407, 0.993566504,
2052.655869222, 0.994117760,
2052.676300936, 0.992065271,
2052.696732851, 0.995614930,
2052.717164666, 0.996178036,
2052.737596482, 0.994935024,
2052.758028297, 0.992865052,
2052.778460113, 0.995947632,
2052.798891929, 0.994079616,
2052.819323746, 0.995306900,
2052.860187479, 0.993190187,
2052.880619296, 0.993118033,
2052.901051014, 0.993336671,
2052.921482932, 0.995685804,
2052.941914750, 0.996948670,
2052.962346468, 0.994177481,
2052.982778386, 0.992491938,
2053.003210205, 0.993484065,
2053.023642124, 0.994173564,
2053.044073843, 0.994392896,
2053.064505662, 0.993393023,
2053.146232943, 0.991886060,
2053.166664763, 0.993240754,
2053.187096684, 0.996734137,
2053.207528405, 0.993773749,
2053.227960227, 0.993536879,
2053.248392149, 0.994557135,
2053.268823871, 0.993622489,
2053.289255693, 0.993647752,
2053.309687615, 0.994885929,
2053.350551261, 0.993029123,
2053.370983084, 0.994370027,
2053.391414908, 0.998222144,
2053.411846731, 0.997413317,
2053.432278555, 0.993449076,
2053.452710380, 0.990236092,
2053.473142204, 0.997832253,
2053.493574029, 0.993822289,
2053.514005854, 0.998682596,
2053.534437779, 0.993378192,
2053.554869505, 0.999087633,
2053.595733257, 0.993781904,
2053.616164983, 0.994122242,
2053.636596910, 0.995240101,
2053.657028736, 0.995840959,
2053.677460464, 0.996730778,
2053.697892391, 0.990811769,
2053.718324219, 0.994590332,
2053.738756046, 0.992133105,
2053.759187875, 0.994070121,
2053.779619703, 0.996346759,
2053.800051532, 0.993464087,
2053.861347019, 0.990333885,
2053.881778849, 0.997967656,
2053.902210779, 0.994758083,
2053.922642509, 0.994122629,
2053.943074339, 0.994543699,
2053.963506270, 0.994637191,
2053.983938001, 0.995269538,
2054.004369832, 0.995102074,
2054.024801764, 0.993488319,
2054.045233596, 0.995570031,
2054.086097260, 0.994414921,
2054.106529093, 0.994763295,
2054.126960925, 0.992678462,
2054.147392759, 0.999640994,
2054.167824592, 0.993650990,
2054.188256526, 0.995077276,
2054.208688259, 0.993553996,
2054.229120094, 0.996896494,
2054.249552028, 0.995249052,
2054.269983763, 0.996354083,
2054.290415698, 0.993407530,
2054.331279268, 0.994225538,
2054.351711204, 0.997521402,
2054.372143040, 0.996411803,
2054.392574776, 0.994125238,
2054.413006713, 0.991371222,
2054.433438550, 0.994186940,
2054.453870387, 0.993448544,
2054.474302224, 0.992470684,
2054.494733962, 0.994972876,
2054.515165899, 0.996853399,
2054.535597738, 0.993646865,
2054.576461415, 0.992820306,
2054.617325193, 0.995640204,
2054.637756932, 0.996846822,
2054.658188772, 0.995628336,
2054.678620712, 0.996343308,
2054.699052452, 0.994243259,
2054.719484293, 0.999179130,
2054.739916233, 0.994814580,
2054.760348075, 0.992476022,
2054.780779916, 0.993654263,
2054.821643599, 0.994796278,
2054.842075442, 0.992393043,
2054.862507284, 0.991605565,
2054.882939127, 0.993112928,
2054.903371070, 0.991255063,
2054.923802813, 0.997159275,
2054.944234656, 0.991462594,
2054.964666600, 0.993737464,
2054.985098344, 0.994363481,
2055.005530288, 0.995812817,
2055.025962133, 0.995131562,
2055.087257568, 0.995410760,
2055.107689414, 0.994162771,
2055.128121360, 0.995279044,
2055.148553106, 0.997637616,
2055.168985053, 0.997048657,
2055.189416899, 0.992454005,
2055.209848646, 0.995129021,
2055.230280594, 0.997805343,
2055.250712441, 0.995293961,
2055.271144289, 0.995917698,
2055.291576137, 0.993378240,
2055.312007986, 0.994962999,
2055.332439934, 0.998127038,
2055.352871683, 0.993380744,
2055.373303532, 0.994435705,
2055.393735482, 0.993356423,
2055.414167332, 0.996162317,
2055.434599082, 0.997261345,
2055.455031032, 0.994393536,
2055.475462883, 0.989959085,
2055.495894734, 0.994090164,
2055.516326585, 0.992869796,
2055.557190388, 0.994859624,
2055.577622140, 0.992918572,
2055.598053992, 0.994403359,
2055.618485945, 0.991539108,
2055.638917697, 0.995403126,
2055.659349550, 0.991718258,
2055.679781504, 0.993148206,
2055.700213257, 0.992230844,
2055.720645211, 0.992454701,
2055.741076966, 0.993283393,
2055.761508820, 0.994234758,
2055.802372530, 0.994228010,
2055.822804385, 0.993919039,
2055.843236341, 0.995426007,
2055.863668097, 0.997890521,
2055.884100053, 0.995887337,
2055.904531909, 0.994754485,
2055.924963766, 0.993884619,
2055.945395623, 0.995015228,
2055.965827480, 0.995144963,
2055.986259338, 0.993620813,
2056.006691195, 0.991801937,
2056.067986871, 0.992799338,
2056.088418629, 0.997353055,
2056.108850589, 0.996028141,
2056.129282448, 0.989435674,
2056.149714208, 0.992530486,
2056.170146168, 0.992863748,
2056.190578028, 0.990911577,
2056.211009989, 0.992605874,
2056.231441750, 0.992681120,
2056.251873611, 0.993993879,
2056.272305573, 0.993917144,
2056.292737334, 0.992546864,
2056.313169196, 0.992916238,
2056.333601159, 0.993447676,
2056.354032921, 0.994971797,
2056.374464784, 0.990085345,
2056.394896647, 0.990544888,
2056.415328511, 0.991355062,
2056.435760475, 0.993988773,
2056.456192339, 0.991688437,
2056.476624103, 0.993263227,
2056.497056068, 0.997105297,
2056.537919698, 0.992860333,
2056.558351663, 0.993544819,
2056.578783529, 0.999211761,
2056.599215395, 0.994115341,
2056.619647261, 0.991588793,
2056.640079128, 0.993140843,
2056.660510995, 0.990167444,
2056.680942862, 0.990982145,
2056.701374729, 0.996998330,
2056.721806597, 0.993717696,
2056.742238465, 0.993654386,
2056.783102302, 0.989934774,
2056.823966040, 0.990740921,
2056.844397910, 0.997187558,
2056.864829679, 0.992796454,
2056.885261649, 0.992372171,
2056.905693520, 0.993746507,
2056.926125490, 0.994219072,
2056.946557261, 0.995403410,
2056.966989133, 0.994263593,
2056.987421104, 0.995930680,
2057.028284748, 0.993077192,
2057.048716720, 0.994111398,
2057.069148493, 0.992979227,
2057.089580366, 0.990438537,
2057.110012239, 0.992930714,
2057.130444113, 0.991120100,
2057.150876086, 0.994690732,
2057.171307861, 0.992885015,
2057.191739735, 0.990433730,
2057.212171710, 0.988293578,
2057.232603585, 0.992743192,
2057.293899211, 0.992309166,
2057.314331088, 0.989618719,
2057.334762964, 0.993858286,
