BJD - 2454833, Corrected Flux
1977.262454286, 1.033627258,
1977.282886551, 1.033967975,
1977.303318716, 1.032970761,
1977.364615610, 1.028315591,
1977.405480136, 1.028344883,
1977.425912399, 1.028048364,
1977.446344761, 1.028699837,
1977.466776922, 1.028471456,
1977.487209283, 1.030016213,
1977.507641544, 1.029950731,
1977.528073704, 1.028577794,
1977.548506064, 1.028861242,
1977.568938323, 1.029551834,
1977.589370482, 1.028152155,
1977.630235097, 1.029022141,
1977.671099612, 1.028454488,
1977.691531868, 1.028877257,
1977.711964024, 1.028978637,
1977.732396379, 1.028448813,
1977.752828635, 1.028837117,
1977.773260789, 1.029543567,
1977.793693143, 1.028501150,
1977.814125396, 1.028971308,
1977.834557650, 1.028691352,
1977.854989902, 1.030310121,
1977.895854406, 1.028181793,
1977.916286657, 1.029253817,
1977.936718908, 1.028726241,
1977.957151258, 1.028410594,
1977.977583408, 1.028667986,
1977.998015657, 1.029337385,
1978.018448006, 1.029081813,
1978.038880154, 1.028416914,
1978.059312402, 1.029363112,
1978.079744750, 1.028926214,
1978.100176897, 1.029103263,
1978.120609143, 1.030330672,
1978.141041489, 1.027873503,
1978.161473635, 1.029022345,
1978.181905880, 1.028013909,
1978.202338224, 1.028281144,
1978.222770368, 1.028640842,
1978.243202712, 1.029575921,
1978.263634955, 1.028274178,
1978.284067198, 1.029335302,
1978.304499441, 1.029112742,
1978.324931682, 1.030373392,
1978.345363924, 1.028642664,
1978.365796165, 1.030052905,
1978.386228405, 1.028686621,
1978.406660645, 1.029445155,
1978.427092885, 1.029266028,
1978.447525123, 1.028309349,
1978.467957362, 1.028966572,
1978.488389600, 1.029613232,
1978.508821838, 1.027402451,
1978.529253975, 1.028377663,
1978.590550684, 1.028844298,
1978.610983019, 1.028446744,
1978.631415254, 1.028983562,
1978.651847588, 1.030096735,
1978.672279723, 1.028543391,
1978.692711956, 1.029631649,
1978.713144289, 1.029721079,
1978.733576422, 1.029677675,
1978.754008653, 1.029412008,
1978.774440985, 1.028697812,
1978.794873216, 1.029974941,
1978.815305347, 1.029041484,
1978.835737677, 1.029592368,
1978.856169907, 1.029973192,
1978.876602036, 1.030057896,
1978.917466594, 1.030016839,
1978.937898721, 1.028659223,
1978.958331049, 1.029636903,
1978.978763276, 1.029110508,
1978.999195403, 1.030736552,
1979.019627728, 1.030041275,
1979.060492080, 1.029227548,
1979.080924404, 1.030300042,
1979.101356629, 1.028917098,
1979.121788952, 1.030437797,
1979.142221076, 1.030901787,
1979.162653299, 1.029535794,
1979.183085521, 1.030117400,
1979.203517743, 1.029812972,
1979.223949964, 1.030311625,
1979.244382185, 1.029235862,
1979.264814406, 1.030326693,
1979.285246626, 1.029867924,
1979.305678845, 1.030660111,
1979.326111065, 1.029808181,
1979.346543284, 1.028504177,
1979.366975602, 1.030344736,
1979.387407720, 1.029187962,
1979.407839937, 1.031219364,
1979.428272254, 1.029993108,
1979.448704370, 1.029867327,
1979.469136586, 1.030641378,
1979.489568902, 1.029662776,
1979.510001017, 1.029657999,
1979.530433232, 1.031089120,
1979.550865546, 1.030550742,
1979.571297660, 1.029065388,
1979.591729973, 1.030660548,
1979.612162186, 1.030443378,
1979.632594398, 1.028406577,
1979.653026610, 1.029232933,
1979.673458821, 1.029024618,
1979.693891032, 1.029798148,
1979.714323243, 1.028668582,
1979.734755453, 1.030336892,
1979.775619872, 1.029298701,
1979.796052080, 1.028666731,
1979.816484289, 1.028696218,
1979.836916596, 1.031558037,
1979.857348704, 1.029567813,
1979.877780911, 1.029240340,
1979.898213117, 1.028292339,
1979.918645323, 1.029831868,
1979.939077529, 1.028165389,
1979.959509734, 1.029139960,
1979.979941938, 1.028788798,
1980.000374143, 1.029182275,
1980.020806346, 1.029085240,
1980.041238550, 1.029370258,
1980.061670852, 1.029897374,
1980.082102955, 1.028211920,
1980.102535157, 1.029147734,
1980.122967458, 1.029746678,
1980.143399559, 1.029506604,
1980.163831760, 1.029535196,
1980.184264060, 1.029941471,
1980.204696259, 1.028798021,
1980.225128359, 1.028833723,
1980.245560657, 1.028081566,
1980.265992856, 1.029414923,
1980.286424954, 1.028867383,
1980.306857251, 1.029370529,
1980.327289448, 1.028306226,
1980.347721545, 1.027710310,
1980.368153841, 1.028398684,
1980.388586036, 1.028744116,
1980.409018131, 1.028880224,
1980.429450426, 1.031043671,
1980.449882621, 1.028964768,
1980.470314814, 1.029819399,
1980.490747008, 1.030289798,
1980.511179200, 1.028689246,
1980.531611493, 1.028198597,
1980.552043585, 1.028332058,
1980.572475777, 1.028782544,
1980.613340159, 1.027428161,
1980.633772349, 1.028845578,
1980.654204639, 1.027799817,
1980.674636728, 1.027799732,
1980.695068917, 1.026696231,
1980.715501205, 1.028398117,
1980.735933293, 1.027829414,
1980.756365480, 1.027652636,
1980.776797768, 1.028252085,
1980.797229854, 1.027301439,
1980.817662041, 1.027982180,
1980.838094326, 1.027955167,
1980.858526412, 1.028035690,
1980.878958597, 1.027923442,
1980.899390881, 1.029323070,
1980.919822965, 1.027419451,
1980.940255149, 1.028491332,
1980.960687432, 1.029208888,
1980.981119514, 1.028598129,
1981.042416160, 1.029035250,
1981.062848341, 1.027711071,
1981.083280521, 1.028404824,
1981.103712701, 1.028630945,
1981.124144880, 1.028701199,
1981.144577060, 1.028245754,
1981.165009238, 1.028574324,
1981.185441516, 1.028499383,
1981.205873594, 1.028488817,
1981.226305772, 1.027645976,
1981.246738049, 1.028235113,
1981.267170125, 1.028402060,
1981.287602301, 1.028373581,
1981.308034577, 1.027859986,
1981.328466652, 1.029258761,
1981.348898826, 1.028296016,
1981.369331101, 1.028749864,
1981.389763175, 1.028489888,
1981.410195348, 1.027995546,
1981.430627521, 1.026411062,
1981.451059693, 1.027363489,
1981.594084989, 1.027986421,
1981.614517158, 1.028125167,
1981.634949226, 1.027659842,
1981.655381494, 1.027380107,
1981.675813662, 1.026548429,
1981.696245729, 1.027491924,
1981.716677996, 1.029031353,
1981.737110162, 1.027865918,
1981.757542228, 1.027844762,
1981.777974493, 1.027512013,
1981.798406658, 1.028131622,
1981.818838723, 1.028575733,
1981.839270987, 1.027395777,
1981.859703151, 1.027314176,
1981.880135314, 1.028008775,
1981.900567477, 1.028265945,
1981.920999639, 1.027269182,
1981.941431901, 1.027372973,
1981.961863963, 1.026476495,
1981.982296124, 1.028359247,
1982.002728385, 1.028799923,
1982.023160545, 1.028174714,
1982.043592605, 1.027392919,
1982.064024864, 1.027900284,
1982.084457023, 1.026845426,
1982.104889081, 1.026545044,
1982.125321339, 1.028204614,
1982.145753397, 1.026921252,
1982.166185554, 1.027243038,
1982.186617811, 1.027227506,
1982.207049867, 1.026111352,
1982.227482023, 1.027489407,
1982.247914278, 1.026020599,
1982.268346333, 1.027432008,
1982.288778488, 1.026803984,
1982.309210742, 1.026925993,
1982.329642796, 1.027934599,
1982.350074949, 1.026490418,
1982.370507202, 1.026652294,
1982.390939354, 1.027362316,
1982.411371506, 1.026637722,
1982.431803658, 1.028024655,
1982.452235809, 1.026131444,
1982.472667960, 1.026097733,
1982.493100110, 1.027907524,
1982.513532260, 1.026104704,
1982.533964509, 1.026453340,
1982.554396558, 1.026044596,
1982.574828707, 1.026376397,
1982.595260955, 1.026103072,
1982.615693002, 1.026551228,
1982.636125149, 1.027215506,
1982.656557397, 1.026925905,
1982.676989443, 1.027093126,
1982.697421589, 1.026745552,
1982.717853834, 1.026971291,
1982.738285879, 1.026368593,
1982.758718024, 1.025914597,
1982.779150268, 1.027538386,
1982.799582312, 1.026436833,
1982.820014455, 1.026382387,
1982.840446698, 1.026398957,
1982.860878840, 1.026335321,
1982.881310982, 1.027162533,
1982.901743125, 1.026430894,
1982.922175166, 1.026264527,
1982.942607406, 1.026182459,
1982.983471587, 1.026707545,
1983.003903826, 1.026989153,
1983.024335965, 1.025919686,
1983.044768004, 1.028310172,
1983.065200242, 1.025789745,
1983.085632380, 1.025582963,
1983.106064417, 1.026653895,
1983.126496654, 1.027386256,
1983.146928791, 1.027608723,
1983.167360827, 1.025444918,
1983.187793062, 1.025930585,
1983.208225197, 1.030736721,
1983.228657332, 1.026048453,
1983.249089467, 1.027091258,
1983.269521601, 1.026124782,
1983.289953734, 1.025449267,
1983.310385867, 1.026379352,
1983.330818000, 1.026604110,
1983.351250232, 1.027820048,
1983.371682364, 1.027024351,
1983.392114395, 1.025286380,
1983.412546627, 1.024956062,
1983.432978757, 1.025823090,
1983.473843017, 1.026242488,
1983.494275146, 1.027475264,
1983.514707175, 1.025563350,
1983.535139403, 1.026340904,
1983.555571531, 1.025900008,
1983.576003559, 1.024842023,
1983.596435787, 1.026830906,
1983.616867913, 1.026554791,
1983.637299939, 1.024880800,
1983.657732165, 1.025156519,
1983.678164191, 1.025196736,
1983.698596416, 1.026922640,
1983.719028540, 1.025484139,
1983.739460565, 1.024962322,
1983.759892689, 1.026234067,
1983.780324912, 1.025229097,
1983.800757035, 1.026059425,
1983.821189157, 1.026338356,
1983.841621279, 1.027445718,
1983.862053401, 1.025352979,
1983.882485622, 1.025074609,
1983.902917644, 1.025549385,
1983.923349764, 1.026975357,
1983.943781984, 1.026397375,
1983.964214003, 1.027354300,
1983.984646123, 1.025427678,
1984.005078341, 1.025603126,
1984.025510360, 1.025427545,
1984.045942478, 1.026547489,
1984.066374695, 1.024861929,
1984.086806712, 1.025401715,
1984.107238829, 1.025519349,
1984.127671045, 1.026653833,
1984.148103061, 1.026070437,
1984.168535176, 1.025485473,
1984.188967391, 1.025347968,
1984.209399506, 1.025558707,
1984.229831520, 1.026821406,
1984.250263734, 1.024662201,
1984.270695847, 1.026454134,
1984.311560073, 1.024615887,
1984.331992185, 1.024043438,
1984.352424396, 1.024569538,
1984.372856408, 1.025449135,
1984.393288419, 1.025001153,
1984.413720629, 1.025133123,
1984.475016958, 1.025695693,
1984.495449067, 1.025857355,
1984.515881075, 1.025490549,
1984.536313283, 1.024238289,
1984.556745390, 1.026756475,
1984.577177397, 1.025276157,
1984.597609604, 1.024915231,
1984.618041710, 1.024560239,
1984.638473816, 1.024761073,
1984.658905921, 1.024638625,
1984.679338027, 1.025395662,
1984.699770131, 1.025288368,
1984.720202335, 1.024117975,
1984.740634339, 1.024385228,
1984.761066542, 1.025402582,
1984.781498645, 1.024783162,
1984.801930648, 1.024715267,
1984.822362850, 1.024695271,
1984.842794952, 1.025819993,
1984.863226953, 1.025405307,
1984.883659154, 1.026215158,
1984.904091255, 1.024765172,
1984.985819552, 1.026442863,
1985.006251751, 1.024047179,
1985.026683849, 1.024695980,
1985.047115947, 1.025737986,
1985.067548044, 1.025039306,
1985.087980140, 1.025785148,
1985.108412237, 1.025764208,
1985.128844333, 1.024513569,
1985.149276429, 1.025994233,
1985.169708424, 1.025275432,
1985.190140619, 1.026574150,
1985.210572713, 1.025751328,
1985.231004907, 1.025786098,
1985.251436900, 1.025073766,
1985.271868993, 1.024359382,
1985.292301186, 1.025411254,
1985.312733178, 1.025672712,
1985.333165270, 1.025049810,
1985.353597462, 1.025564777,
1985.374029453, 1.024398342,
1985.394461544, 1.024962314,
1985.455757813, 1.024988971,
1985.476190002, 1.024749772,
1985.496621991, 1.024394329,
1985.517054079, 1.025566869,
1985.537486267, 1.026149474,
1985.557918354, 1.027281738,
1985.578350341, 1.024927911,
1985.598782528, 1.024435671,
1985.619214614, 1.024857148,
1985.639646600, 1.025121281,
1985.680510870, 1.023471694,
1985.700943055, 1.024727512,
1985.721375039, 1.025230315,
1985.741807123, 1.024998886,
1985.762239306, 1.024204020,
1985.782671289, 1.026720192,
1985.803103372, 1.023340798,
1985.843967535, 1.024846989,
1985.864399617, 1.024891282,
1985.884831698, 1.025422145,
1985.946127938, 1.023940308,
1985.966560018, 1.025353773,
1985.986992096, 1.025040038,
1986.007424175, 1.024275022,
1986.027856253, 1.025387979,
1986.048288331, 1.023876283,
1986.068720508, 1.025279390,
1986.089152485, 1.025020066,
1986.109584562, 1.024451063,
1986.130016738, 1.024756647,
1986.150448714, 1.026479402,
1986.170880889, 1.024261342,
1986.191312964, 1.026088057,
1986.211744938, 1.023880968,
1986.232177113, 1.024564357,
1986.252609186, 1.023534472,
1986.273041160, 1.024533913,
1986.293473333, 1.024872013,
1986.313905405, 1.024995331,
1986.334337377, 1.023773538,
1986.354769549, 1.024742338,
1986.375201620, 1.024720794,
1986.395633691, 1.024559637,
1986.416065762, 1.023228719,
1986.436497832, 1.024428940,
1986.456929901, 1.024308343,
1986.477361971, 1.025594345,
1986.497794040, 1.024513463,
1986.518226109, 1.025554452,
1986.559090245, 1.025378560,
1986.579522312, 1.024965860,
1986.599954379, 1.025414979,
1986.620386445, 1.025400598,
1986.681682643, 1.024817142,
1986.702114807, 1.023456949,
1986.722546772, 1.029551235,
1986.742978836, 1.023471028,
1986.763411000, 1.024948605,
1986.783842963, 1.025436759,
1986.804275027, 1.024439308,
1986.824707189, 1.023434475,
1986.845139152, 1.024023062,
1986.865571213, 1.024027581,
1986.926867396, 1.024416725,
1986.947299556, 1.023967915,
1986.967731617, 1.022766540,
1986.988163576, 1.024477108,
1987.008595735, 1.024897468,
1987.029027793, 1.023695623,
1987.049459752, 1.022872193,
1987.069891910, 1.024255672,
1987.090323967, 1.022583507,
1987.110756124, 1.024575591,
1987.172052293, 1.025530844,
1987.192484249, 1.024228310,
1987.212916304, 1.024295986,
1987.233348459, 1.024025566,
1987.253780413, 1.024602190,
1987.274212467, 1.024249796,
1987.294644621, 1.025126459,
1987.315076574, 1.024448451,
1987.335508626, 1.023615657,
1987.355940779, 1.023678263,
1987.376372731, 1.024459536,
1987.396804783, 1.023326651,
1987.417236834, 1.025282751,
1987.437668885, 1.027325283,
1987.458100935, 1.024449671,
1987.478533085, 1.024198592,
1987.498965035, 1.025185303,
1987.519397184, 1.024420171,
1987.539829233, 1.025087363,
1987.560261182, 1.023253988,
1987.580693330, 1.023687560,
1987.601125377, 1.024003699,
1987.662421518, 1.023307864,
1987.682853464, 1.023877580,
1987.703285610, 1.024527361,
1987.744149701, 1.022632387,
1987.764581745, 1.024598647,
1987.785013790, 1.023950066,
1987.805445833, 1.022588451,
1987.825877877, 1.023173005,
1987.846309920, 1.022876866,
1987.907606047, 1.023697511,
1987.928038089, 1.023519796,
1987.948470230, 1.024278840,
1987.968902170, 1.023453523,
1987.989334311, 1.022822987,
1988.009766351, 1.024501505,
1988.030198291, 1.023107047,
1988.050630430, 1.024684049,
1988.071062469, 1.023011851,
1988.091494407, 1.023787178,
1988.111926545, 1.022623978,
1988.132358483, 1.024254276,
1988.152790521, 1.023116949,
1988.173222657, 1.023437879,
1988.193654594, 1.023700463,
1988.214086630, 1.023221053,
1988.234518766, 1.024771062,
1988.254950701, 1.023173667,
1988.275382736, 1.022491259,
1988.295814871, 1.025618397,
1988.316246905, 1.023907634,
1988.336678839, 1.029976960,
1988.397974939, 1.022933180,
1988.418407071, 1.023251485,
1988.438839103, 1.022562778,
1988.459271234, 1.024108865,
1988.479703166, 1.023456956,
1988.500135196, 1.023353857,
1988.520567327, 1.024411072,
1988.540999257, 1.023595150,
1988.561431287, 1.023170881,
1988.581863416, 1.025406823,
1988.643159502, 1.022609262,
1988.663591430, 1.021811383,
1988.684023457, 1.021409038,
1988.704455584, 1.022207322,
1988.724887511, 1.024211476,
1988.745319537, 1.023156205,
1988.765751663, 1.023142368,
1988.786183688, 1.022282265,
1988.806615613, 1.022820029,
1988.827047738, 1.024628286,
1988.908775733, 1.023390696,
1988.929207856, 1.022033352,
1988.949639879, 1.023754264,
1988.970071801, 1.022490209,
1988.990503923, 1.022856205,
1989.010935944, 1.022783853,
1989.031367865, 1.024260909,
1989.051799986, 1.022996445,
1989.072232006, 1.023523211,
1989.092663926, 1.023112263,
1989.113096046, 1.022944483,
1989.133528065, 1.022737071,
1989.153960083, 1.023252374,
1989.174392102, 1.022329860,
1989.194824120, 1.023639898,
1989.215256138, 1.022823819,
1989.235688155, 1.022722854,
1989.256120172, 1.022934845,
1989.276552189, 1.022760988,
1989.296984304, 1.023606054,
1989.317416220, 1.023091701,
1989.378712265, 1.022767811,
1989.399144380, 1.022166662,
1989.419576394, 1.023129687,
1989.440008307, 1.023106431,
1989.460440421, 1.021853967,
1989.480872433, 1.023398528,
1989.501304346, 1.022267095,
1989.521736458, 1.022119171,
1989.542168470, 1.022270488,
1989.562600381, 1.021966380,
1989.583032492, 1.023276568,
1989.603464503, 1.022786567,
1989.623896413, 1.023281307,
1989.644328523, 1.022763086,
1989.664760532, 1.022773782,
1989.685192441, 1.023110297,
1989.705624550, 1.022672841,
1989.726056558, 1.022516867,
1989.746488466, 1.022500008,
1989.766920574, 1.022552530,
1989.787352581, 1.023638984,
1989.807784488, 1.023960628,
1989.869080706, 1.022141410,
1989.889512612, 1.022402324,
1989.909944617, 1.022100462,
1989.930376722, 1.022299555,
1989.950808626, 1.022499192,
1989.971240630, 1.022502264,
1989.991672734, 1.022648138,
1990.032536640, 1.021257255,
1990.052968742, 1.021189725,
1990.073400644, 1.022645374,
1990.093832646, 1.021390143,
1990.114264747, 1.022791261,
1990.134696748, 1.022891731,
1990.155128649, 1.021556648,
1990.175560749, 1.022740379,
1990.195992749, 1.022268734,
1990.216424649, 1.021863580,
1990.236856748, 1.021942994,
1990.257288747, 1.022490570,
1990.277720745, 1.022154649,
1990.298152743, 1.023913573,
1990.359448735, 1.021888387,
1990.379880632, 1.021876200,
1990.400312728, 1.021007125,
1990.441176620, 1.021732365,
1990.461608715, 1.024918814,
1990.482040710, 1.022188635,
1990.502472704, 1.021384769,
1990.522904698, 1.021314860,
1990.543336692, 1.024434994,
1990.604632671, 1.023114894,
1990.625064664, 1.021431756,
1990.645496755, 1.022210847,
1990.665928647, 1.022511075,
1990.686360639, 1.022574994,
1990.706792729, 1.022188785,
1990.727224620, 1.022551641,
1990.747656710, 1.020792161,
1990.768088700, 1.021072325,
1990.788520589, 1.021509669,
1990.849816555, 1.022280491,
1990.870248643, 1.022211935,
1990.890680631, 1.021312818,
1990.911112518, 1.022796045,
1990.931544605, 1.020771291,
1990.951976592, 1.021433518,
1990.972408578, 1.021875138,
1990.992840564, 1.021481948,
1991.013272549, 1.021717870,
1991.033704535, 1.022488811,
1991.054136519, 1.022482754,
1991.074568503, 1.021135767,
1991.095000387, 1.021237249,
1991.115432471, 1.021501033,
1991.135864454, 1.021952174,
1991.156296538, 1.020637464,
1991.176728420, 1.022490560,
1991.197160403, 1.021741942,
1991.217592484, 1.022237748,
1991.238024366, 1.020904611,
1991.258456347, 1.021295624,
1991.278888428, 1.021102901,
1991.360616248, 1.021179572,
1991.381048227, 1.020664318,
1991.401480306, 1.022163892,
1991.421912184, 1.021221339,
1991.442344162, 1.021414761,
1991.462776240, 1.022929185,
1991.483208217, 1.020833859,
1991.503640094, 1.022833752,
1991.524072170, 1.020539437,
1991.544504147, 1.021067872,
1991.564936023, 1.021237466,
1991.585368098, 1.021758352,
1991.605800074, 1.021045387,
1991.626232148, 1.020694009,
1991.646664023, 1.021260498,
1991.667095997, 1.021857903,
1991.687528071, 1.020926436,
1991.707959944, 1.020864966,
1991.728391917, 1.021002682,
1991.769255862, 1.020935568,
1991.789687835, 1.021341816,
1991.810119806, 1.021880186,
1991.830551777, 1.020617513,
1991.850983748, 1.021054200,
1991.871415719, 1.022325251,
1991.891847689, 1.021285782,
1991.932711629, 1.021083464,
1991.953143598, 1.021993111,
1991.973575567, 1.020661406,
1991.994007635, 1.020819791,
1992.014439504, 1.020351071,
1992.075735406, 1.020972674,
1992.096167473, 1.021029178,
1992.116599439, 1.020848225,
1992.137031305, 1.019395189,
1992.157463371, 1.020446226,
1992.177895336, 1.020791076,
1992.198327201, 1.019944631,
1992.218759267, 1.020647140,
1992.239191231, 1.021208708,
1992.259623095, 1.018626817,
1992.300487122, 1.020472291,
1992.320919085, 1.020597482,
1992.341351047, 1.020425150,
1992.361783010, 1.020555397,
1992.382214971, 1.020219098,
1992.402646933, 1.020965547,
1992.423078894, 1.019471563,
1992.443510955, 1.021225945,
1992.463942916, 1.020456908,
1992.484374776, 1.020970625,
1992.504806836, 1.020374900,
1992.525238695, 1.019344179,
1992.545670655, 1.018314343,
1992.566102713, 1.019445654,
1992.586534572, 1.019419891,
1992.606966530, 1.020015848,
1992.647830446, 1.020529916,
1992.668262403, 1.020393292,
1992.688694459, 1.019797729,
1992.709126316, 1.019829426,
1992.729558272, 1.019975349,
1992.749990328, 1.020104367,
1992.811286193, 1.020232144,
1992.831718147, 1.021076175,
1992.852150101, 1.020565177,
1992.872582055, 1.020219486,
1992.893014008, 1.020421851,
1992.913445961, 1.019990169,
1992.933877914, 1.020666473,
1992.954309867, 1.021203319,
1992.974741918, 1.021098626,
1992.995173770, 1.020500365,
1993.015605722, 1.019815910,
1993.036037773, 1.019972078,
1993.056469623, 1.019476483,
1993.076901573, 1.020750840,
1993.097333624, 1.019890473,
1993.117765473, 1.020855602,
1993.138197423, 1.020272199,
1993.158629472, 1.019825426,
1993.179061320, 1.020597844,
1993.199493268, 1.020281390,
1993.219925316, 1.019665231,
1993.240357164, 1.021095147,
1993.301653005, 1.020302072,
1993.322085051, 1.018649379,
1993.342516997, 1.022576144,
1993.362948842, 1.019159095,
1993.383380888, 1.020618356,
1993.403812833, 1.019153504,
1993.424244677, 1.019913309,
1993.444676721, 1.018172008,
1993.465108666, 1.020380278,
1993.485540509, 1.019914633,
1993.546836338, 1.020688274,
1993.567268380, 1.019391422,
1993.587700322, 1.021615465,
1993.608132164, 1.020839110,
1993.628564205, 1.019816149,
1993.648996145, 1.021574620,
1993.669428186, 1.019546298,
1993.689860026, 1.021185579,
1993.710291966, 1.019944536,
1993.730724006, 1.018131066,
1993.751155845, 1.019834925,
1993.771587784, 1.019631038,
1993.792019823, 1.019842393,
1993.812451761, 1.019393373,
1993.832883599, 1.020736552,
1993.853315636, 1.019759805,
1993.873747574, 1.019124442,
1993.894179411, 1.019006411,
1993.914611447, 1.019277195,
1993.935043383, 1.019008503,
1993.955475219, 1.020786338,
1993.975907255, 1.018667291,
1994.037203060, 1.020028857,
1994.057634894, 1.020435710,
1994.078066928, 1.018530326,
1994.098498862, 1.019524996,
1994.118930695, 1.018200483,
1994.139362728, 1.019102045,
1994.159794660, 1.018511083,
1994.180226593, 1.019223081,
1994.200658525, 1.018765198,
1994.221090456, 1.018846911,
1994.282386249, 1.019290582,
1994.302818179, 1.019799061,
1994.323250110, 1.019235373,
1994.343682039, 1.018674187,
1994.364113969, 1.019310619,
1994.384545998, 1.019724898,
1994.404977826, 1.018394304,
1994.425409755, 1.019096194,
1994.445841783, 1.019350316,
1994.466273610, 1.017131355,
1994.486705638, 1.019658675,
1994.507137565, 1.018568050,
1994.527569392, 1.019772172,
1994.548001418, 1.018597887,
1994.568433344, 1.019022098,
1994.588865170, 1.018962966,
1994.609297195, 1.019172564,
1994.629729120, 1.018320605,
1994.650161045, 1.018448640,
1994.670592970, 1.018327416,
1994.691024894, 1.018930773,
1994.711456718, 1.018444446,
1994.772752487, 1.019094668,
1994.793184510, 1.019307361,
1994.813616432, 1.017927227,
1994.834048254, 1.018232621,
1994.854480275, 1.019144464,
1994.874912197, 1.019913598,
1994.895344217, 1.019617152,
1994.915776038, 1.020052092,
1994.936207958, 1.018286912,
1994.956639978, 1.021030731,
1995.017935736, 1.018671475,
1995.038367555, 1.019188932,
1995.058799473, 1.018964300,
1995.079231491, 1.018882962,
1995.099663309, 1.018121737,
1995.120095226, 1.019293777,
1995.140527243, 1.018547467,
1995.160959060, 1.018813770,
1995.181390976, 1.020108324,
1995.201822993, 1.019540344,
1995.263118739, 1.017710659,
1995.283550654, 1.019561636,
1995.303982568, 1.018497538,
1995.324414482, 1.019085130,
1995.344846396, 1.017177902,
1995.365278310, 1.018277140,
1995.385710223, 1.017695345,
1995.406142136, 1.017491141,
1995.426574049, 1.018292988,
1995.447005961, 1.019135477,
1995.467437873, 1.019072913,
1995.487869785, 1.019075787,
1995.508301696, 1.019698623,
1995.528733507, 1.018235321,
1995.549165518, 1.018543069,
1995.569597428, 1.017649319,
1995.590029338, 1.019302470,
1995.610461248, 1.017927126,
1995.630893157, 1.019154514,
1995.651325067, 1.017761259,
1995.671756975, 1.019628798,
1995.692188884, 1.018799037,
1995.753484607, 1.019410179,
1995.773916615, 1.019044508,
1995.794348522, 1.018444471,
1995.814780328, 1.019006897,
1995.835212335, 1.016958641,
1995.855644241, 1.018545135,
1995.876076046, 1.018177026,
1995.896508052, 1.017726772,
1995.916939957, 1.018953890,
1995.937371761, 1.016991809,
1995.998667474, 1.018796298,
1996.019099477, 1.018860101,
1996.039531380, 1.017311279,
1996.059963283, 1.018220974,
1996.080395186, 1.017779898,
1996.100827088, 1.017912776,
1996.121258990, 1.018247175,
1996.141690892, 1.017853392,
1996.162122793, 1.017514977,
1996.182554694, 1.018069284,
1996.202986595, 1.016907893,
1996.223418495, 1.017303687,
1996.243850495, 1.016010616,
1996.264282295, 1.017550873,
1996.284714194, 1.018989723,
1996.305146193, 1.017840557,
1996.325577992, 1.019491782,
1996.346009891, 1.017853861,
1996.366441889, 1.018852887,
1996.386873687, 1.017564941,
1996.407305585, 1.018714883,
1996.427737582, 1.018463474,
1996.489033272, 1.017447182,
1996.509465068, 1.018850480,
1996.529897064, 1.017123861,
1996.550328959, 1.017965330,
1996.570760854, 1.018150917,
1996.591192749, 1.016748772,
1996.611624644, 1.018048341,
1996.632056538, 1.015957778,
1996.652488432, 1.018923583,
1996.672920325, 1.018582025,
1996.734216004, 1.018019071,
1996.754647897, 1.018930331,
1996.775079889, 1.018891678,
1996.795511681, 1.018795339,
1996.815943572, 1.018457194,
1996.836375563, 1.017645035,
1996.856807354, 1.018435807,
1996.877239245, 1.017716939,
1996.897671135, 1.017816729,
1996.918103025, 1.018097700,
1996.979398693, 1.017501635,
1996.999830682, 1.018601643,
1997.020262470, 1.017903605,
1997.040694358, 1.018327361,
1997.061126346, 1.018827977,
1997.101990021, 1.017735102,
1997.122422008, 1.018798304,
1997.142853895, 1.018454944,
1997.163285681, 1.017381182,
1997.224581338, 1.018260577,
1997.245013323, 1.017422904,
1997.265445208, 1.017493781,
1997.285876993, 1.017241964,
1997.306308977, 1.018652804,
1997.326740861, 1.016967380,
1997.347172844, 1.019152007,
1997.367604628, 1.018491036,
1997.388036511, 1.017798787,
1997.408468494, 1.017240688,
1997.428900276, 1.016533915,
1997.449332158, 1.018079416,
1997.469764140, 1.018043247,
1997.490195922, 1.017667427,
1997.510627803, 1.017812568,
1997.531059784, 1.017835082,
1997.551491664, 1.017745338,
1997.571923445, 1.017010011,
1997.592355425, 1.017039405,
1997.612787205, 1.018123545,
1997.633219084, 1.016939029,
1997.653651063, 1.018333153,
1997.714946699, 1.016776045,
1997.735378477, 1.017819641,
1997.755810455, 1.017902370,
1997.776242332, 1.018062879,
1997.796674109, 1.017635936,
1997.817106086, 1.016453350,
1997.837537963, 1.019336627,
1997.857969739, 1.018158422,
1997.878401715, 1.017314636,
1997.898833590, 1.017399848,
1997.960129215, 1.016602270,
1997.980561090, 1.016997069,
1998.000992964, 1.016654533,
1998.021424838, 1.017102870,
1998.041856711, 1.018278509,
1998.062288685, 1.017383742,
1998.082720458, 1.017470956,
1998.103152430, 1.016736001,
1998.123584303, 1.018223523,
1998.144016075, 1.017276302,
1998.164448047, 1.016582939,
1998.184879918, 1.017347879,
1998.205311690, 1.018029864,
1998.225743661, 1.017934849,
1998.246175531, 1.016366230,
1998.266607302, 1.017128711,
1998.287039272, 1.016416476,
1998.307471141, 1.017095169,
1998.348334880, 1.016373826,
1998.368766649, 1.017564246,
1998.389198618, 1.016412727,
1998.450494122, 1.017737755,
1998.470926089, 1.017390158,
1998.491357957, 1.017772927,
1998.511789823, 1.016382196,
1998.532221690, 1.016442321,
1998.552653556, 1.017045146,
1998.573085522, 1.016454246,
1998.593517288, 1.016414930,
1998.613949154, 1.016971453,
1998.634381119, 1.018928528,
1998.695676713, 1.018285060,
1998.716108477, 1.018596709,
1998.736540340, 1.016382357,
1998.777404067, 1.016764073,
1998.797835930, 1.016781322,
1998.818267893, 1.017307288,
1998.838699655, 1.016524398,
1998.859131517, 1.017406463,
1998.879563479, 1.016387645,
1998.899995340, 1.018131886,
1998.920427201, 1.017905632,
1998.940859062, 1.017172618,
1998.961290923, 1.017066340,
1999.002154643, 1.016611140,
1999.022586503, 1.017864923,
1999.043018462, 1.017457534,
1999.063450222, 1.017987108,
1999.083882080, 1.017053568,
1999.104313939, 1.015949860,
1999.124745798, 1.017064826,
1999.186041371, 1.017611515,
1999.206473128, 1.015856158,
1999.226905085, 1.016422316,
1999.247336942, 1.017372519,
1999.267768898, 1.016133744,
1999.288200654, 1.017187409,
1999.308632510, 1.016792021,
1999.329064465, 1.016558685,
1999.349496221, 1.016840428,
1999.369928076, 1.015980135,
1999.390360030, 1.017455407,
1999.410791885, 1.016124596,
1999.431223639, 1.017617898,
1999.451655593, 1.016276758,
1999.472087446, 1.016746671,
1999.492519200, 1.016750173,
1999.512951152, 1.016728320,
1999.533383005, 1.016108169,
1999.553814758, 1.016428238,
1999.574246710, 1.018922568,
1999.594678562, 1.016714163,
1999.615110313, 1.018274954,
1999.676406067, 1.017605991,
1999.696837817, 1.016256195,
1999.717269667, 1.022117613,
1999.737701617, 1.017043621,
1999.758133367, 1.016571339,
1999.778565217, 1.016328109,
1999.798997166, 1.016742077,
1999.839860763, 1.015819421,
1999.860292611, 1.016136542,
1999.921588155, 1.016021945,
1999.942020002, 1.016444854,
1999.962451849, 1.017967223,
1999.982883795, 1.016500078,
2000.003315542, 1.015494635,
2000.023747488, 1.016909651,
2000.044179334, 1.016827542,
2000.064611079, 1.016097395,
2000.085043025, 1.016334661,
2000.105474870, 1.016361458,
2000.125906614, 1.015447189,
2000.146338559, 1.015828720,
2000.166770403, 1.017506846,
2000.187202147, 1.033156482,
2000.207634091, 1.016592419,
2000.248497777, 1.016386202,
2000.268929620, 1.016023410,
2000.289361462, 1.017177174,
2000.309793305, 1.016060264,
2000.330225147, 1.017213109,
2000.350656989, 1.016774694,
2000.411952512, 1.016643565,
2000.432384453, 1.017299182,
2000.452816293, 1.017497134,
2000.473248033, 1.015938238,
2000.493679973, 1.016723690,
2000.514111813, 1.015883965,
2000.534543552, 1.015980421,
2000.554975491, 1.015374686,
2000.575407330, 1.015576989,
2000.595839069, 1.016259116,
2000.636702745, 1.016888803,
2000.657134583, 1.017823500,
2000.677566520, 1.016430178,
2000.697998257, 1.017056358,
2000.718430094, 1.019971211,
2000.738862031, 1.016258958,
2000.759293767, 1.018114798,
2000.779725703, 1.017121683,
2000.800157539, 1.015487561,
2000.820589375, 1.016335153,
2000.841021210, 1.016231052,
2000.861453045, 1.017128215,
2000.881884880, 1.017473454,
2000.902316714, 1.016557285,
2000.922748549, 1.016934974,
2000.963612316, 1.016384948,
2000.984044050, 1.016817842,
2001.004475883, 1.016213958,
2001.024907816, 1.016730544,
2001.045339549, 1.018261015,
2001.065771381, 1.017225369,
2001.086203313, 1.016965224,
2001.147498808, 1.015674251,
2001.167930539, 1.015692710,
2001.188362470, 1.016248865,
2001.208794300, 1.016018237,
2001.229226131, 1.015984102,
2001.249657961, 1.016756648,
2001.270089691, 1.016694833,
2001.290521620, 1.016961757,
2001.310953449, 1.017340587,
2001.331385278, 1.015981703,
2001.351817007, 1.016438844,
2001.372248936, 1.016098227,
2001.392680764, 1.016587993,
2001.413112492, 1.015188023,
2001.433544419, 1.015635796,
2001.453976247, 1.016463655,
2001.474407974, 1.016336066,
2001.494839901, 1.016402963,
2001.515271728, 1.015875308,
2001.535703654, 1.015719432,
2001.556135380, 1.017210246,
2001.576567206, 1.015413136,
2001.637862682, 1.014783716,
2001.658294607, 1.016646967,
2001.678726331, 1.015683963,
2001.699158156, 1.015266424,
2001.719590080, 1.015836498,
2001.740021804, 1.016849414,
2001.760453627, 1.018983531,
2001.780885550, 1.026741982,
2001.801317373, 1.029282594,
2001.842181019, 1.014318227,
2001.862612841, 1.014484520,
2001.883044763, 1.014830599,
2001.903476485, 1.015885493,
2001.923908306, 1.015665687,
2001.944340227, 1.017320774,
2001.964771948, 1.017056504,
2001.985203769, 1.016309747,
2002.005635589, 1.017469830,
2002.026067410, 1.016859712,
2002.046499230, 1.017569524,
2002.066931050, 1.015445288,
2002.128226507, 1.016428233,
2002.148658326, 1.016722811,
2002.169090144, 1.016015520,
2002.189521962, 1.015911865,
2002.209953780, 1.015920650,
2002.230385698, 1.016076592,
2002.250817415, 1.016814459,
2002.271249233, 1.015743029,
2002.291681150, 1.016170711,
2002.312112966, 1.015863137,
2002.332544683, 1.014566980,
2002.352976599, 1.016404628,
2002.373408415, 1.015706558,
2002.393840131, 1.016398715,
2002.414272046, 1.014542127,
2002.434703861, 1.015859385,
2002.455135576, 1.016103906,
2002.475567491, 1.015127048,
2002.495999305, 1.015747311,
2002.516431019, 1.015915435,
2002.536862933, 1.015843575,
2002.557294747, 1.015735220,
2002.639022099, 1.016908559,
2002.659453812, 1.016534806,
2002.679885624, 1.016958292,
2002.700317535, 1.016575786,
2002.720749247, 1.017438398,
2002.741181059, 1.016979089,
2002.761612870, 1.015771245,
2002.782044681, 1.016245040,
2002.802476492, 1.015848599,
2002.822908402, 1.016596319,
2002.843340112, 1.016768919,
2002.863771922, 1.015911175,
2002.884203832, 1.017314273,
2002.904635541, 1.015623596,
2002.925067350, 1.014464302,
2002.945499259, 1.016239127,
2002.965930968, 1.016262649,
2002.986362877, 1.015882625,
2003.006794685, 1.015152753,
2003.027226393, 1.014873179,
2003.047658301, 1.016827683,
2003.108953722, 1.015974667,
2003.129385529, 1.015912918,
2003.149817336, 1.016427573,
2003.170249142, 1.016269158,
2003.190680948, 1.015797340,
2003.211112754, 1.015428907,
2003.231544559, 1.015122795,
2003.251976364, 1.016218836,
2003.272408170, 1.015587902,
2003.292840074, 1.015884912,
2003.313271779, 1.016146225,
2003.333703683, 1.015757403,
2003.354135487, 1.015945141,
2003.374567191, 1.016975462,
2003.394999095, 1.015653540,
2003.415430898, 1.015868945,
2003.435862601, 1.016431766,
2003.456294504, 1.015758048,
2003.476726207, 1.015557205,
2003.497158009, 1.016433743,
2003.517589911, 1.015559733,
2003.538021613, 1.016786553,
2003.599317018, 1.016002930,
2003.619748819, 1.016253963,
2003.640180719, 1.016843308,
2003.660612520, 1.015732947,
2003.681044320, 1.016017430,
2003.701476120, 1.015258579,
2003.721907920, 1.016250235,
2003.742339719, 1.016316460,
2003.762771519, 1.015600499,
2003.783203318, 1.015786239,
2003.803635216, 1.017344338,
2003.824066915, 1.015865795,
2003.844498713, 1.015989233,
2003.864930612, 1.015472673,
2003.885362309, 1.016240746,
2003.905794107, 1.014760726,
2003.926226005, 1.014851132,
2003.946657702, 1.015233715,
2003.967089498, 1.015519501,
2003.987521395, 1.015753285,
2004.007953092, 1.015217499,
2004.028384988, 1.015172404,
2004.089680375, 1.016682241,
2004.110112170, 1.016246057,
2004.130543965, 1.014475487,
2004.150975760, 1.015406156,
2004.171407555, 1.014808537,
2004.191839349, 1.016746207,
2004.212271143, 1.014716526,
2004.232702937, 1.015851166,
2004.253134631, 1.015873002,
2004.273566524, 1.015497004,
2004.293998317, 1.014024941,
2004.314430010, 1.015266484,
2004.334861903, 1.015176251,
2004.355293695, 1.015499970,
2004.375725588, 1.016677706,
2004.396157280, 1.014848472,
2004.416589072, 1.015309084,
2004.437020963, 1.015449258,
2004.457452654, 1.015618915,
2004.477884446, 1.016272534,
2004.498316336, 1.016067408,
2004.518748027, 1.017354572,
2004.580043398, 1.017066995,
2004.600475187, 1.016974894,
2004.620907077, 1.015781066,
2004.641338866, 1.015880230,
2004.661770555, 1.015578940,
2004.682202444, 1.015533291,
2004.702634233, 1.014786628,
2004.723066021, 1.014865124,
2004.743497809, 1.015515094,
2004.763929597, 1.016835652,
2004.825224959, 1.014954337,
2004.845656746, 1.014701065,
2004.866088533, 1.015873222,
2004.886520319, 1.014660546,
2004.906952105, 1.015071908,
2004.927383892, 1.016074769,
2004.947815678, 1.016159034,
2004.968247463, 1.015054778,
2004.988679248, 1.015533940,
2005.009111034, 1.015592394,
2005.029542819, 1.015742272,
2005.049974603, 1.015474398,
2005.070406488, 1.014843933,
2005.090838172, 1.013725347,
2005.111269956, 1.015569580,
2005.131701840, 1.015452812,
2005.152133623, 1.014849730,
2005.172565307, 1.016142015,
2005.192997190, 1.015133010,
2005.213428973, 1.014356562,
2005.233860655, 1.014401861,
2005.254292538, 1.014540663,
2005.295156002, 1.014807355,
2005.315587884, 1.014796432,
2005.336019665, 1.014104780,
2005.356451347, 1.014956285,
2005.376883228, 1.014240697,
2005.397315009, 1.014192833,
2005.417746890, 1.014080907,
2005.438178570, 1.014870984,
2005.458610350, 1.015043660,
2005.479042230, 1.015013664,
2005.499473910, 1.014089726,
2005.519905690, 1.014080926,
2005.540337569, 1.014178207,
2005.560769248, 1.014449188,
2005.581201027, 1.014688509,
2005.601632906, 1.016191517,
2005.622064584, 1.014794345,
2005.642496363, 1.014564294,
2005.662928141, 1.015705940,
2005.683359919, 1.013692304,
2005.703791696, 1.013848132,
2005.724223573, 1.014919259,
2005.744655251, 1.014232588,
2005.805950581, 1.012720433,
2005.826382457, 1.014049353,
2005.846814233, 1.015907324,
2005.867245909, 1.013215638,
2005.887677785, 1.014185844,
2005.908109560, 1.014426688,
2005.928541235, 1.014427560,
2005.948973110, 1.014386143,
2005.969404885, 1.013943540,
2005.989836660, 1.014655864,
2006.010268434, 1.014406909,
2006.030700208, 1.014254330,
2006.051131982, 1.013049112,
2006.071563756, 1.013311685,
2006.091995529, 1.013730310,
2006.112427402, 1.014663324,
2006.132859076, 1.013271827,
2006.153290848, 1.012805844,
2006.173722721, 1.013909814,
2006.194154493, 1.012748228,
2006.214586166, 1.013283339,
2006.235018037, 1.012617338,
2006.255449809, 1.013250194,
2006.275881481, 1.013037740,
2006.296313352, 1.016049862,
2006.316745123, 1.014108503,
2006.337176794, 1.013523108,
2006.357608665, 1.013621329,
2006.378040335, 1.013673253,
2006.398472106, 1.013885078,
2006.418903976, 1.015144534,
2006.439335646, 1.013857020,
2006.459767515, 1.013586842,
2006.480199285, 1.014589446,
2006.541494592, 1.012815687,
2006.561926360, 1.014760934,
2006.582358129, 1.014530695,
2006.602789897, 1.013525775,
2006.623221665, 1.013639508,
2006.643653532, 1.014200336,
2006.664085200, 1.013473683,
2006.684516967, 1.014143194,
2006.704948834, 1.014256874,
2006.725380501, 1.013716114,
2006.745812268, 1.014244551,
2006.766244134, 1.013833502,
2006.786675801, 1.013966889,
2006.807107667, 1.012953167,
2006.827539433, 1.013119403,
2006.847971098, 1.014340425,
2006.868402964, 1.014689624,
2006.888834729, 1.013408713,
2006.909266394, 1.014080453,
2006.929698259, 1.014286058,
2006.950130024, 1.012951713,
2006.970561688, 1.013777281,
2007.031857080, 1.012263514,
2007.072720607, 1.013969380,
2007.093152370, 1.014160217,
2007.113584133, 1.012784418,
2007.134015896, 1.013515132,
2007.154447658, 1.012249369,
2007.174879421, 1.011079042,
2007.195311183, 1.012822223,
2007.215743045, 1.014111966,
2007.236174707, 1.013255827,
2007.256606468, 1.013351670,
2007.277038330, 1.012560576,
2007.297469991, 1.013425432,
2007.317901752, 1.013198425,
2007.338333612, 1.010618961,
2007.358765273, 1.013857276,
2007.379197033, 1.012260920,
2007.399628893, 1.012511722,
2007.420060553, 1.012605031,
2007.440492413, 1.013058272,
2007.460924172, 1.011852141,
2007.522219450, 1.012182244,
2007.542651209, 1.013749494,
2007.563082967, 1.012026470,
2007.583514725, 1.013382154,
2007.603946484, 1.012736858,
2007.624378341, 1.013610805,
2007.644809999, 1.012208499,
2007.685673614, 1.012190423,
2007.706105271, 1.012943890,
2007.726537028, 1.012816969,
2007.746968785, 1.011958563,
2007.767400541, 1.012807716,
2007.787832397, 1.011934366,
2007.808264154, 1.011799322,
2007.828695810, 1.012047403,
2007.849127665, 1.011851915,
2007.869559321, 1.011408186,
2007.889991076, 1.011924294,
2007.910422931, 1.012508657,
2007.930854586, 1.013205174,
2007.971718195, 1.012452997,
2007.992149850, 1.012147503,
2008.012581604, 1.012142352,
2008.033013458, 1.013280211,
2008.053445212, 1.011540984,
2008.073876865, 1.010551656,
2008.094308718, 1.011774482,
2008.114740472, 1.012693788,
2008.135172225, 1.012287898,
2008.155603977, 1.010866569,
2008.176035730, 1.011421549,
2008.196467582, 1.012581516,
2008.257762838, 1.013041815,
2008.278194490, 1.012202444,
2008.298626241, 1.012696055,
2008.319058093, 1.012311913,
2008.339489744, 1.010288474,
2008.359921495, 1.010339927,
2008.380353345, 1.011530515,
2008.400784996, 1.011737230,
2008.421216746, 1.012634723,
2008.441648596, 1.011830471,
2008.523375594, 1.012308209,
2008.543807343, 1.012074225,
2008.564239092, 1.012891885,
2008.584670741, 1.011460683,
2008.605102589, 1.011689926,
2008.625534338, 1.011948479,
2008.645965986, 1.012388223,
2008.666397834, 1.011586474,
2008.686829582, 1.010758168,
2008.707261229, 1.010797741,
2008.727693077, 1.011826839,
2008.748124824, 1.010578872,
2008.768556671, 1.011171761,
2008.788988318, 1.010644336,
2008.809420065, 1.012302087,
2008.829851911, 1.012799385,
2008.850283557, 1.012241506,
2008.870715303, 1.010796952,
2008.891147149, 1.012483568,
2008.911578795, 1.011326215,
2008.932010540, 1.011765337,
2008.952442386, 1.011581703,
2008.972874031, 1.010837480,
2008.993305776, 1.009807395,
2009.013737621, 1.010181997,
2009.034169365, 1.011047265,
2009.054601010, 1.010487604,
2009.075032854, 1.010540920,
2009.095464598, 1.011579146,
2009.115896342, 1.009803410,
2009.136328085, 1.010319463,
2009.156759829, 1.012081688,
2009.177191672, 1.010214018,
2009.238486801, 1.010925136,
2009.258918543, 1.010642943,
2009.279350186, 1.011187459,
2009.299782028, 1.010182283,
2009.320213770, 1.011448240,
2009.340645412, 1.011025015,
2009.361077254, 1.010400262,
2009.381508995, 1.010725077,
2009.401940836, 1.010639857,
2009.422372477, 1.010144995,
2009.442804218, 1.010444425,
2009.463236059, 1.009514023,
2009.483667699, 1.010102456,
2009.504099440, 1.010948999,
2009.524531280, 1.009677674,
2009.544963020, 1.010827018,
2009.565394660, 1.011295622,
2009.585826499, 1.010689783,
2009.606258239, 1.015465879,
2009.626689878, 1.010110954,
2009.647121717, 1.009061822,
2009.667553456, 1.011238552,
2009.687985095, 1.010535781,
2009.708416934, 1.009752044,
2009.728848672, 1.010981587,
2009.749280510, 1.010122656,
2009.769712148, 1.010100604,
2009.790143886, 1.008910914,
2009.810575724, 1.010138780,
2009.831007361, 1.009777256,
2009.851439098, 1.010627561,
2009.871870836, 1.010569158,
2009.892302572, 1.010447989,
2009.912734309, 1.011014553,
2009.974029518, 1.010424820,
2009.994461255, 1.010694497,
2010.014892990, 1.009984960,
2010.035324726, 1.010643145,
2010.055756462, 1.010856742,
2010.076188197, 1.008941227,
2010.096620032, 1.009286139,
2010.117051767, 1.009424579,
2010.137483402, 1.010421968,
2010.157915237, 1.008517537,
2010.178346971, 1.010109899,
2010.198778605, 1.009105857,
2010.219210440, 1.008450514,
2010.239642174, 1.009569458,
2010.260073807, 1.010035970,
2010.280505641, 1.009508474,
2010.300937374, 1.010860002,
2010.341800841, 1.009139849,
2010.362232574, 1.009735347,
2010.382664406, 1.009357546,
2010.403096039, 1.009862994,
2010.464391236, 1.009389087,
2010.484822968, 1.010089678,
2010.505254799, 1.009737545,
2010.525686531, 1.009473403,
2010.546118162, 1.010551431,
2010.566549993, 1.009774129,
2010.586981724, 1.009216174,
2010.607413355, 1.007545309,
2010.627845186, 1.008569542,
2010.648276916, 1.010373862,
2010.668708547, 1.008852314,
2010.689140377, 1.009309110,
2010.709572007, 1.010120560,
2010.730003837, 1.010544216,
2010.750435566, 1.009274843,
2010.770867196, 1.009864195,
2010.791299025, 1.009464486,
2010.811730754, 1.010650679,
2010.832162383, 1.009115936,
2010.852594212, 1.008600108,
2010.873025941, 1.008761155,
2010.893457569, 1.009176935,
2010.913889398, 1.009493681,
2010.934321126, 1.010031781,
2010.954752854, 1.009949979,
2010.975184582, 1.009304976,
2010.995616309, 1.009807093,
2011.016048137, 1.009179487,
2011.036479864, 1.008556571,
2011.056911491, 1.009201992,
2011.077343318, 1.009805244,
2011.097775045, 1.009497492,
2011.118206672, 1.007792286,
2011.138638498, 1.008965179,
2011.179501851, 1.007988369,
2011.199933677, 1.007865010,
2011.220365402, 1.008721927,
2011.240797028, 1.008728155,
2011.261228854, 1.008855000,
2011.281660579, 1.009109762,
2011.302092204, 1.008002454,
2011.322524029, 1.008635242,
2011.342955754, 1.008297708,
2011.363387479, 1.009369300,
2011.383819203, 1.008516653,
2011.445114376, 1.007265989,
2011.465546100, 1.009284332,
2011.485977823, 1.008244361,
2011.506409547, 1.008519762,
2011.526841270, 1.008491743,
2011.547273094, 1.007275745,
2011.567704716, 1.008581026,
2011.588136439, 1.009067563,
2011.608568262, 1.008508477,
2011.628999885, 1.008096903,
2011.649431707, 1.008634332,
2011.669863429, 1.007702459,
2011.690295051, 1.006474508,
2011.710726873, 1.008165543,
2011.731158595, 1.008042146,
2011.751590217, 1.008080896,
2011.772022038, 1.008728551,
2011.792453760, 1.007732996,
2011.812885381, 1.007374199,
2011.833317202, 1.007984323,
2011.853748923, 1.008501482,
2011.874180643, 1.008434204,
2011.894612364, 1.008686150,
2011.915044084, 1.007978867,
2011.935475904, 1.007282071,
2011.955907524, 1.007040382,
2011.976339244, 1.007429413,
2011.996771064, 1.006903055,
2012.017202784, 1.006746965,
2012.037634403, 1.007609345,
2012.058066222, 1.007176667,
2012.078497841, 1.006255525,
2012.098929560, 1.008249990,
2012.119361379, 1.007149349,
2012.139792998, 1.008553711,
2012.160224716, 1.006577319,
2012.180656534, 1.008283340,
2012.201088153, 1.006242567,
2012.221519871, 1.007414272,
2012.241951689, 1.008254891,
2012.262383306, 1.008257800,
2012.282815124, 1.006669139,
2012.303246841, 1.007596694,
2012.323678459, 1.007967501,
2012.344110276, 1.007616460,
2012.364541993, 1.006423773,
2012.425837142, 1.006073594,
2012.446268859, 1.007477544,
2012.466700575, 1.008133080,
2012.487132291, 1.006998563,
2012.507564007, 1.007668942,
2012.527995723, 1.007461023,
2012.548427438, 1.007662808,
2012.568859254, 1.008675538,
2012.589290969, 1.007427362,
2012.609722584, 1.006869380,
2012.630154399, 1.008724011,
2012.650586114, 1.006710005,
2012.671017728, 1.006801348,
2012.691449543, 1.006975293,
2012.711881257, 1.007862518,
2012.732312871, 1.007479609,
2012.752744686, 1.009905196,
2012.773176400, 1.007066302,
2012.793608013, 1.007894201,
2012.814039827, 1.008196956,
2012.834471540, 1.007133484,
2012.854903254, 1.007537990,
2012.916198393, 1.007226537,
2012.936630105, 1.007636245,
2012.957061818, 1.005859181,
2012.977493531, 1.007592460,
2012.997925243, 1.007232941,
2013.018356955, 1.007944685,
2013.038788667, 1.005636731,
2013.059220379, 1.007228716,
2013.079652091, 1.006739410,
2013.100083902, 1.007984138,
2013.120515513, 1.006130696,
2013.140947325, 1.008922112,
2013.161379036, 1.006960321,
2013.181810647, 1.007995322,
2013.202242458, 1.006184736,
2013.222674168, 1.007670980,
2013.243105779, 1.005240091,
2013.263537589, 1.006318447,
2013.283969300, 1.006831529,
2013.304400910, 1.006165501,
2013.324832720, 1.005494182,
2013.345264430, 1.006834458,
2013.365696039, 1.006199138,
2013.386127849, 1.005882055,
2013.406559558, 1.007870242,
2013.426991267, 1.007655631,
2013.447422977, 1.006875080,
2013.488286394, 1.006510174,
2013.508718103, 1.008816841,
2013.529149812, 1.008545293,
2013.570013228, 1.006840872,
2013.590444936, 1.006003659,
2013.610876744, 1.005799536,
2013.631308352, 1.006990995,
2013.651740060, 1.006995612,
2013.672171867, 1.006603002,
2013.692603475, 1.006107454,
2013.713035182, 1.004762584,
2013.733466989, 1.006508250,
2013.753898596, 1.005993167,
2013.774330403, 1.007368643,
2013.794762110, 1.005746841,
2013.815193717, 1.006019520,
2013.835625523, 1.006572051,
2013.896920641, 1.005283647,
2013.917352347, 1.005641180,
2013.937784053, 1.005752848,
2013.958215759, 1.004598200,
2013.978647464, 1.006025503,
2013.999079170, 1.006105280,
2014.019510875, 1.005093734,
2014.039942580, 1.005387009,
2014.060374385, 1.006509830,
2014.080806090, 1.005088807,
2014.101237694, 1.005387517,
2014.121669499, 1.003975337,
2014.142101203, 1.004919071,
2014.162532807, 1.004353979,
2014.182964612, 1.004412819,
2014.203396316, 1.004267254,
2014.223827920, 1.008817991,
2014.244259723, 1.006240056,
2014.264691327, 1.004337422,
2014.285123030, 1.003840241,
2014.305554834, 1.004933154,
2014.325986437, 1.005157459,
2014.346418240, 1.004552927,
2014.366849943, 1.004886493,
2014.387281546, 1.005608335,
2014.407713348, 1.004730430,
2014.428145051, 1.005082063,
2014.448576753, 1.004706399,
2014.469008455, 1.004590595,
2014.489440158, 1.004181617,
2014.509871859, 1.004987593,
2014.530303561, 1.005111604,
2014.550735263, 1.004086158,
2014.571166965, 1.004279848,
2014.591598766, 1.002600071,
2014.612030368, 1.004447122,
2014.632462169, 1.006052484,
2014.652893870, 1.008690809,
2014.673325471, 1.004404473,
2014.693757272, 1.004967447,
2014.714188972, 1.004800031,
2014.734620573, 1.004762747,
2014.755052373, 1.004702333,
2014.775484074, 1.004961223,
2014.795915674, 1.004735900,
2014.816347474, 1.004540877,
2014.877642573, 1.004011825,
2014.898074273, 1.002728571,
2014.918505972, 1.004315636,
2014.938937671, 1.003206262,
2014.959369371, 1.003670583,
2014.979801070, 1.002107780,
2017.860670059, 0.989329705,
2017.881101842, 0.990451221,
2017.901533425, 0.990517507,
2017.921965108, 0.990495600,
2017.942396891, 0.990310920,
2017.962828474, 0.993489853,
2017.983260156, 0.990423571,
2018.003691939, 0.989852246,
2018.024123521, 0.989488061,
2018.044555204, 0.990993408,
2018.064986986, 0.989786713,
2018.085418568, 0.989593015,
2018.105850350, 0.989184040,
2018.126282032, 0.990686505,
2018.146713714, 0.989879872,
2018.167145395, 0.989487839,
2018.187577077, 0.991184953,
2018.208008759, 0.989554388,
2018.228440440, 0.990536899,
2018.248872121, 0.989934022,
2018.269303803, 0.989204148,
2018.289735584, 0.990389784,
2018.310167165, 0.991893763,
2018.330598846, 0.990501613,
2018.351030627, 0.989179203,
2018.371462208, 0.989782511,
2018.391893988, 0.990606069,
2018.412325669, 0.990010083,
2018.432757249, 0.991561072,
2018.453189030, 0.990359103,
2018.473620710, 0.989717991,
2018.494052291, 0.989563364,
2018.514484071, 0.991105218,
2018.534915651, 0.989952451,
2018.555347331, 0.990051838,
2018.575779111, 0.990798218,
2018.596210690, 0.991168752,
2018.616642470, 0.989524008,
2018.637074150, 0.990518798,
2018.657505829, 0.990618783,
2018.677937509, 0.989946635,
2018.698369188, 0.990225691,
2018.718800867, 0.990810311,
2018.739232546, 0.989882504,
2018.800527683, 0.989531161,
2018.820959262, 0.990320756,
2018.841391041, 0.989892952,
2018.861822720, 0.991841416,
2018.882254298, 0.988682517,
2018.902686077, 0.990397109,
2018.923117755, 0.990618127,
2018.943549333, 0.990341609,
2018.963981111, 0.991009237,
2018.984412789, 0.991168575,
2019.004844368, 0.991275485,
2019.025276145, 0.990807158,
2019.045707823, 0.990162271,
2019.066139401, 0.990467237,
2019.086571179, 0.989252482,
2019.107002856, 0.990469763,
2019.127434534, 0.991186649,
2019.147866211, 0.990669059,
2019.168297889, 0.989674560,
2019.188729566, 0.992064024,
2019.209161243, 0.990187139,
2019.229592920, 0.990661146,
2019.250024597, 0.992078685,
2019.270456274, 0.990529980,
2019.290887951, 0.991481268,
2019.311319628, 0.989507663,
2019.331751304, 0.991012153,
2019.352183081, 0.990295516,
2019.372614757, 0.990953402,
2019.393046334, 0.992095929,
2019.413478110, 0.989822923,
2019.433909786, 0.991066217,
2019.454341363, 0.990595954,
2019.474773139, 0.991382327,
2019.495204815, 0.990815445,
2019.515636391, 0.991311274,
2019.536068167, 0.989938465,
2019.556499842, 0.989827867,
2019.576931418, 0.990791642,
2019.597363194, 0.991403866,
2019.617794869, 0.990666532,
2019.638226645, 0.990937930,
2019.658658220, 0.990125969,
2019.679089895, 0.989908688,
2019.699521670, 0.992742422,
2019.719953246, 0.990082566,
2019.781248371, 0.989273880,
2019.801679945, 0.990824689,
2019.822111720, 0.990708778,
2019.842543395, 0.991244663,
2019.883406744, 0.990501741,
2019.903838318, 0.989700620,
2019.924270093, 0.990245253,
2019.944701767, 0.989678560,
2019.965133341, 0.990216850,
2019.985565115, 0.989159115,
2020.005996789, 0.988878691,
2020.026428363, 0.989208470,
2020.046860137, 0.990682418,
2020.067291811, 0.989389883,
2020.087723385, 0.989632565,
2020.108155158, 0.988987352,
2020.128586832, 0.989430941,
2020.149018605, 0.990205155,
2020.169450179, 0.990948115,
2020.189881852, 0.989980754,
2020.210313625, 0.989413905,
2020.230745199, 0.990235602,
2020.251176872, 0.989261843,
2020.271608645, 0.990727442,
2020.292040318, 0.991134975,
2020.312471891, 0.990742464,
2020.332903664, 0.989835543,
2020.353335337, 0.989898914,
2020.373767009, 0.988958848,
2020.394198682, 0.987672456,
2020.414630354, 0.988927212,
2020.435062127, 0.989403684,
2020.455493699, 0.988611727,
2020.475925372, 0.989318922,
2020.496357044, 0.990225667,
2020.516788716, 0.989665725,
2020.537220388, 0.990300535,
2020.557652060, 0.989055287,
2020.578083732, 0.987997069,
2020.598515404, 0.990053443,
2020.618947076, 0.989980358,
2020.639378748, 0.990901683,
2020.659810520, 0.988610538,
2020.680242091, 0.989110996,
2020.700673763, 0.990964976,
2020.721105534, 0.989604616,
2020.741537106, 0.990422991,
2020.761968777, 0.988651333,
2020.782400548, 0.989249762,
2020.802832220, 0.990564482,
2020.823263791, 0.989620498,
2020.843695562, 0.989170914,
2020.864127233, 0.989814450,
2020.884558904, 0.989270199,
2020.904990575, 0.989322134,
2020.925422246, 0.989567172,
2020.945853916, 0.990339017,
2020.966285587, 0.988138446,
2020.986717258, 0.989609421,
2021.007149028, 0.989800852,
2021.027580599, 0.989262650,
2021.048012269, 0.988563275,
2021.068444040, 0.990298409,
2021.088875610, 0.988913910,
2021.109307280, 0.993040417,
2021.129739050, 0.990056414,
2021.150170620, 0.989478764,
2021.170602390, 0.989753533,
2021.191034060, 0.988945578,
2021.211465630, 0.989380352,
2021.231897400, 0.987880700,
2021.252329070, 0.990488247,
2021.272760640, 0.989271884,
2021.293192409, 0.989736114,
2021.313623979, 0.989742262,
2021.334055648, 0.989667188,
2021.354487418, 0.990252493,
2021.374919087, 0.989045663,
2021.395350757, 0.989424638,
2021.415782426, 0.988243440,
2021.436214095, 0.988752140,
2021.456645764, 0.990679181,
2021.477077433, 0.989180316,
2021.517940871, 0.988915108,
2021.538372440, 0.989896013,
2021.558804109, 0.989032373,
2021.579235878, 0.989748636,
2021.599667447, 0.988703123,
2021.620099215, 0.989776590,
2021.640530884, 0.989977360,
2021.660962453, 0.989521516,
2021.681394221, 0.990951367,
2021.722257458, 0.989177831,
2021.742689226, 0.989668797,
2021.763120894, 0.989332808,
2021.783552463, 0.988195116,
2021.803984231, 0.989604341,
2021.824415899, 0.988524307,
2021.844847567, 0.990515908,
2021.865279235, 0.989051549,
2021.885710903, 0.988917614,
2021.906142571, 0.989197712,
2021.926574238, 0.989663874,
2021.947005906, 0.988727581,
2021.967437574, 0.988411124,
2021.987869241, 0.988966398,
2022.008300909, 0.989661866,
2022.028732677, 0.990085417,
2022.049164244, 0.988600727,
2022.069595911, 0.988980130,
2022.090027679, 0.987379239,
2022.110459246, 0.988425946,
2022.130891013, 0.988383891,
2022.151322680, 0.988725371,
2022.171754248, 0.990256667,
2022.192186015, 0.988001127,
2022.212617682, 0.988943784,
2022.233049249, 0.988952826,
2022.253481016, 0.989025240,
2022.273912682, 0.989078266,
2022.294344249, 0.988729215,
2022.314776016, 0.987887851,
2022.335207683, 0.988569829,
2022.355639449, 0.988453426,
2022.396502682, 0.989270848,
2022.416934449, 0.987163154,
2022.478229448, 0.990181954,
2022.498661115, 0.987309390,
2022.519092681, 0.988888913,
2022.539524447, 0.988362535,
2022.559956113, 0.988848540,
2022.580387679, 0.987238427,
2022.600819445, 0.989272860,
2022.621251111, 0.987741461,
2022.641682777, 0.989256164,
2022.662114443, 0.988087894,
2022.682546009, 0.988671332,
2022.702977775, 0.987342220,
2022.723409440, 0.987429428,
2022.743841006, 0.988827534,
2022.764272772, 0.988239775,
2022.784704437, 0.987978116,
2022.805136003, 0.988425049,
2022.825567768, 0.988492152,
2022.845999434, 0.988183757,
2022.866431199, 0.988200766,
2022.886862765, 0.987869495,
2022.907294430, 0.986769415,
2022.927726195, 0.988139286,
2022.968589425, 0.988060407,
2022.989021191, 0.987026950,
2023.009452856, 0.987038339,
2023.029884421, 0.987739581,
2023.050316186, 0.988798728,
2023.070747851, 0.988594177,
2023.091179516, 0.987987064,
2023.111611180, 0.986705743,
2023.132042845, 0.987574282,
2023.152474610, 0.987446232,
2023.193337839, 0.987410764,
2023.213769604, 0.988869209,
2023.234201169, 0.988324172,
2023.254632833, 0.987891639,
2023.275064598, 0.987421344,
2023.295496162, 0.989041262,
2023.315927827, 0.988178002,
2023.336359591, 0.987345358,
2023.356791155, 0.987297397,
2023.377222920, 0.987487140,
2023.397654484, 0.988795672,
2023.438517912, 0.988289820,
2023.458949476, 0.987894953,
2023.479381140, 0.988899794,
2023.499812904, 0.989337862,
2023.520244569, 0.989587426,
2023.540676133, 0.988891101,
2023.561107897, 0.988106704,
2023.581539561, 0.988931137,
2023.601971224, 0.988750230,
2023.622402888, 0.988031048,
2023.642834552, 0.987254376,
2023.724561307, 0.987759217,
2023.744992870, 0.987383242,
2023.765424534, 0.988869448,
2023.785856297, 0.987476117,
2023.806287861, 0.987855164,
2023.826719624, 0.987806326,
2023.847151287, 0.986368127,
2023.867582851, 0.986475733,
2023.888014614, 0.987118685,
2023.908446277, 0.987304799,
2023.928877841, 0.988043914,
2023.949309604, 0.986691757,
2023.969741267, 0.986819342,
2023.990172930, 0.988181848,
2024.010604593, 0.986333878,
2024.031036256, 0.987795034,
2024.051467919, 0.988538144,
2024.071899582, 0.988092291,
2024.092331245, 0.986918660,
2024.112762908, 0.988110760,
2024.133194571, 0.987579695,
2024.174057897, 0.987308863,
2024.194489559, 0.987055430,
2024.214921222, 0.986531074,
2024.235352985, 0.988159727,
2024.255784547, 0.986567185,
2024.276216310, 0.986476590,
2024.296647973, 0.987788626,
2024.317079535, 0.986457354,
2024.337511298, 0.987575145,
2024.357942960, 0.988048573,
2024.419237948, 0.987084628,
2024.439669510, 0.986621352,
2024.460101272, 0.986174841,
2024.480532935, 0.986948853,
2024.500964697, 0.987700071,
2024.521396259, 0.986511003,
2024.541827922, 0.985802675,
2024.562259684, 0.991930276,
2024.582691246, 0.986700000,
2024.603122908, 0.987232154,
2024.623554670, 0.986769291,
2024.664417894, 0.987202790,
2024.684849656, 0.985992197,
2024.705281318, 0.986005098,
2024.725712980, 0.987325717,
2024.746144642, 0.987233113,
2024.766576204, 0.985151398,
2024.787007966, 0.987571995,
2024.807439628, 0.985096700,
2024.827871190, 0.985845252,
2024.848302951, 0.986464353,
2024.868734613, 0.984370143,
2024.909597937, 0.986348361,
2024.930029598, 0.985932122,
2024.950461360, 0.985604443,
2024.970892922, 0.986745081,
2024.991324583, 0.987088795,
2025.011756345, 0.985216875,
2025.032187907, 0.985088040,
2025.052619568, 0.984378888,
2025.073051330, 0.986661038,
2025.093482891, 0.984022204,
2025.113914553, 0.986206150,
2025.154777975, 0.986032992,
2025.175209637, 0.984198068,
2025.195641298, 0.986926728,
2025.216072959, 0.984827525,
2025.236504621, 0.985378196,
2025.256936282, 0.985628799,
2025.277367943, 0.986292006,
2025.297799705, 0.984725169,
2025.318231266, 0.986821461,
2025.338662927, 0.985411973,
2025.359094688, 0.983860468,
2025.399958011, 0.985734201,
2025.420389572, 0.984082163,
2025.440821233, 0.985896832,
2025.461252994, 0.986455177,
2025.481684555, 0.985406656,
2025.502116216, 0.984838793,
2025.522547977, 0.985996821,
2025.542979538, 0.984591201,
2025.563411199, 0.988516245,
2025.583842960, 0.992126277,
2025.686001265, 0.984951945,
2025.706432925, 0.985014930,
2025.726864586, 0.984633408,
2025.747296247, 0.983736400,
2025.767727908, 0.985521367,
2025.788159569, 0.984716462,
2025.808591229, 0.984928428,
2025.829022890, 0.986386108,
2025.849454651, 0.985729772,
2025.890317872, 0.985442774,
2025.910749633, 0.984562397,
2025.931181293, 0.984881745,
2025.951612854, 0.983128274,
2025.972044615, 0.983868363,
2025.992476275, 0.984082217,
2026.012907836, 0.986070199,
2026.033339596, 0.983612969,
2026.053771257, 0.985492490,
2026.074202918, 0.984899503,
2026.094634578, 0.984612089,
2026.155929560, 0.984645724,
2026.176361120, 0.985061998,
2026.196792881, 0.983997458,
2026.217224541, 0.983451954,
2026.237656201, 0.986044290,
2026.258087862, 0.985048284,
2026.278519522, 0.984355532,
2026.298951283, 0.984456309,
2026.319382843, 0.983939149,
2026.339814503, 0.984412987,
2026.401109485, 0.984884477,
2026.421541245, 0.982956309,
2026.441972905, 0.984911090,
2026.462404466, 0.984258402,
2026.482836226, 0.984579289,
2026.503267886, 0.985291008,
2026.523699646, 0.985955211,
2026.544131207, 0.984112522,
2026.564562867, 0.982405388,
2026.584994627, 0.982970975,
2026.605426187, 0.984499841,
2026.625857848, 0.983525317,
2026.646289608, 0.983816712,
2026.666721168, 0.984608090,
2026.687152828, 0.984477002,
2026.707584588, 0.985002856,
2026.728016149, 0.983215652,
2026.748447909, 0.985537885,
2026.768879569, 0.983693025,
2026.789311129, 0.984289672,
2026.809742889, 0.983302353,
2026.871037870, 0.984580442,
2026.891469430, 0.983196982,
2026.911901090, 0.984171381,
2026.932332850, 0.984584124,
2026.952764510, 0.982396261,
2026.973196170, 0.983118786,
2026.993627830, 0.983395748,
2027.014059490, 0.984324440,
2027.034491250, 0.976718823,
2027.054922811, 0.983901201,
2027.075354471, 0.984547821,
2027.116217791, 0.983760378,
2027.136649451, 0.983733403,
2027.157081211, 0.983077969,
2027.177512771, 0.982751531,
2027.197944531, 0.984685055,
2027.218376191, 0.983030753,
2027.238807751, 0.982782479,
2027.259239511, 0.984596128,
2027.279671171, 0.983780154,
2027.300102731, 0.982367706,
2027.320534491, 0.985875596,
2027.381829471, 0.984627355,
2027.402261131, 0.984165976,
2027.422692891, 0.983630115,
2027.443124452, 0.983583466,
2027.463556112, 0.982744629,
2027.483987772, 0.982904694,
2027.504419532, 0.985561195,
2027.524851092, 0.983918870,
2027.545282852, 0.984239840,
2027.627009392, 0.982382350,
2027.647441152, 0.982616856,
2027.667872812, 0.984093345,
2027.688304372, 0.982557626,
2027.708736132, 0.982781345,
2027.729167792, 0.983500123,
2027.749599352, 0.982825907,
2027.770031112, 0.983850822,
2027.790462772, 0.983491523,
2027.810894532, 0.983761443,
2027.872189512, 0.982719510,
2027.892621072, 0.982303533,
2027.913052733, 0.982288787,
2027.933484493, 0.982706286,
2027.953916053, 0.979546687,
2027.974347713, 0.983690207,
2027.994779473, 0.982872456,
2028.015211133, 0.982273778,
2028.035642793, 0.982883482,
2028.056074453, 0.981691816,
2028.076506113, 0.982217028,
2028.096937773, 0.981438979,
2028.178664414, 0.982276911,
2028.199096074, 0.982076755,
2028.219527734, 0.982935595,
2028.239959394, 0.980638924,
2028.260391154, 0.982021176,
2028.280822715, 0.981883501,
2028.301254375, 0.982155091,
2028.342117695, 0.982201362,
2028.362549355, 0.982281556,
2028.382981116, 0.981493159,
2028.403412676, 0.981825243,
2028.423844436, 0.982006965,
2028.444276096, 0.982472125,
2028.464707656, 0.981999615,
2028.485139417, 0.981267397,
2028.505571077, 0.979632929,
2028.526002637, 0.979516249,
2028.546434398, 0.980246563,
2028.607729379, 0.981000751,
2028.628161039, 0.980719223,
2028.648592799, 0.981520324,
2028.669024360, 0.981709699,
2028.689456020, 0.979952959,
2028.709887780, 0.982116326,
2028.750751001, 0.981301952,
2028.771182762, 0.979652273,
2028.791614422, 0.981920248,
2028.852909403, 0.979681803,
2028.873341064, 0.980509269,
2028.893772724, 0.980827098,
2028.914204285, 0.981363899,
2028.934636045, 0.980350999,
2028.955067706, 0.980858377,
2028.975499266, 0.980341331,
2028.995931027, 0.980348766,
2029.016362688, 0.980022179,
2029.036794248, 0.979569986,
2029.057226009, 0.979547600,
2029.077657669, 0.981203336,
2029.098089430, 0.981571211,
2029.118520991, 0.980725053,
2029.138952651, 0.978417248,
2029.159384412, 0.980908859,
2029.179815973, 0.980211702,
2029.200247634, 0.977934725,
2029.220679394, 0.979751138,
2029.241111055, 0.982042208,
2029.261542716, 0.979149350,
2029.281974377, 0.979659724,
2029.343269359, 0.980140609,
2029.363701020, 0.980649313,
2029.384132781, 0.979253090,
2029.404564342, 0.980930943,
2029.424996003, 0.978911367,
2029.445427764, 0.977965412,
2029.465859325, 0.980459807,
2029.486291086, 0.978439060,
2029.506722747, 0.981305232,
2029.527154308, 0.978564904,
2029.588449291, 0.980522791,
2029.608881052, 0.980177994,
2029.629312613, 0.978880125,
2029.649744274, 0.981557825,
2029.670176035, 0.979222879,
2029.690607597, 0.979769900,
2029.711039358, 0.980480642,
2029.731471019, 0.979979365,
2029.751902680, 0.979594805,
2029.833629326, 0.979044864,
2029.854060987, 0.980019108,
2029.874492748, 0.978631143,
2029.894924410, 0.979709124,
2029.915355971, 0.979403591,
2029.935787733, 0.978147715,
2029.956219394, 0.980164608,
2029.976650956, 0.978944338,
2029.997082717, 0.978800012,
2030.017514379, 0.976989987,
2030.058377702, 0.978096456,
2030.078809364, 0.979541450,
2030.099241126, 0.977820225,
2030.119672687, 0.978391286,
2030.140104349, 0.977223133,
2030.160536111, 0.978466401,
2030.180967673, 0.978059662,
2030.201399334, 0.978947068,
2030.221830996, 0.978179856,
2030.242262658, 0.980001509,
2030.262694320, 0.977405077,
2030.283125982, 0.979396787,
2030.303557644, 0.979946893,
2030.323989406, 0.978946040,
2030.344420968, 0.979145944,
2030.364852630, 0.978529386,
2030.385284392, 0.978796121,
2030.405716054, 0.978456747,
2030.426147616, 0.978029591,
2030.446579378, 0.979997926,
2030.487442703, 0.977410670,
2030.507874365, 0.978034950,
2030.548737689, 0.978079285,
2030.569169352, 0.978471059,
2030.589601014, 0.978194815,
2030.610032777, 0.977253375,
2030.630464339, 0.979353865,
2030.650896001, 0.978134304,
2030.671327764, 0.978232581,
2030.691759326, 0.978283913,
2030.712191089, 0.978219553,
2030.732622752, 0.976738097,
2030.753054314, 0.977972871,
2030.793917740, 0.977662327,
2030.814349302, 0.977839325,
2030.834781065, 0.978307789,
2030.855212728, 0.977751854,
2030.875644391, 0.978174127,
2030.896076054, 0.977014465,
2030.916507716, 0.978059474,
2030.936939379, 0.977957232,
2030.957371042, 0.974656074,
2030.977802705, 0.978480528,
2030.998234368, 0.977300549,
2031.059529458, 0.976625836,
2031.079961021, 0.978012764,
2031.100392784, 0.976399640,
2031.120824447, 0.977409978,
2031.141256011, 0.977898107,
2031.161687774, 0.976957077,
2031.182119437, 0.977314050,
2031.202551001, 0.979140739,
2031.222982764, 0.976553431,
2031.243414427, 0.976014328,
2031.284277755, 0.977320165,
2031.304709418, 0.975410085,
2031.325141182, 0.977024712,
2031.345572745, 0.976034743,
2031.366004409, 0.977543864,
2031.386436173, 0.976881097,
2031.406867737, 0.977405521,
2031.427299400, 0.976791717,
2031.447731164, 0.977149906,
2031.468162728, 0.976790500,
2031.488594492, 0.976835770,
2031.549889484, 0.977397419,
2031.570321148, 0.975587004,
2031.590752712, 0.975579187,
2031.611184477, 0.976278641,
2031.631616141, 0.977487516,
2031.652047705, 0.976142768,
2031.672479469, 0.976557215,
2031.692911134, 0.975314402,
2031.713342798, 0.977993904,
2031.733774463, 0.975972218,
2031.795069456, 0.977765657,
2031.815501121, 0.975398303,
2031.835932885, 0.976921616,
2031.856364450, 0.975692950,
2031.876796215, 0.977380176,
2031.897227880, 0.976281971,
2031.917659444, 0.977294220,
2031.938091209, 0.975774831,
2031.958522874, 0.978125102,
2031.978954439, 0.976563964,
2032.019817869, 0.976838835,
2032.040249534, 0.975992596,
2032.060681199, 0.976446124,
2032.081112865, 0.976304651,
2032.101544630, 0.976085395,
2032.121976195, 0.976931216,
2032.142407860, 0.976095373,
2032.162839626, 0.976608835,
2032.183271191, 0.976677295,
2032.203702857, 0.976647499,
2032.224134622, 0.976807030,
2032.285429619, 0.975621432,
2032.305861185, 0.975828741,
2032.326292950, 0.974444145,
2032.346724616, 0.975917890,
2032.367156182, 0.976043501,
2032.387587948, 0.976189849,
2032.408019614, 0.974707093,
2032.428451180, 0.977051311,
2032.448882946, 0.975627781,
2032.469314612, 0.975794725,
2032.489746378, 0.975403777,
2032.510177944, 0.975850140,
2032.530609611, 0.975147639,
2032.551041377, 0.976657846,
2032.571472943, 0.975496070,
2032.591904610, 0.974986117,
2032.612336376, 0.975684334,
2032.653199709, 0.975462075,
2032.673631376, 0.976026244,
2032.694062943, 0.974460489,
2032.714494709, 0.974725335,
2032.755358043, 0.975402638,
2032.775789710, 0.976584497,
2032.796221377, 0.975761549,
2032.816653044, 0.974672443,
2032.837084711, 0.975754034,
2032.857516378, 0.976050099,
2032.877948045, 0.974869539,
2032.898379812, 0.974188957,
2032.918811379, 0.976130346,
2032.939243147, 0.974350049,
2032.959674714, 0.975253627,
2033.000538149, 0.975362301,
2033.041401484, 0.974717968,
2033.061833152, 0.974056658,
2033.082264719, 0.975775753,
2033.102696487, 0.973511826,
2033.123128155, 0.974926806,
2033.143559723, 0.975820701,
2033.163991491, 0.973822658,
2033.184423159, 0.973152827,
2033.204854727, 0.974865835,
2033.245718163, 0.976603162,
2033.266149931, 0.976450235,
2033.286581500, 0.975623430,
2033.307013168, 0.975497046,
2033.327444936, 0.973974248,
2033.347876505, 0.974773988,
2033.368308173, 0.975172824,
2033.388739942, 0.976094541,
2033.409171610, 0.974490833,
2033.429603279, 0.974913531,
2033.450034948, 0.974301790,
2033.511329954, 0.975294807,
2033.531761623, 0.975398640,
2033.552193393, 0.974887350,
2033.572624962, 0.975458557,
2033.593056731, 0.974745817,
2033.613488300, 0.974608577,
2033.633919969, 0.973752870,
2033.654351739, 0.975652321,
2033.674783308, 0.973430644,
2033.695214978, 0.974899078,
2033.736078317, 0.974229659,
2033.756509986, 0.974352336,
2033.776941756, 0.974197092,
2033.797373326, 0.975878821,
2033.817805096, 0.974961614,
2033.838236766, 0.974168317,
2033.858668336, 0.974356464,
2033.879100106, 0.975395190,
2033.899531776, 0.973730727,
2033.919963446, 0.972902759,
2033.940395116, 0.972727059,
2033.981258557, 0.975614518,
2034.001690127, 0.976070182,
2034.022121798, 0.974151477,
2034.042553568, 0.974165507,
2034.062985239, 0.973391762,
2034.083416810, 0.974669340,
2034.103848581, 0.975112116,
2034.124280251, 0.972831936,
2034.144711822, 0.973967528,
2034.165143593, 0.973962327,
2034.185575264, 0.974667934,
2034.246870278, 0.975930273,
2034.267301949, 0.974991812,
2034.287733621, 0.974253308,
2034.308165292, 0.974970417,
2034.328596964, 0.975635240,
2034.349028635, 0.974429433,
2034.369460407, 0.973740698,
2034.389891979, 0.975458559,
2034.410323650, 0.973012211,
2034.430755422, 0.974957207,
2034.471618666, 0.975083527,
2034.492050438, 0.974429079,
2034.512482010, 0.974876404,
2034.532913683, 0.976233356,
2034.553345455, 0.974413102,
2034.573777027, 0.973970702,
2034.594208800, 0.975176089,
2034.614640472, 0.975111511,
2034.635072145, 0.972133949,
2034.655503817, 0.973637975,
2034.675935490, 0.974466646,
2034.737230509, 0.974514729,
2034.757662282, 0.974087043,
2034.778093955, 0.974332390,
2034.798525528, 0.974313553,
2034.818957301, 0.974658924,
2034.839388974, 0.973193255,
2034.859820548, 0.974190291,
2034.880252321, 0.974467438,
2034.900683995, 0.974839782,
2034.921115568, 0.973941814,
2034.982410690, 0.974432392,
2035.002842364, 0.974611614,
2035.023273938, 0.975333968,
2035.043705712, 0.974495637,
2035.064137386, 0.973351230,
2035.084568960, 0.974962978,
2035.105000734, 0.973009336,
2035.125432409, 0.974339657,
2035.145864183, 0.974189323,
2035.166295758, 0.974360061,
2035.207159207, 0.973966644,
2035.227590782, 0.974443568,
2035.248022456, 0.975264697,
2035.268454231, 0.973908417,
2035.288885906, 0.974147104,
2035.309317581, 0.974058628,
2035.329749256, 0.975410475,
2035.350180932, 0.975514414,
2035.370612607, 0.973856473,
2035.391044282, 0.973339602,
2035.411475958, 0.973624459,
2035.472770985, 0.973420528,
2035.493202760, 0.973425994,
2035.513634336, 0.974693904,
2035.534066112, 0.974490669,
2035.554497788, 0.973222259,
2035.574929364, 0.973565223,
2035.595361141, 0.972447357,
2035.615792817, 0.973771856,
2035.636224393, 0.973954036,
2035.656656170, 0.972883023,
2035.717951199, 0.974452741,
2035.738382776, 0.972991293,
2035.758814553, 0.972949669,
2035.779246230, 0.972772933,
2035.799677907, 0.974985764,
2035.820109584, 0.973058609,
2035.840541261, 0.974463470,
2035.860973038, 0.970677386,
2035.881404616, 0.974659189,
2035.901836293, 0.973252190,
2035.963131326, 0.974908411,
2035.983563104, 0.973306679,
2036.003994782, 0.973372338,
2036.024426360, 0.974567004,
2036.044858138, 0.973126319,
2036.065289816, 0.973677159,
2036.085721594, 0.974788353,
2036.106153172, 0.973885827,
2036.126584851, 0.973438408,
2036.147016629, 0.972591009,
2036.187879886, 0.974352043,
2036.208311665, 0.973844083,
2036.228743244, 0.974134181,
2036.249175023, 0.972714108,
2036.269606602, 0.974428382,
2036.290038281, 0.974064770,
2036.310470060, 0.973588233,
2036.330901739, 0.973295248,
2036.351333319, 0.972530209,
2036.371765098, 0.975254835,
2036.392196678, 0.972712536,
2036.453491717, 0.974736429,
2036.473923497, 0.974173763,
2036.494355177, 0.973533959,
2036.514786857, 0.973302938,
2036.535218537, 0.973186956,
2036.555650217, 0.973173648,
2036.576081897, 0.973604186,
2036.596513678, 0.973159058,
2036.616945258, 0.973421162,
2036.637377039, 0.972787864,
2036.698672081, 0.975120780,
2036.719103762, 0.973915893,
2036.739535343, 0.972839369,
2036.759967125, 0.972834258,
2036.780398806, 0.974561682,
2036.800830587, 0.975377069,
2036.821262169, 0.972661132,
2036.841693850, 0.974281394,
2036.862125632, 0.974547421,
2036.882557214, 0.973533081,
2036.943852259, 0.973209255,
2036.964283941, 0.974775246,
2036.984715724, 0.973114088,
2037.005147306, 0.974852438,
2037.025579088, 0.973749931,
2037.046010671, 0.976431907,
2037.066442353, 0.974698487,
2037.086874136, 0.973039362,
2037.107305819, 0.974377617,
2037.127737402, 0.973992903,
2037.189032551, 0.973938596,
2037.209464234, 0.973967359,
2037.229895918, 0.972700362,
2037.250327601, 0.973800798,
2037.270759285, 0.974677879,
2037.291190968, 0.972553046,
2037.311622752, 0.973569301,
2037.332054336, 0.973891061,
2037.352486120, 0.973764023,
2037.372917804, 0.974460967,
2037.434212857, 0.974016807,
2037.454644441, 0.973449200,
2037.475076226, 0.974962688,
2037.515939495, 0.973077649,
2037.536371280, 0.972845739,
2037.556802965, 0.975837966,
2037.577234750, 0.974586409,
2037.597666335, 0.974112572,
2037.618098021, 0.973699248,
2037.679393077, 0.973166920,
2037.699824763, 0.974459691,
2037.720256449, 0.984532253,
2037.740688234, 0.972937251,
2037.781551507, 0.973333929,
2037.801983293, 0.974595456,
2037.822414979, 0.973398360,
2037.842846565, 0.973346204,
2037.863278352, 0.973156829,
2037.904141725, 0.973619953,
2037.924573412, 0.972840004,
2037.945005099, 0.973615698,
2037.965436886, 0.973162998,
2037.985868473, 0.972864631,
2038.006300161, 0.972748734,
2038.026731948, 0.973937542,
2038.047163535, 0.972597297,
2038.067595223, 0.974106460,
2038.088027011, 0.974141767,
2038.108458598, 0.971972467,
2038.169753662, 0.973628766,
2038.190185451, 0.975238993,
2038.210617139, 0.974000444,
2038.231048727, 0.973522816,
2038.251480516, 0.972766567,
2038.271912204, 0.973016425,
2038.292343893, 0.973749853,
2038.312775582, 0.973649882,
2038.333207271, 0.973534862,
2038.353638960, 0.972714522,
2038.374070649, 0.974236740,
2038.394502339, 0.972128124,
2038.414934028, 0.974296116,
2038.435365718, 0.974268402,
2038.455797507, 0.973331191,
2038.476229197, 0.973800134,
2038.496660787, 0.973753652,
2038.517092577, 0.971995021,
2038.557955857, 0.972833578,
2038.578387647, 0.973033550,
2038.598819338, 0.972661030,
2038.660114410, 0.974124980,
2038.680546200, 0.973600162,
2038.700977791, 0.972607220,
2038.721409482, 0.972522842,
2038.741841274, 0.973558256,
2038.762272865, 0.973735487,
2038.782704556, 0.973846224,
2038.803136348, 0.970298869,
2038.823567940, 0.974488171,
2038.843999731, 0.973625226,
2038.884863015, 0.974829325,
2038.905294807, 0.972899192,
2038.925726500, 0.973862006,
2038.946158192, 0.972378208,
2038.966589884, 0.972795103,
2038.987021577, 0.973848594,
2039.007453270, 0.971922375,
2039.027884962, 0.973526482,
2039.048316655, 0.973283796,
2039.068748348, 0.972646449,
2039.089180041, 0.973196703,
2039.130043528, 0.972727956,
2039.150475122, 0.973249656,
2039.170906815, 0.974343027,
2039.191338609, 0.972231582,
2039.211770203, 0.972091026,
2039.232201997, 0.973160742,
2039.252633691, 0.972509651,
2039.273065285, 0.973649970,
2039.293497079, 0.972673258,
2039.313928774, 0.975927783,
2039.334360368, 0.979511527,
2039.416087248, 0.974339191,
2039.436518943, 0.972226423,
2039.456950738, 0.973093688,
2039.477382334, 0.972507320,
2039.497814029, 0.974058073,
2039.518245825, 0.972100752,
2039.538677421, 0.973346953,
2039.579540912, 0.974354183,
2039.599972609, 0.973847957,
2039.620404305, 0.972886038,
2039.640836001, 0.973537145,
2039.661267598, 0.972898307,
2039.681699394, 0.974537968,
2039.702131091, 0.972544925,
2039.722562688, 0.969489621,
2039.742994485, 0.972415115,
2039.763426182, 0.973948581,
2039.783857979, 0.973588135,
2039.804289577, 0.973877263,
2039.824721274, 0.973788219,
2039.886016367, 0.973538875,
2039.906448165, 0.974144628,
2039.926879763, 0.972937877,
2039.947311462, 0.973221153,
2039.967743260, 0.973270551,
2039.988174858, 0.972845157,
2040.008606657, 0.972499043,
2040.029038356, 0.973705943,
2040.049469955, 0.975952345,
2040.069901754, 0.974109572,
2040.110765052, 0.974207639,
2040.131196851, 0.974087292,
2040.151628551, 0.973764523,
2040.172060350, 0.973821284,
2040.192491950, 0.973877831,
2040.212923650, 0.973026076,
2040.233355450, 0.972110650,
2040.253787150, 0.973669387,
2040.274218750, 0.972332567,
2040.294650551, 0.973100324,
2040.315082251, 0.972792032,
2040.376377354, 0.973300074,
2040.396809055, 0.973263874,
2040.417240756, 0.973436840,
2040.437672357, 0.973770511,
2040.458104159, 0.973643507,
2040.478535860, 0.972879369,
2040.498967462, 0.973950122,
2040.539830966, 0.973616736,
2040.560262768, 0.973357083,
2040.601126072, 0.972474405,
2040.621557875, 0.973074997,
2040.641989477, 0.972183829,
2040.662421180, 0.973083183,
2040.682852983, 0.974722224,
2040.703284586, 0.971737705,
2040.723716389, 0.973585002,
2040.744148092, 0.974229979,
2040.764579796, 0.970911695,
2040.785011499, 0.973770010,
2040.846306611, 0.973604150,
2040.866738315, 0.970038272,
2040.887170119, 0.973658222,
2040.907601723, 0.972387664,
2040.928033428, 0.972265349,
2040.948465232, 0.973845722,
2040.968896937, 0.973349522,
2040.989328542, 0.971906902,
2041.009760347, 0.972248682,
2041.030191952, 0.973700822,
2041.050623657, 0.973243936,
2041.091487068, 0.971426968,
2041.111918874, 0.974266593,
2041.132350580, 0.973664879,
2041.152782186, 0.972034797,
2041.173213992, 0.972697247,
2041.193645698, 0.972283045,
2041.214077305, 0.972252261,
2041.234509111, 0.973250000,
2041.254940818, 0.972061907,
2041.275372625, 0.971157905,
2041.377531061, 0.971691450,
2041.397962868, 0.972629122,
2041.418394476, 0.973216863,
2041.438826184, 0.971616901,
2041.459257992, 0.972355311,
2041.479689700, 0.973873685,
2041.500121409, 0.972245542,
2041.520553117, 0.971950243,
2041.540984826, 0.971018217,
2041.561416534, 0.971982211,
2041.581848243, 0.970880351,
2041.602279952, 0.971695950,
2041.622711762, 0.972256204,
2041.643143371, 0.971916679,
2041.663575180, 0.974063643,
2041.684006790, 0.972968070,
2041.704438500, 0.972649070,
2041.745301920, 0.973382524,
2041.765733630, 0.972026842,
2041.786165440, 0.972671803,
2041.827028861, 0.971811115,
2041.847460572, 0.973184806,
2041.867892183, 0.971344081,
2041.888323994, 0.972668075,
2041.908755705, 0.972552923,
2041.929187316, 0.972744688,
2041.949619128, 0.969884175,
2041.970050840, 0.972758340,
2041.990482551, 0.971942612,
2042.010914263, 0.972695911,
2042.031345975, 0.972364581,
2042.092641112, 0.970276745,
2042.113072925, 0.971766706,
2042.133504638, 0.971452775,
2042.153936251, 0.972106112,
2042.174368064, 0.971686934,
2042.194799777, 0.971608184,
2042.215231490, 0.972936562,
2042.235663204, 0.972607949,
2042.256094918, 0.972255282,
2042.276526732, 0.970251293,
2042.337821774, 0.970584766,
2042.378685303, 0.971254623,
2042.399116918, 0.972367155,
2042.419548632, 0.971159328,
2042.439980447, 0.971271542,
2042.460412063, 0.972608877,
2042.480843778, 0.970457170,
2042.501275593, 0.970774781,
2042.521707209, 0.971188585,
2042.542138925, 0.970856198,
2042.562570741, 0.972703954,
2042.583002357, 0.972275060,
2042.603434173, 0.972008596,
2042.623865889, 0.971144309,
2042.644297606, 0.970802074,
2042.664729323, 0.972943033,
2042.685161040, 0.971684452,
2042.705592757, 0.970484611,
2042.726024474, 0.971656528,
2042.746456191, 0.972603215,
2042.766888008, 0.971776100,
2042.828183162, 0.970996520,
2042.848614880, 0.972070536,
2042.869046498, 0.973389362,
2042.889478316, 0.969842928,
2042.909910035, 0.971499157,
2042.930341754, 0.970518533,
2042.950773472, 0.971749375,
2042.971205191, 0.970527593,
2042.991636911, 0.970441615,
2043.012068630, 0.970533137,
2043.073363789, 0.971163284,
2043.093795409, 0.969700785,
2043.114227229, 0.971258821,
2043.134658949, 0.970021906,
2043.155090769, 0.970642469,
2043.175522390, 0.970250177,
2043.195954111, 0.970486338,
2043.216385931, 0.970697835,
2043.236817553, 0.969230194,
2043.257249274, 0.969577396,
2043.318544538, 0.970984764,
2043.338976260, 0.970297996,
2043.359407982, 0.970439741,
2043.379839704, 0.969029603,
2043.400271426, 0.970943347,
2043.420703149, 0.969012907,
2043.461566594, 0.971335280,
2043.481998417, 0.969306724,
2043.502430140, 0.969842791,
2043.543293587, 0.969792136,
2043.563725311, 0.968969580,
2043.584156934, 0.970185371,
2043.604588758, 0.970307361,
2043.625020482, 0.968898391,
2043.645452307, 0.967998467,
2043.665883931, 0.970725413,
2043.686315655, 0.970506470,
2043.706747380, 0.967152544,
2043.727179105, 0.968725514,
2043.747610730, 0.971038878,
2043.788474281, 0.968205196,
2043.808905906, 0.969154771,
2043.829337732, 0.968631211,
2043.849769458, 0.969258061,
2043.870201284, 0.968604341,
2043.890632910, 0.969711437,
2043.911064636, 0.969779250,
2043.931496463, 0.969019725,
2043.951928089, 0.969087623,
2043.992791643, 0.969457262,
2044.033655098, 0.970875663,
2044.054086825, 0.968730481,
2044.074518553, 0.969784324,
2044.094950281, 0.969132838,
2044.115382009, 0.969382940,
2044.135813737, 0.969851893,
2044.156245565, 0.970316877,
2044.176677194, 0.969272342,
2044.197109023, 0.967833927,
2044.217540751, 0.968527610,
2044.237972380, 0.970434226,
2044.299267568, 0.969633511,
2044.319699398, 0.969315024,
2044.340131128, 0.969050454,
2044.360562758, 0.968094157,
2044.380994588, 0.969549566,
2044.401426219, 0.970244712,
2044.421858049, 0.968862928,
2044.442289780, 0.969002907,
2044.462721411, 0.970461418,
2044.483153242, 0.968455794,
2044.544448436, 0.969868275,
2044.585311999, 0.969887021,
2044.605743632, 0.970205016,
2044.626175364, 0.968861064,
2044.646607196, 0.967735598,
2044.667038929, 0.968370161,
2044.687470561, 0.969547562,
2044.707902394, 0.969711189,
2044.728334127, 0.968590927,
2044.748765861, 0.967878237,
2044.769197594, 0.970179049,
2044.789629328, 0.968950293,
2044.830492796, 0.968099781,
2044.850924530, 0.967248258,
2044.871356364, 0.969003399,
2044.891787998, 0.968948321,
2044.912219733, 0.964917419,
2044.932651568, 0.969578626,
2044.953083203, 0.969792876,
2044.973515038, 0.969790215,
2045.034810245, 0.967938272,
2045.055241981, 0.969223849,
2045.075673617, 0.970135946,
2045.096105453, 0.970639174,
2045.116537089, 0.968502156,
2045.136968926, 0.968460465,
2045.157400663, 0.968437948,
2045.177832300, 0.968771605,
2045.198264137, 0.968983337,
2045.218695874, 0.967071288,
2045.279991087, 0.967393289,
2045.300422925, 0.964918683,
2045.320854663, 0.969095827,
2045.341286302, 0.968655308,
2045.361718140, 0.969074833,
2045.382149879, 0.969675979,
2045.402581518, 0.969564251,
2045.423013357, 0.970670335,
2045.443445096, 0.968501297,
2045.463876735, 0.968534933,
2045.525172155, 0.970227753,
2045.545603795, 0.969883831,
2045.566035535, 0.969722493,
2045.586467376, 0.969969616,
2045.606899017, 0.969183728,
2045.627330757, 0.969220336,
2045.647762599, 0.968315173,
2045.668194240, 0.969479278,
2045.688626081, 0.968056937,
2045.709057823, 0.967787325,
2045.729489465, 0.968129421,
2045.749921307, 0.969209313,
2045.770352949, 0.968022758,
2045.790784691, 0.969512982,
2045.811216534, 0.968347270,
2045.831648276, 0.968236602,
2045.852080019, 0.969060180,
2045.872511762, 0.968414943,
2045.892943505, 0.970518833,
2045.913375249, 0.967742613,
2045.933806993, 0.968695504,
2045.954238736, 0.967249053,
2046.015534069, 0.968267119,
2046.035965814, 0.968660722,
2046.056397458, 0.969186493,
2046.076829303, 0.969389773,
2046.097261048, 0.969065207,
2046.117692694, 0.970812153,
2046.138124539, 0.968890511,
2046.158556285, 0.970165623,
2046.178987931, 0.967473911,
2046.199419777, 0.969638303,
2046.260715016, 0.968744896,
2046.281146763, 0.969477732,
2046.322010257, 0.969598880,
2046.342442004, 0.968976143,
2046.362873752, 0.968708807,
2046.383305499, 0.968020612,
2046.403737347, 0.968706007,
2046.424168995, 0.969802280,
2046.444600744, 0.968767212,
2046.485464241, 0.968863341,
2046.505895990, 0.968245026,
2046.526327839, 0.969534902,
2046.546759588, 0.969593595,
2046.567191338, 0.968956129,
2046.587623087, 0.968724084,
2046.608054837, 0.967707294,
2046.628486587, 0.967968538,
2046.648918337, 0.969939499,
2046.669350088, 0.968762460,
2046.689781938, 0.968909975,
2046.730645340, 0.968211097,
2046.751077191, 0.969957093,
2046.771508842, 0.969038279,
2046.791940694, 0.969017497,
2046.812372446, 0.970766453,
2046.832804098, 0.968727483,
2046.853235950, 0.967803428,
2046.873667702, 0.967989417,
2046.894099355, 0.969529939,
2046.914531207, 0.970047803,
2046.934962960, 0.968897823,
2046.996258220, 0.969334639,
2047.016689974, 0.969967024,
2047.037121728, 0.967772075,
2047.057553482, 0.969333002,
2047.077985236, 0.969312198,
2047.098416991, 0.970507434,
2047.118848845, 0.971529979,
2047.139280500, 0.968646933,
2047.159712255, 0.969923555,
2047.180144110, 0.968949893,
2047.241439377, 0.970356015,
2047.261871133, 0.969415158,
2047.282302790, 0.970326270,
2047.302734646, 0.970188326,
2047.323166403, 0.970825206,
2047.343598260, 0.970442765,
2047.364029917, 0.969182162,
2047.384461674, 0.971286265,
2047.404893531, 0.969256084,
2047.425325189, 0.967647029,
2047.486620463, 0.970398847,
2047.507052321, 0.968620251,
2047.527484080, 0.971904167,
2047.547915739, 0.970170266,
2047.568347598, 0.968674282,
2047.588779357, 0.971416015,
2047.609211016, 0.971241972,
2047.629642876, 0.970373608,
2047.670506396, 0.969834540,
2047.690938156, 0.970674994,
2047.711369917, 0.970255468,
2047.731801777, 0.969253743,
2047.752233438, 0.970146161,
2047.772665199, 0.970274097,
2047.793096960, 0.969360611,
2047.813528722, 0.969170641,
2047.833960483, 0.970474393,
2047.854392345, 0.969612525,
2047.874824007, 0.969857805,
2047.895255870, 0.968861320,
2047.976982921, 0.970681074,
2047.997414584, 0.970135480,
2048.017846447, 0.970623605,
2048.038278211, 0.971334692,
2048.058710075, 0.970719958,
2048.079141739, 0.969800054,
2048.099573503, 0.970559841,
2048.120005368, 0.970134953,
2048.140437033, 0.970435774,
2048.160868798, 0.969177929,
2048.181300663, 0.970568405,
2048.201732328, 0.970635195,
2048.222164194, 0.969963803,
2048.242595959, 0.971019255,
2048.263027625, 0.969938304,
2048.283459491, 0.969336551,
2048.303891258, 0.970437050,
2048.324323024, 0.970971929,
2048.344754791, 0.970432979,
2048.365186558, 0.971248157,
2048.385618225, 0.969293523,
2048.406050093, 0.970724950,
2048.467345396, 0.970542777,
2048.487777164, 0.969554510,
2048.508209033, 0.969766204,
2048.528640701, 0.970313231,
2048.549072470, 0.969529581,
2048.569504340, 0.969606393,
2048.589936009, 0.970264604,
2048.610367878, 0.972196950,
2048.630799648, 0.969866275,
2048.651231318, 0.969724703,
2048.712526629, 0.970377844,
2048.732958500, 0.970209832,
2048.753390271, 0.969606614,
2048.773822142, 0.970168400,
2048.794253813, 0.971457521,
2048.814685585, 0.971235581,
2048.835117457, 0.981188456,
2048.855549129, 0.969565213,
2048.875980901, 0.970043805,
2048.896412774, 0.970661296,
2048.916844446, 0.971543562,
2048.937276219, 0.969449427,
2048.957708092, 0.970350149,
2048.978139866, 0.970222759,
2048.998571639, 0.968647742,
2049.019003413, 0.969405184,
2049.039435187, 0.970212341,
2049.059866961, 0.969719176,
2049.080298735, 0.970506484,
2049.100730510, 0.970279613,
2049.121162285, 0.972450620,
2049.141594060, 0.972007953,
2049.202889386, 0.970278278,
2049.223321262, 0.970755437,
2049.243752938, 0.970370810,
2049.264184715, 0.970989121,
2049.284616591, 0.969012302,
2049.305048268, 0.971263667,
2049.325480045, 0.970326063,
2049.345911922, 0.971137948,
2049.366343600, 0.971003994,
2049.386775477, 0.970250217,
2049.407207255, 0.970959136,
2049.427638933, 0.970288720,
2049.448070811, 0.971035750,
2049.468502590, 0.970302559,
2049.488934369, 0.972394128,
2049.509366148, 0.971876651,
2049.529797927, 0.970918369,
2049.570661486, 0.970976149,
2049.591093266, 0.969317513,
2049.611525146, 0.971539573,
2049.631956826, 0.971119494,
2049.672820487, 0.971233817,
2049.693252268, 0.971371612,
2049.713684049, 0.971970925,
2049.734115831, 0.970930719,
2049.754547512, 0.971167231,
2049.774979394, 0.971519114,
2049.795411176, 0.970590774,
2049.815842858, 0.970753951,
2049.836274741, 0.972099119,
2049.856706524, 0.970861612,
2049.877138207, 0.969512748,
2049.918001873, 0.972021500,
2049.938433757, 0.970433917,
2049.958865441, 0.971582526,
2049.979297225, 0.970889200,
2049.999729109, 0.971239015,
2050.020160793, 0.970234976,
2050.040592578, 0.971115652,
2050.061024463, 0.970941403,
2050.081456148, 0.973866268,
2050.101888034, 0.970466271,
2050.122319819, 0.970942744,
2050.163183391, 0.970449543,
2050.183615178, 0.970734707,
2050.204046964, 0.972096270,
2050.224478751, 0.969676243,
2050.244910538, 0.970430022,
2050.265342425, 0.971129095,
2050.285774112, 0.971291936,
2050.306205900, 0.971545090,
2050.326637788, 0.972100442,
2050.347069576, 0.970572641,
2050.367501264, 0.970546261,
2050.408364842, 0.971772381,
2050.428796631, 0.971174743,
2050.449228520, 0.972649369,
2050.469660209, 0.973046718,
2050.490092099, 0.972331164,
2050.510523889, 0.970392506,
2050.530955579, 0.971581155,
2050.551387470, 0.971098775,
2050.571819260, 0.969981004,
2050.592250951, 0.971550397,
2050.612682842, 0.973230524,
2050.653546525, 0.969675733,
2050.673978217, 0.972383068,
2050.694410009, 0.970769515,
2050.714841901, 0.972442364,
2050.735273594, 0.971108873,
2050.755705386, 0.971819188,
2050.776137279, 0.972780573,
2050.817000866, 0.971142866,
2050.837432659, 0.971689361,
2050.857864453, 0.971634363,
2050.919159836, 0.973288179,
2050.939591631, 0.972221333,
2050.960023426, 0.972173075,
2050.980455221, 0.970317688,
2051.000887117, 0.972315287,
2051.041750708, 0.971038473,
2051.062182405, 0.969147744,
2051.082614201, 0.970629146,
2051.103046098, 0.974687571,
2051.143909592, 0.971527814,
2051.164341489, 0.970074205,
2051.184773187, 0.970972019,
2051.205205084, 0.971266374,
2051.225636883, 0.971808340,
2051.246068581, 0.972570113,
2051.266500479, 0.972926234,
2051.286932278, 0.972533527,
2051.307363977, 0.970411325,
2051.327795876, 0.972870745,
2051.348227676, 0.971696278,
2051.368659576, 0.972422427,
2051.389091276, 0.971054782,
2051.409523076, 0.971937706,
2051.429954976, 0.970165227,
2051.450386677, 0.971180302,
2051.470818478, 0.971366543,
2051.491250379, 0.971826563,
2051.511682180, 0.972706352,
2051.532113882, 0.970532592,
2051.552545784, 0.970162373,
2051.572977586, 0.970593213,
2051.593409388, 0.970714162,
2051.634272994, 0.970867799,
2051.654704797, 0.970722439,
2051.675136600, 0.972943247,
2051.695568404, 0.972942549,
2051.716000207, 0.971468309,
2051.736432011, 0.970923876,
2051.756863916, 0.971593862,
2051.777295620, 0.970747757,
2051.797727425, 0.971419279,
2051.818159330, 0.971034885,
2051.838591035, 0.970596626,
2051.879454746, 0.972335184,
2051.899886452, 0.971655694,
2051.920318358, 0.972199404,
2051.940750165, 0.971021910,
2051.961181871, 0.971853387,
2051.981613778, 0.971381555,
2052.002045586, 0.971117225,
2052.022477293, 0.972484388,
2052.042909201, 0.971930905,
2052.063341009, 0.972627798,
2052.083772917, 0.972834237,
2052.124636434, 0.973076594,
2052.145068343, 0.972530765,
2052.165500152, 0.972529823,
2052.185931861, 0.972771758,
2052.206363771, 0.972533882,
2052.226795580, 0.972138444,
2052.247227291, 0.969362730,
2052.267659201, 0.971844074,
2052.288091012, 0.970977502,
2052.308522922, 0.973672496,
2052.328954633, 0.971957408,
2052.369818356, 0.971607040,
2052.390250068, 0.971964467,
2052.410681880, 0.972548049,
2052.431113693, 0.971426339,
2052.451545505, 0.972319674,
2052.471977418, 0.972529102,
2052.492409131, 0.973087980,
2052.512840944, 0.971933288,
2052.533272858, 0.973338007,
2052.553704572, 0.972261801,
2052.574136386, 0.974103945,
2052.615000015, 0.971149477,
2052.635431929, 0.972771211,
2052.655863744, 0.971636646,
2052.676295460, 0.971982180,
2052.696727375, 0.971892875,
2052.717159191, 0.971852313,
2052.737591007, 0.973217661,
2052.758022823, 0.970836474,
2052.778454640, 0.973048304,
2052.798886457, 0.970748254,
2052.819318274, 0.973977828,
2052.860182009, 0.971403679,
2052.880613826, 0.972553291,
2052.901045544, 0.977475888,
2052.921477463, 0.971569399,
2052.941909281, 0.972066806,
2052.962341000, 0.972488492,
2052.982772919, 0.971294102,
2053.003204739, 0.971716136,
2053.023636658, 0.971411149,
2053.044068378, 0.971958788,
2053.064500198, 0.972301058,
2053.146227481, 0.972291101,
2053.166659302, 0.972006628,
2053.187091224, 0.971862038,
2053.207522946, 0.971662673,
2053.227954768, 0.972681957,
2053.248386690, 0.973079188,
2053.268818413, 0.971788097,
2053.289250236, 0.971577255,
2053.309682159, 0.972638385,
2053.350545806, 0.972439698,
2053.370977630, 0.972206262,
2053.391409454, 0.971953195,
2053.411841278, 0.970990339,
2053.432273103, 0.969630910,
2053.452704928, 0.972293649,
2053.473136753, 0.973588040,
2053.493568578, 0.972037001,
2053.514000404, 0.970890278,
2053.534432330, 0.972188652,
2053.554864056, 0.971746796,
2053.595727809, 0.971220440,
2053.616159536, 0.974360280,
2053.636591464, 0.971864576,
2053.657023291, 0.973299641,
2053.677455019, 0.969675318,
2053.697886947, 0.972712953,
2053.718318775, 0.973402716,
2053.738750604, 0.974029137,
2053.759182432, 0.973052878,
2053.779614262, 0.972054006,
2053.800046091, 0.972259505,
2053.840909650, 0.974047562,
2053.861341580, 0.972970539,
2053.881773411, 0.971296028,
2053.902205341, 0.972214943,
2053.922637072, 0.972584254,
2053.943068903, 0.973468840,
2053.963500835, 0.972800099,
2053.983932566, 0.973580042,
2054.004364398, 0.971137596,
2054.024796330, 0.971535406,
2054.045228163, 0.972532382,
2054.086091829, 0.972064235,
2054.106523662, 0.972575979,
2054.126955495, 0.972407688,
2054.147387329, 0.971523598,
2054.167819163, 0.972779741,
2054.188251097, 0.973843777,
2054.208682832, 0.971611461,
2054.229114667, 0.973534769,
2054.249546602, 0.971316389,
2054.269978337, 0.970136192,
2054.290410273, 0.973427062,
2054.331273845, 0.973824647,
2054.351705781, 0.972231078,
2054.372137618, 0.972999284,
2054.392569355, 0.972393887,
2054.413001292, 0.973190052,
2054.433433130, 0.972374436,
2054.453864967, 0.975297902,
2054.474296805, 0.974283420,
2054.494728544, 0.972503670,
2054.515160482, 0.972373394,
2054.535592321, 0.972042810,
2054.576456000, 0.973095016,
2054.596887839, 0.971772946,
2054.617319779, 0.972118022,
2054.637751519, 0.972080864,
2054.658183360, 0.972774655,
2054.678615300, 0.973251437,
2054.699047041, 0.972981069,
2054.719478882, 0.973544333,
2054.739910824, 0.973220518,
2054.760342666, 0.971903447,
2054.780774508, 0.973302251,
2054.842070035, 0.974112606,
2054.862501878, 0.972901446,
2054.882933722, 0.973586198,
2054.923797409, 0.968827310,
2054.944229254, 0.973731513,
2054.964661198, 0.973485388,
2054.985092943, 0.974343118,
2055.005524888, 0.973302487,
2055.025956733, 0.972701048,
2055.087252171, 0.973324872,
2055.107684017, 0.971509854,
2055.128115964, 0.971978178,
2055.148547711, 0.971815248,
2055.168979658, 0.972032072,
2055.189411505, 0.972813488,
2055.209843253, 0.970424809,
2055.230275201, 0.970584058,
2055.250707049, 0.971643114,
2055.271138898, 0.974143693,
2055.291570747, 0.973322308,
2055.312002596, 0.971531958,
2055.332434545, 0.973789188,
2055.352866295, 0.971938529,
2055.373298145, 0.972071297,
2055.393730095, 0.971966254,
2055.414161945, 0.971624982,
2055.434593696, 0.971972176,
2055.455025647, 0.970092611,
2055.475457498, 0.971708484,
2055.495889350, 0.971871566,
2055.516321202, 0.972570775,
2055.557185006, 0.973694844,
2055.577616759, 0.971848688,
2055.598048612, 0.972164738,
2055.618480565, 0.972076529,
2055.638912319, 0.971575970,
2055.659344172, 0.973328640,
2055.679776127, 0.973892158,
2055.700207881, 0.971505037,
2055.720639836, 0.971108937,
2055.741071590, 0.969833866,
2055.761503446, 0.972105829,
2055.802367157, 0.971807802,
2055.822799013, 0.971459170,
2055.843230969, 0.971735703,
2055.863662726, 0.971161793,
2055.884094683, 0.971972731,
2055.904526540, 0.972011548,
2055.924958397, 0.972410569,
2055.945390255, 0.973319353,
2055.965822113, 0.972238025,
2055.986253971, 0.974317032,
2056.006685830, 0.972015625,
2056.067981507, 0.971353683,
2056.088413267, 0.971777409,
2056.108845227, 0.972358738,
2056.129277087, 0.971051154,
2056.149708848, 0.970991155,
2056.170140808, 0.970434050,
2056.190572669, 0.971998478,
2056.211004631, 0.971684319,
2056.231436392, 0.970839241,
2056.251868254, 0.971131217,
2056.272300216, 0.971165433,
2056.292731979, 0.971179919,
2056.313163842, 0.971950953,
2056.333595805, 0.971652130,
2056.354027568, 0.972010682,
2056.374459432, 0.971720944,
2056.394891296, 0.973369901,
2056.415323160, 0.972078047,
2056.435755124, 0.973158719,
2056.456186989, 0.973830366,
2056.476618754, 0.969071467,
2056.497050720, 0.973693056,
2056.537914351, 0.972653214,
2056.558346317, 0.974700045,
2056.578778184, 0.971817133,
2056.599210051, 0.971881971,
2056.619641918, 0.970500493,
2056.640073785, 0.970097585,
2056.660505653, 0.971370807,
2056.680937521, 0.971013415,
2056.701369389, 0.971374410,
2056.721801257, 0.972510558,
2056.742233126, 0.972507499,
2056.783096965, 0.969688670,
2056.803528734, 0.970696479,
2056.823960704, 0.973922312,
2056.844392574, 0.972312027,
2056.864824345, 0.971530382,
2056.885256316, 0.972661637,
2056.926120158, 0.971640654,
2056.946551930, 0.971928696,
2056.966983802, 0.972085396,
2057.028279419, 0.971630987,
2057.048711392, 0.971759224,
2057.069143166, 0.970788801,
2057.089575040, 0.972257508,
2057.110006914, 0.972105722,
2057.130438788, 0.971736204,
2057.150870763, 0.971374285,
2057.171302537, 0.976164747,
2057.191734412, 0.970827142,
2057.212166388, 0.971437983,
2057.232598264, 0.971191715,
2057.293893893, 0.971172139,
2057.314325770, 0.972718195,
2057.334757647, 0.970776619,
