BJD - 2454833, Corrected Flux
1977.262459481, 1.037572657,
1977.303323916, 1.035785034,
1977.364620815, 1.032006805,
1977.385053080, 1.032772387,
1977.405485345, 1.032938417,
1977.425917609, 1.033806562,
1977.446349973, 1.032344022,
1977.466782136, 1.032191929,
1977.487214499, 1.033346073,
1977.507646762, 1.033421754,
1977.528078924, 1.032815378,
1977.548511285, 1.033800480,
1977.568943546, 1.033083631,
1977.589375707, 1.032839321,
1977.609808067, 1.033031986,
1977.630240327, 1.030921044,
1977.650672486, 1.031477028,
1977.671104845, 1.033162511,
1977.691537103, 1.031592734,
1977.711969261, 1.031868057,
1977.732401618, 1.035712950,
1977.752833875, 1.030492483,
1977.773266031, 1.032769154,
1977.793698387, 1.032325283,
1977.814130642, 1.033651136,
1977.834562897, 1.030949064,
1977.854995151, 1.033995212,
1977.875427406, 1.032310079,
1977.895859659, 1.033006481,
1977.916291912, 1.032974263,
1977.936724165, 1.034349095,
1977.957156517, 1.033482227,
1977.977588668, 1.031885558,
1977.998020919, 1.032291598,
1978.018453270, 1.033858271,
1978.038885420, 1.032109241,
1978.059317670, 1.033616292,
1978.079750020, 1.033348142,
1978.100182168, 1.032882281,
1978.120614416, 1.032008469,
1978.141046765, 1.031984099,
1978.161478912, 1.033009399,
1978.181911159, 1.032995130,
1978.202343505, 1.032321176,
1978.222775651, 1.034483571,
1978.243207997, 1.033262479,
1978.263640242, 1.033338626,
1978.284072487, 1.031857660,
1978.304504731, 1.032745285,
1978.324936975, 1.033449589,
1978.345369218, 1.032709667,
1978.365801460, 1.034198987,
1978.386233703, 1.032204510,
1978.406665944, 1.033929155,
1978.427098186, 1.032401813,
1978.447530427, 1.032639252,
1978.467962667, 1.033334793,
1978.488394907, 1.032419209,
1978.508827147, 1.030876458,
1978.529259286, 1.031800627,
1978.590556000, 1.032389994,
1978.610988337, 1.033244893,
1978.631420574, 1.033595051,
1978.651852910, 1.032896402,
1978.672285046, 1.033412101,
1978.692717281, 1.029938337,
1978.713149616, 1.033797387,
1978.733581750, 1.032118293,
1978.754013984, 1.032155835,
1978.774446318, 1.032450481,
1978.794878550, 1.039827676,
1978.815310683, 1.033543859,
1978.835743015, 1.033135412,
1978.856175247, 1.033843219,
1978.876607378, 1.032950771,
1978.917471939, 1.031797815,
1978.937904069, 1.033513513,
1978.958336398, 1.030711721,
1978.978768627, 1.032919428,
1978.999200755, 1.033624806,
1979.019633083, 1.031664820,
1979.060497438, 1.032674216,
1979.080929764, 1.033689438,
1979.101361990, 1.032642386,
1979.121794315, 1.032722669,
1979.142226441, 1.034731488,
1979.162658666, 1.032306867,
1979.183090890, 1.033206706,
1979.203523114, 1.034489232,
1979.223955337, 1.033078817,
1979.244387560, 1.032091723,
1979.264819782, 1.031267239,
1979.285252004, 1.031197373,
1979.305684226, 1.032312430,
1979.326116446, 1.034040633,
1979.346548667, 1.032490345,
1979.366980987, 1.033342858,
1979.387413107, 1.033804483,
1979.407845326, 1.032063744,
1979.428277645, 1.032991406,
1979.448709763, 1.032574042,
1979.469141981, 1.031512674,
1979.489574298, 1.033302409,
1979.510006415, 1.031146726,
1979.530438632, 1.032981385,
1979.550870948, 1.033593562,
1979.571303063, 1.033292321,
1979.591735378, 1.034893227,
1979.612167593, 1.033042604,
1979.632599807, 1.032485126,
1979.653032020, 1.032163889,
1979.673464234, 1.032511187,
1979.693896447, 1.032556640,
1979.714328659, 1.032475977,
1979.734760871, 1.032463172,
1979.775625293, 1.032825752,
1979.796057504, 1.031199432,
1979.816489714, 1.032803654,
1979.836922024, 1.033413587,
1979.857354133, 1.033583006,
1979.877786341, 1.031747543,
1979.898218549, 1.031433020,
1979.918650757, 1.032286153,
1979.939082965, 1.033310258,
1979.959515171, 1.032478954,
1979.979947378, 1.032712806,
1980.000379584, 1.033748619,
1980.020811789, 1.032159160,
1980.041243995, 1.033422934,
1980.061676299, 1.030622659,
1980.082108403, 1.033925239,
1980.102540607, 1.032890111,
1980.122972910, 1.034115477,
1980.143405013, 1.033083889,
1980.163837216, 1.031201129,
1980.184269517, 1.034955227,
1980.204701719, 1.031721338,
1980.225133820, 1.033114152,
1980.245566120, 1.032061636,
1980.265998320, 1.033380775,
1980.286430420, 1.033071555,
1980.306862719, 1.032045294,
1980.327294918, 1.032640257,
1980.347727016, 1.031727925,
1980.368159314, 1.032074875,
1980.388591511, 1.031929258,
1980.409023608, 1.032705508,
1980.429455905, 1.031449105,
1980.449888101, 1.031846412,
1980.470320297, 1.031909574,
1980.490752492, 1.031542314,
1980.511184686, 1.031097794,
1980.531616981, 1.032755983,
1980.552049075, 1.033086800,
1980.572481268, 1.031774011,
1980.592913561, 1.033184982,
1980.613345653, 1.031956776,
1980.633777845, 1.032926298,
1980.654210137, 1.031974863,
1980.674642228, 1.033208283,
1980.695074418, 1.032323271,
1980.715506709, 1.031974280,
1980.735938799, 1.033249738,
1980.756370988, 1.033128211,
1980.776803277, 1.032748363,
1980.797235365, 1.031501051,
1980.817667553, 1.032379491,
1980.838099841, 1.031715770,
1980.858531928, 1.031469779,
1980.878964115, 1.031963418,
1980.899396401, 1.034128737,
1980.940260672, 1.030899492,
1980.960692957, 1.032138286,
1980.981125041, 1.032810128,
1981.042421692, 1.031720193,
1981.062853874, 1.033074621,
1981.083286057, 1.032588021,
1981.103718238, 1.032097469,
1981.124150419, 1.033728784,
1981.144582601, 1.032241223,
1981.165014781, 1.034051578,
1981.185447061, 1.030253210,
1981.205879140, 1.031780883,
1981.226311320, 1.032634334,
1981.246743598, 1.031771970,
1981.267175677, 1.033165219,
1981.287607854, 1.032222643,
1981.308040131, 1.031075436,
1981.328472208, 1.032197674,
1981.348904385, 1.032771451,
1981.369336661, 1.034359138,
1981.389768736, 1.032612704,
1981.410200912, 1.030308949,
1981.430633086, 1.029787201,
1981.451065260, 1.030176067,
1981.471497534, 1.032580191,
1981.594090568, 1.032819539,
1981.614522739, 1.031853263,
1981.634954809, 1.032052199,
1981.655387079, 1.034182734,
1981.675819248, 1.032447029,
1981.696251317, 1.032826962,
1981.716683586, 1.029684210,
1981.737115754, 1.032700763,
1981.757547821, 1.031915394,
1981.777980088, 1.030515252,
1981.798412256, 1.031934849,
1981.818844322, 1.032300988,
1981.839276588, 1.032590988,
1981.859708753, 1.031774675,
1981.880140918, 1.033339840,
1981.900573082, 1.030710224,
1981.921005247, 1.032305954,
1981.941437510, 1.033188554,
1981.961869574, 1.031075575,
1981.982301737, 1.032801770,
1982.002733999, 1.031328423,
1982.023166161, 1.031825647,
1982.043598222, 1.031775314,
1982.064030483, 1.031517188,
1982.084462644, 1.034290575,
1982.104894704, 1.030345587,
1982.125326964, 1.033655718,
1982.145759023, 1.031489480,
1982.166191182, 1.032402143,
1982.186623441, 1.032473600,
1982.207055499, 1.032295911,
1982.247919913, 1.032329233,
1982.268351970, 1.031274021,
1982.288784127, 1.031902326,
1982.309216382, 1.031331093,
1982.329648438, 1.031742923,
1982.350080593, 1.031710273,
1982.370512847, 1.031797938,
1982.390945002, 1.032356658,
1982.411377155, 1.031372548,
1982.431809308, 1.032086019,
1982.452241462, 1.030863930,
1982.472673614, 1.030531553,
1982.493105766, 1.031361365,
1982.513537917, 1.032260322,
1982.533970168, 1.033499026,
1982.554402219, 1.035735345,
1982.574834369, 1.030956476,
1982.595266619, 1.032341381,
1982.615698668, 1.031964470,
1982.636130817, 1.030518334,
1982.656563066, 1.030108228,
1982.676995114, 1.031536210,
1982.697427262, 1.029696509,
1982.717859509, 1.030414162,
1982.738291555, 1.030837194,
1982.758723702, 1.032188812,
1982.779155948, 1.031062722,
1982.799587993, 1.030724197,
1982.820020138, 1.030061909,
1982.840452383, 1.031135287,
1982.860884527, 1.031439272,
1982.881316671, 1.032367463,
1982.901748814, 1.031302724,
1982.922180857, 1.030691019,
1982.942613100, 1.032081739,
1982.983477283, 1.030649511,
1983.003909525, 1.032751909,
1983.024341666, 1.031182936,
1983.044773706, 1.030276707,
1983.065205946, 1.030929739,
1983.085638085, 1.030603249,
1983.106070124, 1.031451492,
1983.126502363, 1.032477481,
1983.146934501, 1.030302747,
1983.167366539, 1.030978469,
1983.187798777, 1.029897411,
1983.208230913, 1.030697174,
1983.228663050, 1.030603526,
1983.249095186, 1.031103527,
1983.269527321, 1.030571168,
1983.289959457, 1.029251017,
1983.310391591, 1.030796427,
1983.330823726, 1.028708031,
1983.351255960, 1.029887846,
1983.371688093, 1.030826004,
1983.392120126, 1.030623742,
1983.412552359, 1.031488043,
1983.432984491, 1.029405495,
1983.473848755, 1.031143166,
1983.494280886, 1.030732665,
1983.514712916, 1.031964309,
1983.535145146, 1.032775741,
1983.555577276, 1.029534362,
1983.576009305, 1.030620174,
1983.596441534, 1.030073732,
1983.616873663, 1.031585549,
1983.637305691, 1.031511321,
1983.657737918, 1.029305230,
1983.678169946, 1.030082713,
1983.698602172, 1.031138131,
1983.719034298, 1.031280373,
1983.739466325, 1.031688766,
1983.759898450, 1.030866950,
1983.780330675, 1.028217730,
1983.800762799, 1.030288212,
1983.821194924, 1.030965821,
1983.841627048, 1.029315708,
1983.862059171, 1.028887249,
1983.882491394, 1.030453839,
1983.902923416, 1.029714038,
1983.923355539, 1.029188584,
1983.943787760, 1.033194624,
1983.964219781, 1.030521825,
1983.984651902, 1.028863411,
1984.005084123, 1.029896831,
1984.025516143, 1.029727306,
1984.066380482, 1.028293620,
1984.086812500, 1.028759327,
1984.107244619, 1.029547486,
1984.127676837, 1.030901319,
1984.148108854, 1.029654348,
1984.168540971, 1.029280522,
1984.188973188, 1.030175122,
1984.209405304, 1.030521025,
1984.229837320, 1.029854121,
1984.250269535, 1.029794583,
1984.270701650, 1.029898469,
1984.291133765, 1.030238000,
1984.311565879, 1.027861673,
1984.331997993, 1.029074657,
1984.352430206, 1.029538968,
1984.372862219, 1.030997898,
1984.393294231, 1.029699090,
1984.413726444, 1.029205842,
1984.475022777, 1.027409975,
1984.495454888, 1.028764436,
1984.536319108, 1.028716430,
1984.556751217, 1.030114860,
1984.577183226, 1.027461847,
1984.597615434, 1.028562942,
1984.618047542, 1.027423195,
1984.638479649, 1.030075862,
1984.658911756, 1.029120698,
1984.679343863, 1.030124291,
1984.699775969, 1.029436909,
1984.720208175, 1.029834662,
1984.740640180, 1.028409550,
1984.761072386, 1.029598042,
1984.781504490, 1.027472187,
1984.801936494, 1.029663186,
1984.822368698, 1.027981079,
1984.842800801, 1.028334710,
1984.863232804, 1.028025324,
1984.883665007, 1.027327511,
1984.904097109, 1.027430251,
1984.985825414, 1.027322366,
1985.006257613, 1.027437269,
1985.026689713, 1.027170816,
1985.047121813, 1.026919518,
1985.067553911, 1.028410447,
1985.087986010, 1.030456931,
1985.108418108, 1.030270178,
1985.128850206, 1.029411667,
1985.149282302, 1.029221552,
1985.169714299, 1.027730837,
1985.190146496, 1.027729021,
1985.210578592, 1.027155425,
1985.231010788, 1.026953196,
1985.251442783, 1.028111353,
1985.271874878, 1.028390049,
1985.292307072, 1.026876470,
1985.312739066, 1.027469222,
1985.333171159, 1.028412160,
1985.353603352, 1.027709441,
1985.374035345, 1.027671993,
1985.394467437, 1.028410953,
1985.455763712, 1.026600898,
1985.476195902, 1.025559464,
1985.496627893, 1.027308391,
1985.517059982, 1.029012468,
1985.537492172, 1.026160523,
1985.557924261, 1.027409852,
1985.578356250, 1.027172814,
1985.598788438, 1.028463090,
1985.619220526, 1.028688041,
1985.639652513, 1.026591711,
1985.660084700, 1.027982661,
1985.680516787, 1.027229059,
1985.700948973, 1.025582469,
1985.721380959, 1.026742148,
1985.741813044, 1.026670037,
1985.762245229, 1.026962245,
1985.782677214, 1.027450881,
1985.803109298, 1.027289937,
1985.823541482, 1.026136448,
1985.843973465, 1.027085354,
1985.864405548, 1.026846849,
1985.884837630, 1.027229640,
1985.946133876, 1.027196734,
1985.966565957, 1.026728515,
1985.986998037, 1.025326994,
1986.007430117, 1.027107111,
1986.027862197, 1.027106759,
1986.048294277, 1.026823184,
1986.068726455, 1.026340652,
1986.089158434, 1.027073707,
1986.109590512, 1.025527751,
1986.130022690, 1.026218860,
1986.150454667, 1.026573124,
1986.170886844, 1.025115243,
1986.191318921, 1.023035073,
1986.211750897, 1.026965026,
1986.232183073, 1.026080315,
1986.252615148, 1.026924559,
1986.273047123, 1.025775641,
1986.293479298, 1.026542054,
1986.313911372, 1.025738351,
1986.334343345, 1.028507766,
1986.354775519, 1.026265217,
1986.375207591, 1.025816915,
1986.395639664, 1.023710120,
1986.416071736, 1.027016590,
1986.436503808, 1.025281996,
1986.456935879, 1.025307584,
1986.477367950, 1.027024872,
1986.497800021, 1.025067776,
1986.518232091, 1.025699490,
1986.538664261, 1.026550561,
1986.559096230, 1.025246525,
1986.579528299, 1.025008732,
1986.599960368, 1.024720250,
1986.620392436, 1.023017174,
1986.681688638, 1.024534921,
1986.702120804, 1.026296909,
1986.722552771, 1.025190889,
1986.742984836, 1.025768513,
1986.763417002, 1.025879424,
1986.783848967, 1.025336281,
1986.804281031, 1.024828967,
1986.824713195, 1.025371710,
1986.845145159, 1.024836930,
1986.865577223, 1.023911712,
1986.926873410, 1.034539905,
1986.947305572, 1.029321913,
1986.967737634, 1.025397866,
1986.988169595, 1.026922061,
1987.008601755, 1.026368759,
1987.029033816, 1.024554774,
1987.049465775, 1.024720832,
1987.069897935, 1.025958551,
1987.090329994, 1.024762555,
1987.110762153, 1.026321365,
1987.172058326, 1.023216559,
1987.192490283, 1.025259739,
1987.212922340, 1.025177537,
1987.233354496, 1.024537797,
1987.253786452, 1.025071225,
1987.274218508, 1.023754204,
1987.294650663, 1.025448980,
1987.315082618, 1.025408898,
1987.335514672, 1.022949839,
1987.355946826, 1.025323800,
1987.376378780, 1.023634711,
1987.396810833, 1.022347593,
1987.417242886, 1.023795277,
1987.437674938, 1.024223791,
1987.458106990, 1.024647656,
1987.478539142, 1.023944689,
1987.498971093, 1.024956337,
1987.519403244, 1.024643103,
1987.539835294, 1.025014347,
1987.560267245, 1.022367425,
1987.601131443, 1.024336341,
1987.662427589, 1.025213452,
1987.682859537, 1.022010124,
1987.703291684, 1.023278220,
1987.723723731, 1.023407329,
1987.744155778, 1.024001913,
1987.764587824, 1.024247036,
1987.785019870, 1.023109720,
1987.805451915, 1.024879379,
1987.825883960, 1.023106619,
1987.846316005, 1.023913403,
1987.907612137, 1.022215342,
1987.928044179, 1.023533081,
1987.948476322, 1.024084942,
1987.968908265, 1.024311092,
1987.989340406, 1.022896670,
1988.009772448, 1.023812825,
1988.030204389, 1.025274919,
1988.050636530, 1.023345007,
1988.071068570, 1.024134220,
1988.091500510, 1.024174594,
1988.111932650, 1.023161287,
1988.132364589, 1.022140547,
1988.152796628, 1.043448784,
1988.173228767, 1.024454553,
1988.193660705, 1.023952732,
1988.214092743, 1.023313714,
1988.234524880, 1.024554192,
1988.254956817, 1.025673777,
1988.275388853, 1.023241318,
1988.295820990, 1.020341034,
1988.316253025, 1.023839109,
1988.336684961, 1.022185486,
1988.397981065, 1.023756574,
1988.418413199, 1.024490066,
1988.438845232, 1.023462422,
1988.459277365, 1.023925881,
1988.479709298, 1.024457004,
1988.500141330, 1.024150164,
1988.520573462, 1.022763299,
1988.541005394, 1.023945241,
1988.561437425, 1.022744179,
1988.581869556, 1.022498025,
1988.643165646, 1.023217424,
1988.663597575, 1.023024157,
1988.684029605, 1.022586163,
1988.704461733, 1.023442342,
1988.724893661, 1.023466320,
1988.745325689, 1.023470764,
1988.765757816, 1.023316496,
1988.786189843, 1.022342380,
1988.806621770, 1.023218439,
1988.827053896, 1.024111151,
1988.908781898, 1.023980539,
1988.929214023, 1.023940430,
1988.949646046, 1.021086355,
1988.970077970, 1.024272456,
1988.990510093, 1.024379518,
1989.010942116, 1.024555973,
1989.031374039, 1.022984628,
1989.051806161, 1.023358691,
1989.072238183, 1.023661692,
1989.092670104, 1.024929850,
1989.113102225, 1.025545403,
1989.133534246, 1.024748802,
1989.153966266, 1.021769804,
1989.174398286, 1.021802885,
1989.194830306, 1.025187248,
1989.215262325, 1.024286532,
1989.235694344, 1.024114208,
1989.256126362, 1.024852318,
1989.276558380, 1.021759633,
1989.296990498, 1.023640364,
1989.317422415, 1.025519955,
1989.378718465, 1.026650463,
1989.399150580, 1.022136737,
1989.419582596, 1.022401784,
1989.440014511, 1.022717944,
1989.480878640, 1.023816718,
1989.501310554, 1.023991290,
1989.521742667, 1.023936655,
1989.542174681, 1.024062669,
1989.562606594, 1.022473448,
1989.583038706, 1.024761635,
1989.603470718, 1.024946300,
1989.623902630, 1.024236446,
1989.644334741, 1.025540984,
1989.664766752, 1.024719188,
1989.685198663, 1.024593261,
1989.705630773, 1.026561537,
1989.726062783, 1.023995246,
1989.746494692, 1.025234605,
1989.766926801, 1.022957725,
1989.787358810, 1.023137243,
1989.807790719, 1.023778937,
1989.869086941, 1.024508444,
1989.889518848, 1.022881744,
1989.909950855, 1.024302587,
1989.930382961, 1.022343355,
1989.950814867, 1.023947670,
1989.971246872, 1.024606899,
1989.991678977, 1.023799446,
1990.012110882, 1.024721150,
1990.032542887, 1.023565374,
1990.052974990, 1.024134864,
1990.073406894, 1.023364230,
1990.093838897, 1.024666549,
1990.114271000, 1.023780906,
1990.134703003, 1.024082615,
1990.155134905, 1.024240701,
1990.175567006, 1.023759420,
1990.195999008, 1.023104232,
1990.216430909, 1.026011009,
1990.236863010, 1.023759798,
1990.257295010, 1.024260450,
1990.277727010, 1.025247304,
1990.298159009, 1.026572667,
1990.359455006, 1.024879816,
1990.379886904, 1.028309807,
1990.400319002, 1.024754055,
1990.441182896, 1.025345113,
1990.461614993, 1.024455257,
1990.482046989, 1.024395305,
1990.502478985, 1.024681415,
1990.522910981, 1.025352039,
1990.543342976, 1.025517935,
1990.604638960, 1.025766448,
1990.625070953, 1.024651486,
1990.645503047, 1.025980438,
1990.665934940, 1.022355748,
1990.686366932, 1.024594027,
1990.706799025, 1.025596911,
1990.727230917, 1.023202909,
1990.747663008, 1.024639284,
1990.768094999, 1.023772447,
1990.788526890, 1.026204028,
1990.849822861, 1.025629901,
1990.870254950, 1.025135729,
1990.890686939, 1.024873861,
1990.911118828, 1.023963323,
1990.931550916, 1.023340377,
1990.951982904, 1.025989745,
1990.972414892, 1.024595795,
1990.992846879, 1.025445271,
1991.013278866, 1.025428586,
1991.033710853, 1.026606704,
1991.054142839, 1.024244555,
1991.074574825, 1.026466855,
1991.115438796, 1.026716532,
1991.135870780, 1.025845025,
1991.156302865, 1.027087273,
1991.176734749, 1.023947581,
1991.197166732, 1.026814616,
1991.217598816, 1.025830456,
1991.238030699, 1.026022629,
1991.258462682, 1.024951192,
1991.278894764, 1.024091725,
1991.340190708, 1.025188912,
1991.360622589, 1.026782451,
1991.381054570, 1.026640394,
1991.401486650, 1.026708177,
1991.421918530, 1.025462119,
1991.442350509, 1.026857657,
1991.462782588, 1.027580832,
1991.483214567, 1.025114018,
1991.503646445, 1.025942249,
1991.524078523, 1.026031636,
1991.544510501, 1.025530059,
1991.564942379, 1.026888968,
1991.585374455, 1.028112596,
1991.605806432, 1.026713576,
1991.626238508, 1.025180248,
1991.646670384, 1.030090956,
1991.667102360, 1.024289981,
1991.687534435, 1.026601745,
1991.707966310, 1.026433647,
1991.728398284, 1.026854429,
1991.748830259, 1.026376257,
1991.769262232, 1.024979595,
1991.789694206, 1.023432536,
1991.810126179, 1.025230429,
1991.830558152, 1.026618963,
1991.850990124, 1.025620730,
1991.871422096, 1.025480774,
1991.891854068, 1.024690558,
1991.912286039, 1.026323809,
1991.932718010, 1.026289839,
1991.953149981, 1.025333901,
1991.973581951, 1.026134944,
1991.994014021, 1.025899025,
1992.014445891, 1.026077359,
1992.075741798, 1.026046102,
1992.096173865, 1.025417526,
1992.116605833, 1.024966495,
1992.137037701, 1.025146600,
1992.157469768, 1.025488191,
1992.177901735, 1.024367896,
1992.198333602, 1.025923775,
1992.218765667, 1.025911689,
1992.239197633, 1.025724740,
1992.259629499, 1.027827985,
1992.300493529, 1.025721810,
1992.320925493, 1.027255904,
1992.341357457, 1.026112969,
1992.361789421, 1.026040847,
1992.382221384, 1.026111363,
1992.402653347, 1.025780327,
1992.423085310, 1.026103842,
1992.443517372, 1.027776893,
1992.463949334, 1.025022057,
1992.484381196, 1.026696920,
1992.504813257, 1.026310528,
1992.525245118, 1.024809680,
1992.545677078, 1.025394274,
1992.566109138, 1.025548673,
1992.586540998, 1.025332507,
1992.606972958, 1.025841617,
1992.647836876, 1.028258577,
1992.668268835, 1.027286501,
1992.688700893, 1.027164151,
1992.709132751, 1.027353909,
1992.729564708, 1.025698589,
1992.749996765, 1.025479059,
1992.811292635, 1.026191975,
1992.831724590, 1.025323301,
1992.852156546, 1.025408116,
1992.872588501, 1.025604084,
1992.893020456, 1.026726962,
1992.913452410, 1.027500865,
1992.933884364, 1.026875240,
1992.954316318, 1.024669638,
1992.974748371, 1.026240094,
1992.995180224, 1.025985133,
1993.015612177, 1.031252983,
1993.036044230, 1.025592301,
1993.056476082, 1.029356623,
1993.076908033, 1.025967708,
1993.097340084, 1.027388396,
1993.117771936, 1.024775251,
1993.138203886, 1.024692414,
1993.158635937, 1.026674559,
1993.179067786, 1.026919574,
1993.199499736, 1.026363389,
1993.219931786, 1.030778471,
1993.240363635, 1.024958952,
1993.301659480, 1.026555115,
1993.322091527, 1.026202870,
1993.342523474, 1.025530374,
1993.362955321, 1.026242246,
1993.383387368, 1.025763098,
1993.403819314, 1.026491142,
1993.424251160, 1.027572403,
1993.444683206, 1.028206148,
1993.465115151, 1.025881763,
1993.485546996, 1.025229762,
1993.546842829, 1.025806369,
1993.567274872, 1.025376967,
1993.587706816, 1.025911602,
1993.608138659, 1.026431098,
1993.628570701, 1.023601205,
1993.649002644, 1.025595018,
1993.669434685, 1.027012310,
1993.689866527, 1.027361300,
1993.710298468, 1.025488114,
1993.730730509, 1.025931101,
1993.751162350, 1.027595996,
1993.771594290, 1.024752062,
1993.792026330, 1.024909866,
1993.812458270, 1.025995925,
1993.832890109, 1.027804658,
1993.853322148, 1.025398366,
1993.873754086, 1.026056670,
1993.894185925, 1.027237326,
1993.914617962, 1.026161598,
1993.935049900, 1.025733449,
1993.955481737, 1.026067855,
1993.975913774, 1.026303143,
1994.037209583, 1.025338698,
1994.057641419, 1.024650544,
1994.078073454, 1.027126867,
1994.098505389, 1.025545495,
1994.118937224, 1.026009924,
1994.139369258, 1.025817070,
1994.159801192, 1.024443925,
1994.180233126, 1.027861361,
1994.200665059, 1.026813376,
1994.221096992, 1.026370571,
1994.282392789, 1.026258590,
1994.302824721, 1.024929478,
1994.323256652, 1.027159049,
1994.343688583, 1.028436944,
1994.364120514, 1.027221755,
1994.384552544, 1.024664814,
1994.404984374, 1.025343134,
1994.425416304, 1.025128833,
1994.445848333, 1.026103391,
1994.466280162, 1.024873194,
1994.486712191, 1.025187247,
1994.507144119, 1.025511597,
1994.527575947, 1.026009347,
1994.548007975, 1.025742871,
1994.568439902, 1.024061096,
1994.588871729, 1.025038480,
1994.629735683, 1.024955451,
1994.650167609, 1.026259372,
1994.670599534, 1.024037218,
1994.691031460, 1.023768973,
1994.711463285, 1.022954886,
1994.772759059, 1.027800118,
1994.793191082, 1.025203638,
1994.813623006, 1.025415384,
1994.834054829, 1.029150917,
1994.854486852, 1.025559975,
1994.874918775, 1.024144369,
1994.895350797, 1.025772349,
1994.915782619, 1.025026892,
1994.936214540, 1.026057227,
1994.956646561, 1.027891428,
1995.017942323, 1.024115620,
1995.038374143, 1.024641845,
1995.058806063, 1.028785765,
1995.079238082, 1.036443224,
1995.099669901, 1.027449117,
1995.120101820, 1.027120817,
1995.140533838, 1.025410179,
1995.160965656, 1.027949967,
1995.181397574, 1.025049663,
1995.201829591, 1.024320925,
1995.263125342, 1.025087272,
1995.283557258, 1.025345276,
1995.303989174, 1.025914605,
1995.324421089, 1.025571908,
1995.344853004, 1.024104220,
1995.365284919, 1.026090630,
1995.385716834, 1.024348606,
1995.406148748, 1.024533164,
1995.426580662, 1.023578137,
1995.447012576, 1.025222865,
1995.467444489, 1.024831787,
1995.487876402, 1.024854105,
1995.508308314, 1.024795262,
1995.528740127, 1.024924471,
1995.549172139, 1.024102132,
1995.569604050, 1.024514879,
1995.590035962, 1.023824096,
1995.610467873, 1.026093474,
1995.630899784, 1.024482892,
1995.651331694, 1.025619936,
1995.671763604, 1.024711787,
1995.692195514, 1.027125559,
1995.753491241, 1.023881472,
1995.773923250, 1.025705582,
1995.794355158, 1.025102979,
1995.814786966, 1.024176890,
1995.835218974, 1.024237651,
1995.876082688, 1.023927702,
1995.896514694, 1.025004481,
1995.916946601, 1.023988366,
1995.937378407, 1.025125608,
1995.998674123, 1.023468248,
1996.019106128, 1.026211235,
1996.039538032, 1.024353732,
1996.059969936, 1.024824007,
1996.080401840, 1.024698936,
1996.100833744, 1.024293167,
1996.121265647, 1.024507304,
1996.141697550, 1.024103708,
1996.162129452, 1.023103199,
1996.182561354, 1.027290816,
1996.202993256, 1.024705695,
1996.223425158, 1.023296140,
1996.243857159, 1.023497324,
1996.264288960, 1.025798523,
1996.284720861, 1.024068751,
1996.305152862, 1.023027282,
1996.325584662, 1.025598350,
1996.346016562, 1.024500671,
1996.366448561, 1.022870211,
1996.386880360, 1.024701614,
1996.407312259, 1.023280761,
1996.427744258, 1.023657311,
1996.489039951, 1.023658576,
1996.509471749, 1.026482157,
1996.529903746, 1.024432535,
1996.550335642, 1.026701818,
1996.570767539, 1.024302066,
1996.591199435, 1.024163934,
1996.611631331, 1.023277591,
1996.632063226, 1.023686370,
1996.652495121, 1.024892323,
1996.672927016, 1.025636416,
1996.734222699, 1.025195698,
1996.754654593, 1.023687753,
1996.775086586, 1.023757574,
1996.795518379, 1.025109598,
1996.815950272, 1.024369121,
1996.836382264, 1.021911663,
1996.856814056, 1.024440213,
1996.877245948, 1.024751632,
1996.897677840, 1.023246008,
1996.918109731, 1.024964624,
1996.979405402, 1.023990888,
1996.999837393, 1.022534203,
1997.020269182, 1.024721607,
1997.040701072, 1.020791341,
1997.061133061, 1.023572658,
1997.101996738, 1.023974096,
1997.122428726, 1.024379233,
1997.142860614, 1.023333021,
1997.163292401, 1.022922232,
1997.224588062, 1.025930216,
1997.245020049, 1.022157181,
1997.265451935, 1.022749461,
1997.285883721, 1.024888167,
1997.306315706, 1.031574375,
1997.326747591, 1.026788932,
1997.347179576, 1.024887743,
1997.367611361, 1.024571834,
1997.388043245, 1.025195176,
1997.408475229, 1.022467357,
1997.428907013, 1.023170882,
1997.449338896, 1.025105835,
1997.469770879, 1.023965701,
1997.490202662, 1.025275804,
1997.510634544, 1.024212693,
1997.531066526, 1.024074935,
1997.551498408, 1.025344673,
1997.571930190, 1.026319763,
1997.592362171, 1.023388318,
1997.612793952, 1.024730163,
1997.633225833, 1.024152883,
1997.653657813, 1.023611110,
1997.714953453, 1.023628909,
1997.735385232, 1.022128468,
1997.755817211, 1.023625431,
1997.776249089, 1.023862761,
1997.796680868, 1.024234407,
1997.817112846, 1.023883899,
1997.837544723, 1.021882408,
1997.857976501, 1.023579536,
1997.878408478, 1.024750960,
1997.898840355, 1.024022578,
1997.960135983, 1.023483081,
1997.980567859, 1.025348529,
1998.000999735, 1.023147374,
1998.021431610, 1.024791457,
1998.041863484, 1.023451636,
1998.062295459, 1.022228325,
1998.082727233, 1.024273824,
1998.103159207, 1.024100473,
1998.123591081, 1.022560792,
1998.144022854, 1.024133954,
1998.164454827, 1.023790881,
1998.184886700, 1.023960484,
1998.205318472, 1.023841496,
1998.225750444, 1.024015900,
1998.246182316, 1.023730755,
1998.266614088, 1.025601371,
1998.287046059, 1.023026808,
1998.307477930, 1.022574458,
1998.348341671, 1.023312726,
1998.368773441, 1.021904194,
1998.389205411, 1.023939117,
1998.450500919, 1.023284943,
1998.470932887, 1.023914578,
1998.491364756, 1.024107984,
1998.511796624, 1.021677380,
1998.532228492, 1.024445310,
1998.552660359, 1.023103380,
1998.573092326, 1.023238138,
1998.593524093, 1.024295153,
1998.613955960, 1.022555189,
1998.634387926, 1.026110982,
1998.695683524, 1.022130739,
1998.716115289, 1.025419771,
1998.736547154, 1.023328424,
1998.756979118, 1.024099595,
1998.777410883, 1.022721770,
1998.797842747, 1.023623023,
1998.818274711, 1.024591278,
1998.838706474, 1.023276107,
1998.859138337, 1.021591232,
1998.879570300, 1.024375853,
1998.900002163, 1.025433912,
1998.920434025, 1.022789316,
1998.940865887, 1.023938669,
1998.961297749, 1.023772809,
1998.981729611, 1.023952400,
1999.002161472, 1.021611690,
1999.022593333, 1.023419959,
1999.043025293, 1.022440524,
1999.063457054, 1.024758856,
1999.083888914, 1.021512981,
1999.104320774, 1.021340247,
1999.124752633, 1.024046525,
1999.186048210, 1.024488090,
1999.206479968, 1.023416815,
1999.226911926, 1.022617975,
1999.247343784, 1.022091410,
1999.267775742, 1.022711161,
1999.288207499, 1.021322916,
1999.308639356, 1.024621530,
1999.329071313, 1.021394534,
1999.349503069, 1.023060950,
1999.369934925, 1.023855475,
1999.390366881, 1.023726856,
1999.410798737, 1.018615724,
1999.431230492, 1.021424134,
1999.451662447, 1.023217652,
1999.472094302, 1.023546767,
1999.492526056, 1.022944234,
1999.512958010, 1.021396416,
1999.533389864, 1.023165555,
1999.553821618, 1.021572904,
1999.574253571, 1.021770906,
1999.594685424, 1.023387678,
1999.615117177, 1.024392198,
1999.676412933, 1.020447806,
1999.696844685, 1.024122784,
1999.717276537, 1.024077887,
1999.737708488, 1.022915103,
1999.758140238, 1.022615230,
1999.778572089, 1.021290614,
1999.799004039, 1.022945457,
1999.819435789, 1.021598801,
1999.839867639, 1.020141032,
1999.860299488, 1.021179877,
1999.921595035, 1.022168449,
1999.942026883, 1.021477007,
1999.962458732, 1.022081460,
1999.982890679, 1.019608107,
2000.003322427, 1.021214807,
2000.023754374, 1.021790345,
2000.044186221, 1.020465476,
2000.064617968, 1.023702408,
2000.085049914, 1.021248548,
2000.105481760, 1.020393271,
2000.125913506, 1.020790937,
2000.146345452, 1.020272481,
2000.166777297, 1.021191759,
2000.187209042, 1.021012177,
2000.207640987, 1.022860417,
2000.228072831, 1.023396693,
2000.248504676, 1.021115292,
2000.268936520, 1.020247552,
2000.289368363, 1.019672548,
2000.309800207, 1.020950740,
2000.330232050, 1.021511377,
2000.350663893, 1.021533124,
2000.411959420, 1.021141127,
2000.432391361, 1.020921617,
2000.452823203, 1.021049378,
2000.473254944, 1.020575651,
2000.493686885, 1.019285434,
2000.514118726, 1.020646804,
2000.534550466, 1.020400848,
2000.554982407, 1.018728058,
2000.575414246, 1.020442837,
2000.595845986, 1.019324673,
2000.636709664, 1.021225198,
2000.657141503, 1.021890738,
2000.677573442, 1.019409130,
2000.698005180, 1.018949256,
2000.718437018, 1.021284275,
2000.738868956, 1.018566687,
2000.759300693, 1.019931903,
2000.779732631, 1.020509276,
2000.800164468, 1.019859460,
2000.820596304, 1.019763524,
2000.841028141, 1.022076906,
2000.861459977, 1.021744126,
2000.881891813, 1.020535289,
2000.902323648, 1.020936813,
2000.922755484, 1.020191480,
2000.963619253, 1.017337162,
2000.984050988, 1.019330028,
2001.004482822, 1.020532662,
2001.024914756, 1.018487446,
2001.045346490, 1.019359467,
2001.065778324, 1.019125287,
2001.086210257, 1.019091984,
2001.147505755, 1.019181677,
2001.167937487, 1.020374030,
2001.188369419, 1.016393150,
2001.208801251, 1.018557002,
2001.229233082, 1.017492615,
2001.249664913, 1.019205569,
2001.270096644, 1.017716560,
2001.290528575, 1.019689357,
2001.310960405, 1.019258615,
2001.331392235, 1.018465102,
2001.351823965, 1.018272018,
2001.372255894, 1.018052116,
2001.392687724, 1.018539018,
2001.413119453, 1.017658088,
2001.433551381, 1.019114037,
2001.453983210, 1.019149799,
2001.474414938, 1.016504049,
2001.494846866, 1.018378792,
2001.515278694, 1.018400175,
2001.535710622, 1.018474870,
2001.556142349, 1.016559723,
2001.576574176, 1.019308452,
2001.637869655, 1.015248405,
2001.658301581, 1.018084788,
2001.678733306, 1.017452442,
2001.699165132, 1.018042354,
2001.719597057, 1.018705871,
2001.740028782, 1.016497226,
2001.760460606, 1.017607051,
2001.780892531, 1.016575001,
2001.801324355, 1.016501915,
2001.821756079, 1.017273738,
2001.842188002, 1.017026282,
2001.862619826, 1.018176805,
2001.883051749, 1.016148427,
2001.903483472, 1.016494708,
2001.923915294, 1.018383614,
2001.944347216, 1.016191758,
2001.964778938, 1.017980844,
2001.985210760, 1.017841317,
2002.005642582, 1.018557412,
2002.026074403, 1.017068765,
2002.046506224, 1.016784178,
2002.066938045, 1.017339254,
2002.128233505, 1.017215447,
2002.148665325, 1.017210440,
2002.169097145, 1.015320863,
2002.189528964, 1.015313238,
2002.209960783, 1.016233411,
2002.230392702, 1.016167850,
2002.250824420, 1.018349182,
2002.271256238, 1.017464225,
2002.291688156, 1.014626764,
2002.312119974, 1.017416513,
2002.332551692, 1.015972675,
2002.352983609, 1.016731723,
2002.373415426, 1.015812619,
2002.393847142, 1.015757602,
2002.414279059, 1.017525385,
2002.434710875, 1.016510862,
2002.455142591, 1.016416183,
2002.475574507, 1.015065294,
2002.496006322, 1.015798342,
2002.516438037, 1.016845376,
2002.536869953, 1.015753023,
2002.557301767, 1.015981860,
2002.639029123, 1.017151478,
2002.659460837, 1.017473062,
2002.679892650, 1.016328049,
2002.700324563, 1.013422602,
2002.720756276, 1.016419006,
2002.741188088, 1.015482322,
2002.761619900, 1.016462399,
2002.782051713, 1.014806237,
2002.802483524, 1.016084777,
2002.822915436, 1.015600527,
2002.843347147, 1.015767865,
2002.863778958, 1.018679675,
2002.884210869, 1.014626822,
2002.904642579, 1.015751600,
2002.925074389, 1.016082454,
2002.945506299, 1.015073383,
2002.965938009, 1.015254777,
2002.986369919, 1.015285301,
2003.006801728, 1.015347982,
2003.027233437, 1.014240088,
2003.047665346, 1.015065159,
2003.108960770, 1.014388369,
2003.129392578, 1.015835389,
2003.149824386, 1.015612619,
2003.170256193, 1.015719183,
2003.190688000, 1.014101795,
2003.211119807, 1.015292699,
2003.231551613, 1.016258528,
2003.251983420, 1.015430772,
2003.272415226, 1.014741926,
2003.292847132, 1.014005266,
2003.313278837, 1.016501897,
2003.333710742, 1.015001497,
2003.354142548, 1.015617278,
2003.374574252, 1.014930781,
2003.395006157, 1.016045104,
2003.415437961, 1.014709599,
2003.435869665, 1.016257067,
2003.456301569, 1.014969277,
2003.476733273, 1.015250662,
2003.497165076, 1.013527181,
2003.517596980, 1.015528354,
2003.538028683, 1.016153834,
2003.599324090, 1.014929775,
2003.619755892, 1.014261774,
2003.640187793, 1.014349681,
2003.660619595, 1.012994072,
2003.681051396, 1.016094657,
2003.701483197, 1.014124871,
2003.721914998, 1.015786655,
2003.742346799, 1.015655260,
2003.762778599, 1.013565073,
2003.783210399, 1.015515312,
2003.803642299, 1.016871700,
2003.824073998, 1.016343441,
2003.844505798, 1.015935039,
2003.864937697, 1.014259751,
2003.885369396, 1.013657163,
2003.905801194, 1.015618349,
2003.926233093, 1.014997740,
2003.946664791, 1.015271653,
2003.967096589, 1.015494062,
2003.987528486, 1.014577869,
2004.007960184, 1.025749337,
2004.028392081, 1.014297438,
2004.089687471, 1.014730749,
2004.110119267, 1.016155180,
2004.130551063, 1.014622766,
2004.150982859, 1.015079881,
2004.171414655, 1.015710392,
2004.191846450, 1.015643299,
2004.212278245, 1.016012707,
2004.232710040, 1.013769094,
2004.253141735, 1.015009404,
2004.273573629, 1.015012583,
2004.294005423, 1.015421844,
2004.314437117, 1.014340550,
2004.334869011, 1.014698205,
2004.355300804, 1.014770549,
2004.375732698, 1.014917525,
2004.396164391, 1.015917632,
2004.416596183, 1.013412313,
2004.437028076, 1.015051414,
2004.457459768, 1.014981850,
2004.477891560, 1.015166094,
2004.498323452, 1.015774469,
2004.518755143, 1.016152556,
2004.580050517, 1.016441232,
2004.600482307, 1.015894783,
2004.620914198, 1.014518073,
2004.641345988, 1.017886383,
2004.661777678, 1.016240786,
2004.682209568, 1.015476819,
2004.702641357, 1.015772221,
2004.723073147, 1.014203801,
2004.743504936, 1.016550153,
2004.763936725, 1.013869778,
2004.825232090, 1.015698927,
2004.845663878, 1.014338441,
2004.866095665, 1.015871154,
2004.886527453, 1.015082459,
2004.906959240, 1.015497069,
2004.927391027, 1.017025725,
2004.947822814, 1.014600335,
2004.968254600, 1.015672894,
2004.988686387, 1.015137642,
2005.009118173, 1.015734021,
2005.029549959, 1.015238675,
2005.049981744, 1.015485451,
2005.070413630, 1.017562898,
2005.090845315, 1.016074544,
2005.111277100, 1.016132543,
2005.131708985, 1.015596543,
2005.152140769, 1.014413205,
2005.172572454, 1.015372502,
2005.193004338, 1.013546716,
2005.213436122, 1.016571468,
2005.233867805, 1.016563528,
2005.254299688, 1.016903045,
2005.295163155, 1.019551006,
2005.315595037, 1.018811796,
2005.336026820, 1.015181502,
2005.356458502, 1.016279128,
2005.376890384, 1.013651182,
2005.397322166, 1.016046211,
2005.417754048, 1.015253307,
2005.438185729, 1.016223201,
2005.458617510, 1.014131792,
2005.479049391, 1.015072896,
2005.499481072, 1.015415467,
2005.519912852, 1.014532895,
2005.540344733, 1.015929374,
2005.560776413, 1.017736770,
2005.581208193, 1.014894331,
2005.601640072, 1.016398908,
2005.622071751, 1.015460217,
2005.642503531, 1.016492470,
2005.662935310, 1.014256150,
2005.683367089, 1.016949604,
2005.703798867, 1.015841445,
2005.724230745, 1.016180919,
2005.744662423, 1.015251831,
2005.805957756, 1.014324129,
2005.826389633, 1.015848904,
2005.846821411, 1.014383122,
2005.867253087, 1.017161163,
2005.887684964, 1.017049768,
2005.908116740, 1.015725575,
2005.928548416, 1.015203016,
2005.948980292, 1.014783134,
2005.969412068, 1.016987510,
2005.989843843, 1.016006230,
2006.010275619, 1.016060535,
2006.030707393, 1.015679106,
2006.051139168, 1.017878671,
2006.071570943, 1.014833322,
2006.092002717, 1.015723633,
2006.112434591, 1.015021191,
2006.132866266, 1.015987474,
2006.153298039, 1.015086156,
2006.173729913, 1.016245780,
2006.194161686, 1.016503161,
2006.214593359, 1.016237723,
2006.235025232, 1.014789475,
2006.255457005, 1.016208574,
2006.275888677, 1.016422583,
2006.296320549, 1.015280633,
2006.316752321, 1.016981620,
2006.337183993, 1.017100599,
2006.357615865, 1.014815676,
2006.378047536, 1.016465871,
2006.398479307, 1.016745245,
2006.418911178, 1.016239327,
2006.439342849, 1.019063605,
2006.459774719, 1.016593267,
2006.480206490, 1.018941286,
2006.541501800, 1.016552775,
2006.561933569, 1.017937189,
2006.582365338, 1.018482868,
2006.602797107, 1.016313409,
2006.623228876, 1.015319158,
2006.643660745, 1.016104553,
2006.664092413, 1.014985401,
2006.684524182, 1.017556301,
2006.704956049, 1.017921541,
2006.725387717, 1.016973209,
2006.745819485, 1.016812138,
2006.766251352, 1.013495991,
2006.786683019, 1.014773992,
2006.807114886, 1.015286483,
2006.827546653, 1.014783221,
2006.847978319, 1.017488467,
2006.868410186, 1.017102483,
2006.888841952, 1.017042561,
2006.909273618, 1.015612103,
2006.929705484, 1.015091397,
2006.950137249, 1.016293874,
2006.970568914, 1.015624985,
2007.031864309, 1.015847452,
2007.052296073, 1.013836289,
2007.072727838, 1.016558084,
2007.093159602, 1.016122192,
2007.113591366, 1.016557760,
2007.134023129, 1.015107250,
2007.154454893, 1.015380627,
2007.174886656, 1.015263571,
2007.195318419, 1.015954235,
2007.215750282, 1.016901247,
2007.236181944, 1.016137289,
2007.256613707, 1.016431596,
2007.277045569, 1.016684012,
2007.297477231, 1.016654392,
2007.317908993, 1.015936597,
2007.338340854, 1.017034147,
2007.358772516, 1.015906042,
2007.379204277, 1.016646268,
2007.399636138, 1.017275359,
2007.420067799, 1.016472553,
2007.440499659, 1.016201129,
2007.460931419, 1.016316808,
2007.522226699, 1.016144664,
2007.542658459, 1.014099464,
2007.563090218, 1.015058280,
2007.583521977, 1.017125127,
2007.603953736, 1.018509437,
2007.624385595, 1.015492422,
2007.644817254, 1.015176380,
2007.665249012, 1.014645844,
2007.685680870, 1.014978248,
2007.706112528, 1.015594667,
2007.726544286, 1.016145652,
2007.746976043, 1.014091162,
2007.767407801, 1.015277202,
2007.787839658, 1.016534034,
2007.808271415, 1.016511782,
2007.828703072, 1.016668257,
2007.849134928, 1.016699703,
2007.869566585, 1.016805801,
2007.889998341, 1.015876945,
2007.930861853, 1.015311155,
2007.951293608, 1.016415538,
2007.971725463, 1.015077801,
2007.992157119, 1.016513077,
2008.012588874, 1.017167332,
2008.033020728, 1.014388252,
2008.053452483, 1.016424122,
2008.073884137, 1.015543960,
2008.094315992, 1.015428807,
2008.114747745, 1.017702584,
2008.135179499, 1.016526593,
2008.155611253, 1.015943391,
2008.176043006, 1.016014662,
2008.196474860, 1.014729041,
2008.257770118, 1.016781525,
2008.278201771, 1.014265665,
2008.298633523, 1.015835369,
2008.319065375, 1.015704207,
2008.339497027, 1.016079522,
2008.359928778, 1.014632248,
2008.380360630, 1.015343894,
2008.400792281, 1.015970727,
2008.421224032, 1.015370176,
2008.441655883, 1.013818492,
2008.523382885, 1.015146902,
2008.543814634, 1.015648824,
2008.564246384, 1.015314390,
2008.584678034, 1.015361564,
2008.605109883, 1.016091102,
2008.625541632, 1.016761744,
2008.645973281, 1.015918986,
2008.666405130, 1.015490410,
2008.686836879, 1.014528827,
2008.707268527, 1.015315450,
2008.727700375, 1.014722988,
2008.748132123, 1.016038455,
2008.768563971, 1.015611528,
2008.788995619, 1.014859761,
2008.809427366, 1.014595248,
2008.829859213, 1.015266214,
2008.850290860, 1.016336931,
2008.870722607, 1.016866890,
2008.891154454, 1.015490123,
2008.911586101, 1.017334876,
2008.932017847, 1.015664412,
2008.952449693, 1.017850777,
2008.972881339, 1.015723498,
2008.993313085, 1.015368522,
2009.013744930, 1.015469301,
2009.034176675, 1.013919232,
2009.054608321, 1.014763050,
2009.095471911, 1.014929824,
2009.115903655, 1.017131208,
2009.136335400, 1.013877999,
2009.156767144, 1.014814546,
2009.177198988, 1.014143553,
2009.238494119, 1.015329525,
2009.258925863, 1.015763310,
2009.279357506, 1.015209099,
2009.299789349, 1.014814754,
2009.320221091, 1.013580936,
2009.340652734, 1.017759184,
2009.361084576, 1.014177899,
2009.381516319, 1.015500913,
2009.401948161, 1.014648743,
2009.422379803, 1.014082659,
2009.442811544, 1.013373286,
2009.463243386, 1.013490331,
2009.483675027, 1.013949980,
2009.504106768, 1.014585935,
2009.524538609, 1.015694590,
2009.544970350, 1.014628421,
2009.565401991, 1.010703165,
2009.585833831, 1.014025158,
2009.606265571, 1.013200663,
2009.626697211, 1.012932650,
2009.647129051, 1.013013532,
2009.687992430, 1.014981285,
2009.708424270, 1.013293953,
2009.728856009, 1.012994062,
2009.749287848, 1.013588185,
2009.769719486, 1.013572932,
2009.790151225, 1.011958791,
2009.810583064, 1.012289261,
2009.831014702, 1.013562346,
2009.851446440, 1.013369036,
2009.871878178, 1.014935250,
2009.892309915, 1.012622872,
2009.912741653, 1.012831785,
2009.974036864, 1.012243417,
2009.994468601, 1.012845302,
2010.014900338, 1.012213246,
2010.035332074, 1.012303219,
2010.055763811, 1.013744418,
2010.076195547, 1.013199133,
2010.096627383, 1.014073326,
2010.117059118, 1.012693280,
2010.137490754, 1.013260965,
2010.157922589, 1.011986406,
2010.178354325, 1.012139313,
2010.198785960, 1.012155126,
2010.219217795, 1.012389650,
2010.239649529, 1.012344155,
2010.260081164, 1.013318556,
2010.280512998, 1.012725664,
2010.300944732, 1.012141107,
2010.321376366, 1.012989890,
2010.341808200, 1.011606698,
2010.362239934, 1.012802437,
2010.382671767, 1.012399822,
2010.403103400, 1.011502112,
2010.464398600, 1.013658333,
2010.484830332, 1.012427231,
2010.505262164, 1.012067565,
2010.525693897, 1.013371552,
2010.546125529, 1.010812338,
2010.566557361, 1.012588123,
2010.586989092, 1.011419198,
2010.607420724, 1.012288269,
2010.627852556, 1.028630919,
2010.648284287, 1.013282945,
2010.668715918, 1.014600958,
2010.689147749, 1.012427727,
2010.709579380, 1.010374527,
2010.730011210, 1.014230134,
2010.750442941, 1.011409522,
2010.770874571, 1.010848461,
2010.791306401, 1.013109892,
2010.811738131, 1.012317022,
2010.832169760, 1.010315242,
2010.852601590, 1.011981775,
2010.873033319, 1.011075006,
2010.893464948, 1.012758321,
2010.913896777, 1.012000086,
2010.934328506, 1.011859017,
2010.954760235, 1.013227275,
2010.975191964, 1.010923864,
2010.995623692, 1.009816330,
2011.016055520, 1.013545627,
2011.036487248, 1.011814415,
2011.056918876, 1.012120656,
2011.077350704, 1.013312897,
2011.097782431, 1.011130970,
2011.118214059, 1.010877297,
2011.138645886, 1.013177985,
2011.179509240, 1.011557052,
2011.199941067, 1.011189033,
2011.220372793, 1.012264564,
2011.240804419, 1.011893152,
2011.261236246, 1.013786262,
2011.281667972, 1.010812170,
2011.302099597, 1.011222515,
2011.342963149, 1.012574318,
2011.363394874, 1.012052295,
2011.383826599, 1.011232996,
2011.445121774, 1.010786919,
2011.465553499, 1.012114334,
2011.485985223, 1.010888059,
2011.506416947, 1.013119335,
2011.526848671, 1.013222108,
2011.547280495, 1.012519400,
2011.567712119, 1.012207191,
2011.588143842, 1.010875735,
2011.608575666, 1.011757294,
2011.629007289, 1.009692016,
2011.649439112, 1.013314378,
2011.669870835, 1.011363065,
2011.690302458, 1.011152283,
2011.710734281, 1.011784764,
2011.731166003, 1.014077726,
2011.751597626, 1.013451810,
2011.772029448, 1.011346780,
2011.792461170, 1.012123365,
2011.812892792, 1.011804194,
2011.833324613, 1.011943566,
2011.853756335, 1.012362837,
2011.874188056, 1.011908492,
2011.894619777, 1.013451745,
2011.915051498, 1.018917666,
2011.935483319, 1.013908273,
2011.955914940, 1.013600315,
2011.976346660, 1.012639517,
2011.996778481, 1.009987107,
2012.017210201, 1.010650563,
2012.037641821, 1.011055773,
2012.058073641, 1.010913709,
2012.078505261, 1.010636585,
2012.098936981, 1.011720365,
2012.139800419, 1.012425431,
2012.160232138, 1.011521089,
2012.180663957, 1.011516034,
2012.201095576, 1.011207410,
2012.221527295, 1.013446413,
2012.241959114, 1.011245268,
2012.262390732, 1.011720208,
2012.282822550, 1.012539077,
2012.303254268, 1.012261237,
2012.323685886, 1.011272541,
2012.344117704, 1.012568701,
2012.364549421, 1.010618409,
2012.446276290, 1.012943003,
2012.466708007, 1.012530005,
2012.487139724, 1.010501230,
2012.507571440, 1.011490245,
2012.528003157, 1.009960316,
2012.548434873, 1.009557774,
2012.568866689, 1.011597964,
2012.589298405, 1.011016662,
2012.609730021, 1.009203434,
2012.630161836, 1.011822617,
2012.650593552, 1.010227902,
2012.671025167, 1.011518436,
2012.691456982, 1.010592633,
2012.711888697, 1.012376119,
2012.732320312, 1.010716818,
2012.752752127, 1.011301875,
2012.773183842, 1.011437809,
2012.793615456, 1.010459919,
2012.814047270, 1.010959950,
2012.834478984, 1.012562060,
2012.854910698, 1.009530326,
2012.916205839, 1.007422003,
2012.936637553, 1.010270845,
2012.957069266, 1.010730521,
2012.977500979, 1.010903963,
2012.997932692, 1.012167950,
2013.018364405, 1.012041587,
2013.038796117, 1.012202274,
2013.059227830, 1.010555006,
2013.079659542, 1.009235868,
2013.100091354, 1.010347287,
2013.120522966, 1.010961394,
2013.140954778, 1.010431625,
2013.161386490, 1.009873305,
2013.181818102, 1.009359074,
2013.202249913, 1.011628867,
2013.222681624, 1.010363689,
2013.243113236, 1.009276845,
2013.263545047, 1.011124745,
2013.283976757, 1.011134177,
2013.304408368, 1.011101224,
2013.324840179, 1.010079460,
2013.345271889, 1.010944163,
2013.365703500, 1.010568245,
2013.386135310, 1.009464567,
2013.406567020, 1.010308846,
2013.426998730, 1.008585515,
2013.447430440, 1.009542871,
2013.467862149, 1.010153993,
2013.488293858, 1.009170563,
2013.508725568, 1.010570295,
2013.529157277, 1.012565680,
2013.549588986, 1.010928501,
2013.570020695, 1.009769692,
2013.590452404, 1.008937502,
2013.610884212, 1.010062420,
2013.631315821, 1.010596373,
2013.651747529, 1.008737609,
2013.672179337, 1.011030721,
2013.692610945, 1.010313450,
2013.713042653, 1.010929498,
2013.733474461, 1.010235064,
2013.753906068, 1.010047726,
2013.774337876, 1.009975981,
2013.794769583, 1.010353284,
2013.815201190, 1.009855523,
2013.835632997, 1.010044133,
2013.896928118, 1.009652570,
2013.917359824, 1.011363863,
2013.937791531, 1.009942795,
2013.958223237, 1.009642418,
2013.978654943, 1.010049009,
2013.999086649, 1.008736963,
2014.019518355, 1.008826135,
2014.039950060, 1.011025160,
2014.060381866, 1.010534137,
2014.080813571, 1.008151303,
2014.101245177, 1.010033414,
2014.121676982, 1.008686214,
2014.142108687, 1.011649126,
2014.162540292, 1.009012096,
2014.182972096, 1.009002169,
2014.203403801, 1.013769299,
2014.223835405, 1.010379560,
2014.244267210, 1.007673369,
2014.264698814, 1.009534641,
2014.285130518, 1.008562855,
2014.305562322, 1.008561272,
2014.325993926, 1.011410549,
2014.346425729, 1.008065116,
2014.366857433, 1.009341512,
2014.387289036, 1.009975864,
2014.407720839, 1.007801897,
2014.428152542, 1.009749330,
2014.448584246, 1.008940285,
2014.469015948, 1.009403951,
2014.489447651, 1.008947402,
2014.509879354, 1.010207730,
2014.530311056, 1.008708403,
2014.550742758, 1.009542709,
2014.571174461, 1.008819553,
2014.591606263, 1.007550027,
2014.612037865, 1.008462872,
2014.632469666, 1.009389284,
2014.652901368, 1.008619924,
2014.673332970, 1.008697963,
2014.693764771, 1.007949239,
2014.714196472, 1.008551189,
2014.734628073, 1.008703788,
2014.755059874, 1.008304442,
2014.775491575, 1.007504554,
2014.795923176, 1.007346885,
2014.816354977, 1.008113131,
2014.877650078, 1.008741433,
2014.898081778, 1.007019023,
2014.918513478, 1.006044437,
2014.938945178, 1.009118221,
2014.959376877, 1.006822577,
2014.979808577, 1.007308687,
2017.860677637, 0.991910749,
2017.881109421, 0.992164154,
2017.901541004, 0.993471028,
2017.921972688, 0.991381150,
2017.942404471, 0.991967792,
2017.962836054, 0.993052665,
2017.983267737, 0.993092385,
2018.003699520, 0.993913866,
2018.024131103, 0.993071336,
2018.044562786, 0.992389509,
2018.064994568, 0.993550045,
2018.085426151, 0.993371587,
2018.105857933, 0.993803083,
2018.126289616, 0.992036055,
2018.146721298, 0.992043925,
2018.167152980, 0.992643007,
2018.187584662, 0.992530707,
2018.208016344, 0.992007944,
2018.228448026, 0.993709576,
2018.248879708, 0.991896986,
2018.269311390, 0.993134464,
2018.289743171, 0.991916876,
2018.310174753, 0.994817330,
2018.330606434, 0.993351760,
2018.351038215, 0.992059758,
2018.371469797, 0.992570680,
2018.391901578, 0.992255274,
2018.412333259, 0.991495212,
2018.432764840, 0.992878664,
2018.453196621, 0.992321767,
2018.473628301, 0.992710238,
2018.494059882, 0.993671500,
2018.514491663, 0.992244804,
2018.534923243, 0.991877414,
2018.555354924, 0.992075939,
2018.575786704, 0.993812348,
2018.596218284, 0.993468927,
2018.616650064, 0.992314997,
2018.637081744, 0.993100515,
2018.657513424, 0.992737188,
2018.677945104, 0.993133204,
2018.698376784, 0.992663770,
2018.718808463, 0.992411160,
2018.739240143, 0.992295429,
2018.800535281, 0.992819259,
2018.820966860, 0.997254907,
2018.841398640, 0.992956886,
2018.861830319, 0.992224677,
2018.902693676, 0.993196010,
2018.923125355, 0.993002235,
2018.943556934, 0.993395596,
2018.963988712, 0.993112834,
2018.984420391, 0.994256012,
2019.004851969, 0.993189861,
2019.025283748, 0.992870190,
2019.045715426, 0.991726199,
2019.066147004, 0.992202098,
2019.086578782, 0.992819335,
2019.107010460, 0.992557000,
2019.127442138, 0.992595211,
2019.147873816, 0.992963801,
2019.168305494, 0.993175220,
2019.188737171, 0.994596559,
2019.209168849, 0.992568553,
2019.229600526, 0.993596084,
2019.250032204, 0.995074807,
2019.270463881, 0.993790977,
2019.290895558, 0.992647676,
2019.311327236, 0.992390953,
2019.331758913, 0.992522684,
2019.352190689, 0.992489626,
2019.372622366, 0.992047667,
2019.393053943, 0.992161002,
2019.413485720, 0.992054239,
2019.433917397, 0.993336212,
2019.454348973, 0.993177407,
2019.474780750, 0.992013087,
2019.495212426, 0.992490273,
2019.515644002, 0.993312922,
2019.536075779, 0.992964033,
2019.556507455, 0.993672056,
2019.576939031, 0.993134714,
2019.597370807, 0.993308403,
2019.617802483, 0.994018231,
2019.638234258, 0.995684222,
2019.658665834, 0.993606536,
2019.679097510, 0.992885339,
2019.699529286, 0.993854571,
2019.719960861, 0.993055492,
2019.781255987, 0.993388465,
2019.801687562, 0.993051803,
2019.822119337, 0.993137486,
2019.842551012, 0.992401571,
2019.862982687, 0.994105812,
2019.883414362, 0.993629456,
2019.903845937, 0.992574938,
2019.924277712, 0.994185403,
2019.944709386, 0.994717001,
2019.965140961, 0.991490204,
2019.985572735, 0.993990376,
2020.006004410, 0.993070105,
2020.026435984, 0.992293928,
2020.067299433, 0.994333906,
2020.087731007, 0.992868000,
2020.108162781, 0.992358008,
2020.128594455, 0.993833872,
2020.149026229, 0.992936769,
2020.169457802, 0.990964113,
2020.189889476, 0.993483935,
2020.210321250, 0.992299532,
2020.230752823, 0.995037760,
2020.251184497, 0.992835737,
2020.271616270, 0.991045664,
2020.292047944, 0.993971527,
2020.312479517, 0.993412198,
2020.332911290, 0.992752176,
2020.353342963, 0.992943533,
2020.373774636, 0.993306240,
2020.394206309, 0.993813649,
2020.414637982, 0.993614261,
2020.435069755, 0.994246020,
2020.455501328, 0.993530727,
2020.475933000, 0.994177682,
2020.496364673, 0.993631222,
2020.516796345, 0.994651185,
2020.537228018, 0.992692126,
2020.557659690, 0.993606434,
2020.578091363, 0.992599659,
2020.598523035, 0.994673162,
2020.618954707, 0.992920236,
2020.639386379, 0.995246948,
2020.659818151, 0.992348419,
2020.680249723, 0.993051267,
2020.700681395, 0.993002162,
2020.721113167, 0.994676384,
2020.741544739, 0.993421443,
2020.761976410, 0.992846214,
2020.782408182, 0.995502818,
2020.802839854, 0.993978363,
2020.823271425, 0.994898394,
2020.843703197, 0.992550746,
2020.864134868, 0.994186285,
2020.884566539, 0.996343728,
2020.904998210, 0.993843598,
2020.925429882, 0.993502803,
2020.945861553, 0.996668919,
2020.966293224, 0.993826261,
2020.986724895, 0.995797768,
2021.007156665, 0.994192989,
2021.027588236, 0.995548042,
2021.048019907, 0.994019806,
2021.068451678, 0.996265518,
2021.088883248, 0.992551040,
2021.109314919, 0.991923172,
2021.129746689, 0.993665728,
2021.150178260, 0.994248681,
2021.170610030, 0.992905764,
2021.191041701, 0.994101726,
2021.211473271, 0.997296488,
2021.231905041, 0.993198650,
2021.252336711, 0.992900908,
2021.272768281, 0.995082480,
2021.293200051, 0.994281226,
2021.334063291, 0.995999798,
2021.354495060, 0.992995643,
2021.374926730, 0.993498842,
2021.395358400, 0.994239260,
2021.415790069, 0.994905917,
2021.436221739, 0.995900521,
2021.456653408, 0.994962757,
2021.477085078, 0.993963551,
2021.497516747, 0.995011771,
2021.517948516, 0.992973283,
2021.538380086, 0.995715893,
2021.558811755, 0.994667977,
2021.579243524, 0.994720690,
2021.599675093, 0.994813819,
2021.620106862, 0.994218501,
2021.640538531, 0.993549569,
2021.660970100, 0.994162860,
2021.681401868, 0.995845122,
2021.722265106, 0.993538072,
2021.742696874, 0.994947417,
2021.763128543, 0.995058756,
2021.783560111, 0.994729202,
2021.803991880, 0.993452681,
2021.824423548, 0.993882851,
2021.844855217, 0.995374643,
2021.865286885, 0.994201035,
2021.885718553, 0.995057255,
2021.906150221, 0.994096653,
2021.926581889, 0.993797445,
2021.947013557, 0.994642364,
2021.967445225, 0.993921439,
2021.987876893, 0.995549633,
2022.008308561, 0.993040398,
2022.028740329, 0.995273010,
2022.049171897, 0.995398552,
2022.069603564, 0.994945415,
2022.090035332, 0.993336188,
2022.110466899, 0.995457316,
2022.130898667, 0.995128001,
2022.151330334, 0.994236720,
2022.171761902, 0.995459110,
2022.192193669, 0.995058621,
2022.212625336, 0.992920401,
2022.233056904, 0.993964941,
2022.253488671, 0.993997626,
2022.273920338, 0.993384578,
2022.294351905, 0.995155169,
2022.314783672, 0.994807372,
2022.335215339, 0.993119054,
2022.355647106, 0.993869774,
2022.376078673, 0.994015980,
2022.396510340, 0.995269485,
2022.416942106, 0.994668914,
2022.478237106, 0.994000835,
2022.498668773, 0.995710915,
2022.519100339, 0.993156121,
2022.539532106, 0.993279073,
2022.559963772, 0.993482122,
2022.580395339, 0.996296012,
2022.600827105, 0.994414378,
2022.621258771, 0.995033360,
2022.641690437, 0.993212645,
2022.662122104, 0.994272406,
2022.682553670, 0.996121440,
2022.702985436, 0.994677062,
2022.723417102, 0.994568350,
2022.743848668, 0.993958815,
2022.764280433, 0.993890383,
2022.784712099, 0.994994773,
2022.805143665, 0.993709205,
2022.825575431, 0.994682017,
2022.846007097, 0.996824656,
2022.866438862, 0.995188831,
2022.886870428, 0.995374884,
2022.907302093, 0.994053665,
2022.927733859, 0.995222109,
2022.948165424, 0.995060130,
2022.989028855, 0.995105168,
2023.009460521, 0.992965425,
2023.029892086, 0.994442484,
2023.050323851, 0.997223521,
2023.070755516, 0.992817609,
2023.091187181, 0.996633194,
2023.111618846, 0.994786011,
2023.132050511, 0.991886656,
2023.152482276, 0.994284260,
2023.193345506, 0.993171688,
2023.213777271, 0.994586345,
2023.234208836, 0.995345143,
2023.254640501, 0.993872227,
2023.275072265, 0.994085672,
2023.295503830, 0.995108631,
2023.315935495, 0.993332621,
2023.336367260, 0.993919679,
2023.356798824, 0.996104771,
2023.377230589, 0.994766096,
2023.397662153, 0.995152829,
2023.438525582, 0.994853278,
2023.458957146, 0.994941170,
2023.479388811, 0.994938999,
2023.499820575, 0.993242571,
2023.520252239, 0.995471944,
2023.540683803, 0.994311439,
2023.561115568, 0.992814004,
2023.581547232, 0.992839786,
2023.601978896, 0.994563689,
2023.622410560, 0.994789246,
2023.642842224, 0.997096183,
2023.724568979, 0.992401703,
2023.745000543, 0.993351968,
2023.765432207, 0.995626163,
2023.785863970, 0.993091549,
2023.806295534, 0.991990467,
2023.826727298, 0.992254571,
2023.847158961, 0.993220181,
2023.867590525, 0.992831745,
2023.888022288, 0.993803330,
2023.908453952, 0.994859400,
2023.928885515, 0.993533115,
2023.949317279, 0.992381461,
2023.969748942, 0.996688511,
2023.990180605, 0.992981527,
2024.010612269, 0.991811080,
2024.031043932, 0.993027213,
2024.051475595, 0.994028333,
2024.071907258, 0.992493642,
2024.092338921, 0.994723343,
2024.112770585, 0.992427112,
2024.133202248, 0.992426535,
2024.174065574, 0.993761006,
2024.194497237, 0.993410770,
2024.214928900, 0.992127915,
2024.235360663, 0.994794419,
2024.255792225, 0.992641461,
2024.276223988, 0.992633756,
2024.296655651, 0.994949599,
2024.317087214, 0.992883291,
2024.337518976, 0.993475743,
2024.357950639, 0.993339244,
2024.378382202, 0.991688502,
2024.419245627, 0.991008466,
2024.439677190, 0.993013051,
2024.460108952, 0.992962142,
2024.480540615, 0.991994182,
2024.500972377, 0.994234625,
2024.521403940, 0.993747580,
2024.541835602, 0.991623612,
2024.562267364, 0.991435743,
2024.582698927, 0.992509146,
2024.603130589, 0.992202016,
2024.623562351, 0.993315512,
2024.664425576, 0.992405278,
2024.684857338, 0.989980980,
2024.705289000, 0.991666150,
2024.725720662, 0.994251844,
2024.746152324, 0.991200726,
2024.766583887, 0.992932024,
2024.787015649, 0.993223134,
2024.807447311, 0.993089566,
2024.827878873, 0.993079776,
2024.848310635, 0.994177143,
2024.868742297, 0.991670296,
2024.909605620, 0.991470758,
2024.930037282, 0.995142612,
2024.950469044, 0.993178021,
2024.970900606, 0.990988668,
2024.991332268, 0.993834682,
2025.011764029, 0.990211264,
2025.032195591, 0.991706304,
2025.052627253, 0.988669852,
2025.073059014, 0.992326400,
2025.093490576, 0.994149558,
2025.113922238, 0.990383943,
2025.154785661, 0.993090739,
2025.175217322, 0.991980069,
2025.195648984, 0.991001911,
2025.216080646, 0.991774536,
2025.236512307, 0.991496582,
2025.256943968, 0.992770809,
2025.277375630, 0.993404248,
2025.297807391, 0.990223041,
2025.318238953, 0.994756692,
2025.359102375, 0.991067180,
2025.399965698, 0.992685811,
2025.420397259, 0.991039491,
2025.440828920, 0.992843685,
2025.461260682, 0.992336901,
2025.481692243, 0.993790022,
2025.502123904, 0.993695207,
2025.522555665, 0.994887088,
2025.542987226, 0.992538928,
2025.563418887, 0.990398381,
2025.583850649, 0.987362261,
2025.604282210, 0.997947324,
2025.686008954, 0.992342004,
2025.706440615, 0.989521327,
2025.726872276, 0.993004232,
2025.747303937, 0.992735003,
2025.767735598, 0.991001865,
2025.788167258, 0.992642062,
2025.808598919, 0.991462572,
2025.849462341, 0.991134285,
2025.890325563, 0.990686805,
2025.910757324, 0.992316672,
2025.931188984, 0.991036382,
2025.951620545, 0.990779930,
2025.972052306, 0.990941002,
2025.992483967, 0.989382191,
2026.012915527, 0.992262042,
2026.033347288, 0.990398540,
2026.053778949, 0.991059642,
2026.074210609, 0.989462464,
2026.094642270, 0.992524244,
2026.155937252, 0.991224690,
2026.176368812, 0.990462935,
2026.196800573, 0.991467580,
2026.217232234, 0.992158866,
2026.237663894, 0.990972089,
2026.258095555, 0.990607549,
2026.278527215, 0.989942869,
2026.298958976, 0.991513141,
2026.319390536, 0.991094445,
2026.339822197, 0.989659327,
2026.401117178, 0.991141123,
2026.421548938, 0.992290404,
2026.441980599, 0.988918299,
2026.462412159, 0.989526825,
2026.482843920, 0.992059689,
2026.503275580, 0.991192699,
2026.523707340, 0.989615737,
2026.544138901, 0.990770158,
2026.564570561, 0.988915820,
2026.585002321, 0.989409447,
2026.605433882, 0.990472065,
2026.625865542, 0.989644564,
2026.646297302, 0.990575487,
2026.666728863, 0.990971837,
2026.687160523, 0.989898528,
2026.707592283, 0.992001929,
2026.728023844, 0.988603530,
2026.748455604, 0.988664027,
2026.768887264, 0.990683697,
2026.789318824, 0.990109540,
2026.809750585, 1.011782812,
2026.830182145, 0.989695651,
2026.871045565, 0.990391946,
2026.891477126, 0.989690535,
2026.911908786, 0.992109989,
2026.932340546, 0.989228534,
2026.952772206, 0.988251087,
2026.973203866, 0.990133204,
2026.993635526, 0.990730927,
2027.014067187, 0.990118916,
2027.034498947, 0.984062348,
2027.054930507, 0.990618444,
2027.075362167, 0.989040713,
2027.116225487, 0.988707320,
2027.136657148, 0.989700862,
2027.157088908, 0.989372351,
2027.177520468, 0.990135974,
2027.197952228, 0.991405458,
2027.218383888, 0.990289950,
2027.238815448, 0.988031527,
2027.259247208, 0.989823626,
2027.279678868, 0.988552364,
2027.300110429, 0.993152764,
2027.320542189, 0.990216463,
2027.381837169, 0.989286037,
2027.402268829, 0.990576108,
2027.422700589, 0.990413005,
2027.443132149, 0.989878932,
2027.463563809, 0.989680493,
2027.483995469, 0.989544941,
2027.504427230, 0.991156098,
2027.524858790, 0.988581550,
2027.545290550, 0.989123855,
2027.565722110, 0.988816639,
2027.627017090, 0.989677966,
2027.647448850, 0.991024789,
2027.667880510, 0.990775333,
2027.688312070, 0.989426486,
2027.708743830, 0.988568686,
2027.729175491, 0.989285561,
2027.749607051, 0.990821561,
2027.770038811, 0.991777905,
2027.790470471, 0.989658954,
2027.810902231, 0.988848170,
2027.872197211, 0.989364383,
2027.892628771, 0.988394217,
2027.913060431, 0.988470594,
2027.933492192, 0.989281959,
2027.953923752, 0.987429721,
2027.974355412, 0.987482992,
2027.994787172, 0.989110617,
2028.015218832, 0.987787890,
2028.035650492, 0.988255710,
2028.056082152, 0.986847458,
2028.076513812, 0.988046974,
2028.096945473, 0.987921922,
2028.178672113, 0.987507072,
2028.199103773, 0.987576086,
2028.219535434, 0.986809605,
2028.239967094, 0.986945466,
2028.260398854, 0.990739394,
2028.280830414, 0.989191667,
2028.301262074, 0.988818697,
2028.342125395, 0.988624738,
2028.362557055, 0.986892946,
2028.382988815, 0.987140270,
2028.403420376, 0.986203241,
2028.423852136, 0.987460638,
2028.444283796, 0.989258826,
2028.464715356, 0.987949829,
2028.485147117, 0.987098429,
2028.505578777, 0.986257953,
2028.526010337, 0.985874801,
2028.546442098, 0.986878948,
2028.607737079, 0.989400106,
2028.628168739, 0.985988537,
2028.648600499, 0.987188636,
2028.669032060, 0.987876385,
2028.689463720, 0.987786397,
2028.709895480, 0.987713733,
2028.750758701, 0.988777317,
2028.771190462, 0.986926708,
2028.791622122, 0.987796024,
2028.852917103, 0.986425269,
2028.873348764, 0.987340674,
2028.893780424, 0.984519143,
2028.914211985, 0.993979714,
2028.934643746, 0.985673140,
2028.955075406, 0.986902083,
2028.975506967, 0.985671466,
2028.995938727, 0.986272645,
2029.016370388, 0.986782578,
2029.036801948, 0.985228305,
2029.057233709, 0.986038459,
2029.077665370, 0.987726973,
2029.098097130, 0.985422079,
2029.118528691, 0.987195397,
2029.138960352, 0.986888700,
2029.159392112, 0.987334591,
2029.179823673, 0.984082756,
2029.200255334, 0.984366532,
2029.220687094, 0.987440065,
2029.241118755, 0.986133502,
2029.261550416, 0.985310166,
2029.281982077, 0.987947892,
2029.343277059, 0.985823769,
2029.363708720, 0.985630836,
2029.384140481, 0.983440463,
2029.404572042, 0.986962346,
2029.425003703, 0.985790065,
2029.445435464, 0.983492716,
2029.465867025, 0.992131154,
2029.486298786, 0.984564029,
2029.506730447, 0.986664305,
2029.527162008, 0.984734017,
2029.588456991, 0.985050820,
2029.608888752, 0.986344270,
2029.629320313, 0.985379247,
2029.649751974, 0.985341031,
2029.670183735, 0.986221593,
2029.690615296, 0.985082427,
2029.711047058, 0.985454033,
2029.731478719, 0.985887805,
2029.751910380, 0.987501015,
2029.772342041, 0.986558462,
2029.833637025, 0.984395568,
2029.854068687, 0.985178000,
2029.874500448, 0.984966144,
2029.894932109, 0.984571019,
2029.915363671, 0.984565844,
2029.935795432, 0.984434510,
2029.956227094, 0.984862015,
2029.976658655, 0.984155928,
2029.997090417, 0.984351732,
2030.017522078, 0.985976337,
2030.078817063, 0.984537304,
2030.099248825, 0.985292580,
2030.119680386, 0.985108274,
2030.140112048, 0.983498111,
2030.160543810, 0.985213459,
2030.180975371, 0.984421214,
2030.201407033, 0.987281736,
2030.221838695, 0.986271236,
2030.242270357, 0.983827987,
2030.262702019, 0.983773429,
2030.283133680, 0.984125075,
2030.303565342, 0.984129831,
2030.323997104, 0.982810800,
2030.344428666, 0.983937304,
2030.364860328, 0.984052285,
2030.385292090, 0.982910566,
2030.405723752, 0.983809493,
2030.426155314, 0.982428350,
2030.446587076, 0.983371557,
2030.467018738, 0.980985227,
2030.487450401, 0.983490164,
2030.507882063, 0.985178573,
2030.548745387, 0.982922722,
2030.569177050, 0.983520026,
2030.589608712, 0.984697899,
2030.610040474, 0.983512908,
2030.630472037, 0.983863474,
2030.650903699, 0.982484877,
2030.671335461, 0.982429940,
2030.691767024, 0.980426653,
2030.712198786, 0.982876470,
2030.732630449, 0.983047020,
2030.753062011, 0.983926548,
2030.793925437, 0.983560541,
2030.814356999, 0.981595417,
2030.834788762, 0.979146641,
2030.855220425, 0.982100281,
2030.875652087, 0.982494204,
2030.896083750, 0.981346234,
2030.916515413, 0.982825309,
2030.936947076, 0.981640881,
2030.957378739, 0.979909923,
2030.977810402, 0.982921197,
2030.998242065, 0.981396915,
2031.059537154, 0.980834161,
2031.079968717, 0.981153195,
2031.100400480, 0.980783434,
2031.120832143, 0.979535942,
2031.141263706, 0.981172319,
2031.161695469, 0.978931495,
2031.182127133, 0.979885209,
2031.202558696, 0.980568573,
2031.222990459, 0.980328254,
2031.243422123, 0.981126869,
2031.284285450, 0.979488147,
2031.304717113, 0.980562036,
2031.325148877, 0.979998955,
2031.345580440, 0.978841310,
2031.366012104, 0.980236573,
2031.386443867, 0.978943293,
2031.406875431, 0.979220733,
2031.427307095, 0.978612251,
2031.447738859, 0.979978119,
2031.468170422, 0.978709522,
2031.488602186, 0.979243012,
2031.549897178, 0.980089133,
2031.570328842, 0.981350092,
2031.590760406, 0.981360837,
2031.611192170, 0.980830187,
2031.631623834, 0.981687454,
2031.652055398, 0.978503563,
2031.672487163, 0.978738762,
2031.692918827, 0.978666323,
2031.713350491, 0.979735659,
2031.733782155, 0.979171997,
2031.795077149, 0.978262348,
2031.815508813, 0.977157524,
2031.835940578, 0.979086706,
2031.856372142, 0.978458778,
2031.876803907, 0.980352564,
2031.897235571, 0.980666712,
2031.938098901, 0.978150108,
2031.958530566, 0.979290508,
2031.978962131, 0.979525936,
2032.019825560, 0.978829100,
2032.040257225, 0.978035082,
2032.060688890, 0.978109100,
2032.081120555, 0.979543848,
2032.101552320, 0.980136721,
2032.121983886, 0.979940136,
2032.142415551, 0.978161899,
2032.162847316, 0.979358309,
2032.183278881, 0.976573044,
2032.203710547, 0.978199385,
2032.224142312, 0.980511104,
2032.285437309, 0.978904280,
2032.305868874, 0.978457598,
2032.326300640, 0.977928625,
2032.346732305, 0.978419638,
2032.367163871, 0.978473807,
2032.387595637, 0.977037723,
2032.408027303, 0.977742437,
2032.428458869, 0.980309647,
2032.448890635, 0.979418601,
2032.469322300, 0.977070146,
2032.489754066, 0.981714575,
2032.510185633, 0.978217656,
2032.530617299, 0.978067993,
2032.551049065, 0.977036677,
2032.571480631, 0.978114075,
2032.591912297, 0.979784335,
2032.612344064, 0.979250868,
2032.632775630, 0.978256330,
2032.653207396, 0.978194788,
2032.673639063, 0.979400062,
2032.694070629, 0.977482899,
2032.714502396, 0.978279736,
2032.755365729, 0.978715898,
2032.775797396, 0.977423819,
2032.796229063, 0.978445238,
2032.816660730, 0.977614062,
2032.837092396, 0.976188657,
2032.857524063, 0.978295876,
2032.877955730, 0.979390143,
2032.898387497, 0.975628597,
2032.918819065, 0.976179667,
2032.939250832, 0.975984405,
2032.959682399, 0.976577559,
2033.000545833, 0.976272401,
2033.020977401, 0.978934715,
2033.041409168, 0.977339702,
2033.061840836, 0.977756035,
2033.082272403, 0.977121851,
2033.102704171, 0.976311244,
2033.123135839, 0.976348483,
2033.143567406, 0.977209221,
2033.163999174, 0.974632579,
2033.184430842, 0.977219861,
2033.204862410, 0.979219278,
2033.245725846, 0.976172493,
2033.266157614, 0.979585810,
2033.286589182, 0.978210624,
2033.307020850, 0.977949378,
2033.327452618, 0.976361842,
2033.347884186, 0.977922817,
2033.368315855, 0.976588423,
2033.388747623, 0.978123682,
2033.409179292, 0.976522713,
2033.429610960, 0.977067335,
2033.450042629, 0.974752123,
2033.511337635, 0.976687580,
2033.531769303, 0.978622352,
2033.552201072, 0.976849505,
2033.572632641, 0.978428616,
2033.593064410, 0.975861877,
2033.613495979, 0.975806156,
2033.633927648, 0.973814303,
2033.654359418, 0.975407934,
2033.674790987, 0.981254331,
2033.695222656, 0.977671549,
2033.736085995, 0.974892764,
2033.756517664, 0.977795163,
2033.776949434, 0.977370297,
2033.797381004, 0.978975230,
2033.817812773, 0.975531707,
2033.838244443, 0.976396355,
2033.858676013, 0.976140143,
2033.879107783, 0.977969362,
2033.899539452, 0.976569998,
2033.919971122, 0.975952423,
2033.940402793, 0.974063742,
2033.981266233, 0.976052125,
2034.001697803, 0.976193832,
2034.022129473, 0.975932100,
2034.042561244, 0.974844705,
2034.062992914, 0.975314818,
2034.083424485, 0.978558423,
2034.103856255, 0.976437822,
2034.124287926, 0.977013812,
2034.144719497, 0.975426566,
2034.165151267, 0.977209569,
2034.185582938, 0.976716194,
2034.246877951, 0.975969873,
2034.267309622, 0.975812834,
2034.287741293, 0.976958294,
2034.308172965, 0.977087434,
2034.328604636, 0.977434476,
2034.349036307, 0.977200164,
2034.369468079, 0.976486818,
2034.389899650, 0.976516294,
2034.410331322, 0.977327939,
2034.430763093, 0.977520604,
2034.471626337, 0.976674485,
2034.492058109, 0.976815831,
2034.512489681, 0.977510312,
2034.532921353, 0.977797305,
2034.553353125, 0.977934277,
2034.573784697, 0.979268969,
2034.594216469, 0.975517619,
2034.614648141, 0.977870097,
2034.635079814, 0.975746593,
2034.655511486, 0.976619085,
2034.675943159, 0.976617373,
2034.737238177, 0.978536560,
2034.757669949, 0.976319929,
2034.778101622, 0.977281056,
2034.798533195, 0.976057909,
2034.818964968, 0.978427850,
2034.839396641, 0.977277073,
2034.859828214, 0.978191996,
2034.880259988, 0.980416033,
2034.900691661, 0.979924492,
2034.921123234, 0.978175974,
2034.982418355, 0.978269124,
2035.002850028, 0.977970517,
2035.023281602, 0.977740021,
2035.043713376, 0.977572462,
2035.064145050, 0.977139134,
2035.084576624, 0.978424367,
2035.105008398, 0.978729501,
2035.125440072, 0.978249211,
2035.145871846, 0.977958169,
2035.166303420, 0.978287265,
2035.207166869, 0.979928015,
2035.227598444, 0.974852150,
2035.248030118, 0.977850372,
2035.268461893, 0.978528709,
2035.288893568, 0.977636564,
2035.309325242, 0.978799368,
2035.329756917, 0.978866717,
2035.350188592, 0.976518841,
2035.370620267, 0.976514248,
2035.391051942, 0.977734324,
2035.411483618, 0.977564235,
2035.472778644, 0.977303644,
2035.493210419, 0.977051837,
2035.513641995, 0.978496337,
2035.534073771, 0.978748616,
2035.554505446, 0.977441438,
2035.574937022, 0.979506925,
2035.615800474, 0.977810898,
2035.636232050, 0.975991221,
2035.656663826, 0.978376840,
2035.717958855, 0.978743447,
2035.738390432, 0.979187538,
2035.758822208, 0.976889623,
2035.779253885, 0.978048418,
2035.799685562, 0.978945691,
2035.820117239, 0.979467139,
2035.840548915, 0.979707821,
2035.860980692, 0.976749558,
2035.881412270, 0.979283797,
2035.901843947, 0.977018792,
2035.963138979, 0.979107149,
2035.983570756, 0.977348160,
2036.004002434, 0.978384663,
2036.024434011, 0.976919724,
2036.044865789, 0.978801730,
2036.065297467, 0.979577711,
2036.085729245, 0.979120297,
2036.106160823, 0.978106233,
2036.126592501, 0.975996814,
2036.147024279, 0.977234524,
2036.187887536, 0.980477320,
2036.208319314, 0.977601119,
2036.228750893, 0.978576130,
2036.249182671, 0.977572216,
2036.269614250, 0.978432972,
2036.290045929, 0.978463300,
2036.310477708, 0.977681503,
2036.330909387, 0.978471206,
2036.351340966, 0.990692358,
2036.371772745, 0.979360174,
2036.392204324, 0.978547722,
2036.453499362, 0.980145245,
2036.473931142, 0.978491586,
2036.494362822, 0.978812014,
2036.514794501, 0.978866284,
2036.535226181, 0.979569527,
2036.555657861, 0.977776759,
2036.576089541, 0.979281120,
2036.596521321, 0.978055062,
2036.616952902, 0.977588154,
2036.637384682, 0.979607891,
2036.698679723, 0.978359845,
2036.719111404, 0.978275008,
2036.739542985, 0.979040162,
2036.759974766, 0.979740531,
2036.780406447, 0.981525520,
2036.800838228, 0.980579199,
2036.821269809, 0.979841905,
2036.841701490, 0.981291305,
2036.862133271, 0.980985370,
2036.882564853, 0.978584695,
2036.943859898, 0.980708691,
2036.964291579, 0.980189261,
2036.984723361, 0.978974812,
2037.005154943, 0.979608002,
2037.025586725, 0.980247538,
2037.046018308, 0.979500419,
2037.066449990, 0.980205726,
2037.086881772, 0.980081489,
2037.107313455, 0.980068676,
2037.127745037, 0.980133986,
2037.189040185, 0.978640443,
2037.209471868, 0.980143518,
2037.229903551, 0.980615670,
2037.250335235, 0.980663875,
2037.270766918, 0.979293897,
2037.291198601, 0.982895160,
2037.311630385, 0.979707117,
2037.332061968, 0.978212786,
2037.372925435, 0.979320524,
2037.434220487, 0.982058225,
2037.454652071, 0.981400554,
2037.475083856, 0.979348394,
2037.495515540, 0.982019828,
2037.515947124, 0.980699186,
2037.536378909, 0.980922626,
2037.556810594, 0.979817448,
2037.577242378, 0.981538450,
2037.597673963, 0.980510803,
2037.618105648, 0.979063393,
2037.679400703, 0.978352384,
2037.699832389, 0.982257978,
2037.720264074, 0.980884930,
2037.740695860, 0.979906145,
2037.761127445, 0.982291517,
2037.781559131, 0.979460924,
2037.801990917, 0.981991811,
2037.822422603, 0.979513075,
2037.842854189, 0.981078083,
2037.863285975, 0.979609645,
2037.904149348, 0.980308516,
2037.924581034, 0.978968173,
2037.945012721, 0.979675950,
2037.965444507, 0.981083867,
2037.985876094, 0.981137289,
2038.006307781, 0.979083417,
2038.026739568, 0.979656609,
2038.047171155, 0.979785838,
2038.067602842, 0.981634982,
2038.088034630, 0.980758231,
2038.108466217, 0.979535765,
2038.169761280, 0.979293466,
2038.190193068, 0.980803829,
2038.210624756, 0.980994789,
2038.231056344, 0.981052937,
2038.251488132, 0.979799620,
2038.271919820, 0.978274133,
2038.292351509, 0.979143199,
2038.312783197, 0.979264573,
2038.333214886, 0.980624333,
2038.353646575, 0.978279712,
2038.374078263, 0.978699122,
2038.394509952, 0.977738471,
2038.414941641, 0.980264881,
2038.435373330, 0.980444934,
2038.455805120, 0.978752162,
2038.476236809, 0.979895422,
2038.496668398, 0.982635477,
2038.517100188, 0.979838963,
2038.537531878, 0.980485046,
2038.557963468, 0.976198000,
2038.578395257, 0.979396902,
2038.598826947, 0.979157550,
2038.660122018, 0.979070244,
2038.680553809, 0.979873719,
2038.700985399, 0.980679269,
2038.721417090, 0.978984849,
2038.741848881, 0.980569553,
2038.762280472, 0.979351515,
2038.782712163, 0.980573655,
2038.803143954, 0.977252437,
2038.823575545, 0.980809306,
2038.844007336, 0.978460820,
2038.884870620, 0.980230005,
2038.905302411, 0.979711710,
2038.925734103, 0.980643842,
2038.946165795, 0.982033973,
2038.966597487, 0.979114830,
2038.987029179, 0.979522190,
2039.007460872, 0.979777811,
2039.027892564, 0.978857885,
2039.048324256, 0.977742419,
2039.068755949, 0.978669115,
2039.089187642, 0.977719569,
2039.130051128, 0.978109336,
2039.150482721, 0.980332128,
2039.170914414, 0.981059913,
2039.191346207, 0.980436246,
2039.211777801, 0.977696798,
2039.232209594, 0.979710479,
2039.252641288, 0.978459626,
2039.273072882, 0.979474020,
2039.293504676, 0.978698606,
2039.313936370, 0.981442235,
2039.334367964, 0.985543957,
2039.416094842, 0.980320148,
2039.436526536, 0.980812589,
2039.456958331, 0.979422910,
2039.477389926, 0.978837331,
2039.497821621, 0.981763971,
2039.518253417, 0.979022640,
2039.538685012, 0.979988038,
2039.559116707, 0.980907455,
2039.579548503, 0.978735659,
2039.599980199, 0.980114211,
2039.620411894, 0.978481569,
2039.661275186, 0.978902478,
2039.681706983, 0.979626753,
2039.702138679, 0.978579651,
2039.722570275, 0.976413186,
2039.743002072, 0.977907517,
2039.763433769, 0.979517794,
2039.783865565, 0.979600266,
2039.804297162, 0.979533283,
2039.824728859, 0.983837842,
2039.886023951, 0.978830074,
2039.906455749, 0.978061283,
2039.926887346, 0.980353288,
2039.947319044, 0.980655961,
2039.967750842, 0.979071146,
2039.988182440, 0.978519637,
2040.008614238, 0.977900518,
2040.029045937, 0.979605382,
2040.049477535, 0.978384777,
2040.069909334, 0.977038201,
2040.110772631, 0.979909641,
2040.131204430, 0.978984991,
2040.151636129, 0.979974678,
2040.172067928, 0.980931279,
2040.192499528, 0.980078122,
2040.212931227, 0.982556295,
2040.233363027, 0.980754824,
2040.253794726, 0.982248681,
2040.274226326, 0.982382653,
2040.294658126, 0.980277882,
2040.315089826, 0.979222078,
2040.376384927, 0.979252375,
2040.396816628, 0.980582924,
2040.417248328, 0.980959247,
2040.437679929, 0.980569665,
2040.458111730, 0.978343782,
2040.478543431, 0.982434019,
2040.498975032, 0.979565175,
2040.519406834, 0.981143465,
2040.539838535, 0.979128693,
2040.601133640, 0.980967159,
2040.621565442, 0.980194099,
2040.641997045, 0.980542848,
2040.662428747, 0.977767641,
2040.682860549, 0.979257644,
2040.703292152, 0.980742624,
2040.723723954, 0.980552904,
2040.744155657, 0.980450116,
2040.764587360, 0.978370470,
2040.785019063, 0.978367031,
2040.866745877, 0.976686220,
2040.887177681, 0.979319450,
2040.907609284, 0.980260210,
2040.928040988, 0.977920413,
2040.948472793, 0.978687935,
2040.968904497, 0.981114409,
2040.989336101, 0.979939484,
2041.009767906, 0.979222083,
2041.030199510, 0.978322072,
2041.050631215, 0.984651021,
2041.091494625, 0.980124279,
2041.111926430, 0.979156679,
2041.132358136, 0.980805858,
2041.152789741, 0.978792577,
2041.173221547, 0.979823666,
2041.193653253, 0.978976393,
2041.214084859, 0.980538357,
2041.234516665, 0.979302047,
2041.254948371, 0.980884630,
2041.275380177, 0.978037156,
2041.295811784, 0.980972493,
2041.377538611, 0.979428439,
2041.397970418, 0.980834689,
2041.418402025, 0.979381536,
2041.438833733, 0.979107794,
2041.459265540, 0.980401517,
2041.479697248, 0.979063617,
2041.500128956, 0.979659010,
2041.520560664, 0.981205490,
2041.540992372, 0.980043389,
2041.561424080, 0.980453917,
2041.581855788, 0.979255131,
2041.602287497, 0.979609376,
2041.622719306, 0.981358391,
2041.643150914, 0.978666590,
2041.663582723, 0.980856123,
2041.684014333, 0.980054915,
2041.704446042, 0.980459929,
2041.745309461, 0.982006635,
2041.765741170, 0.980348294,
2041.786172980, 0.980996786,
2041.827036400, 0.978859510,
2041.847468110, 0.979446637,
2041.867899721, 0.980897771,
2041.888331531, 0.980154315,
2041.908763242, 0.980692389,
2041.929194853, 0.980247147,
2041.949626664, 0.978534548,
2041.970058375, 0.980554343,
2041.990490086, 0.980874079,
2042.010921798, 0.980797640,
2042.031353509, 0.979977262,
2042.092648645, 0.980261347,
2042.113080457, 0.978323115,
2042.133512169, 0.980698020,
2042.153943782, 0.980344578,
2042.174375594, 0.980107234,
2042.194807307, 0.979367045,
2042.215239020, 0.980541204,
2042.235670733, 0.980537016,
2042.256102446, 0.980195675,
2042.276534259, 0.978165130,
2042.337829300, 0.980165009,
2042.358261014, 0.979316291,
2042.378692828, 0.984759469,
2042.399124442, 0.981580830,
2042.419556156, 0.980939580,
2042.439987971, 0.981499539,
2042.460419585, 0.980087528,
2042.480851300, 0.980891128,
2042.501283115, 0.978755927,
2042.521714730, 0.980335131,
2042.542146445, 0.979837240,
2042.562578261, 0.980844490,
2042.583009876, 0.979725569,
2042.603441692, 0.980017832,
2042.623873408, 0.980648979,
2042.644305124, 0.981366247,
2042.664736840, 0.982281828,
2042.685168556, 0.981175434,
2042.705600273, 0.980977852,
2042.726031989, 0.979749842,
2042.746463706, 0.980596947,
2042.766895523, 0.980282387,
2042.828190675, 0.980890734,
2042.848622392, 0.980416122,
2042.869054010, 0.981364216,
2042.889485828, 0.980684764,
2042.909917546, 0.980596715,
2042.930349264, 0.980623815,
2042.950780982, 0.981982274,
2042.971212700, 0.980782034,
2042.991644419, 0.980266840,
2043.012076138, 0.982975838,
2043.073371295, 0.980650836,
2043.093802914, 0.980228008,
2043.114234734, 0.981548225,
2043.134666454, 0.980858540,
2043.155098273, 0.981177237,
2043.175529893, 0.981649990,
2043.195961614, 0.982221240,
2043.216393434, 0.983611949,
2043.236825054, 0.979765958,
2043.257256775, 0.981077496,
2043.318552038, 0.980197542,
2043.338983759, 0.980043772,
2043.359415480, 0.980175482,
2043.379847202, 0.980439580,
2043.400278924, 0.982063764,
2043.420710646, 0.980844622,
2043.441142468, 0.980183315,
2043.461574090, 0.980499741,
2043.482005912, 0.981854893,
2043.502437635, 0.981396621,
2043.543301080, 0.981036967,
2043.563732803, 0.982072784,
2043.584164426, 0.982809730,
2043.604596250, 0.981261121,
2043.625027973, 0.980825275,
2043.645459797, 0.979877217,
2043.665891421, 0.980211394,
2043.686323145, 0.979587972,
2043.706754869, 0.979284515,
2043.727186593, 0.980198886,
2043.747618217, 0.983701196,
2043.788481767, 0.980740890,
2043.808913392, 0.980983714,
2043.829345217, 0.980393509,
2043.849776942, 0.981367274,
2043.870208768, 0.981143947,
2043.890640393, 0.981996960,
2043.911072119, 0.981064756,
2043.931503945, 0.981968564,
2043.951935571, 0.982133942,
2043.972367297, 0.983452786,
2043.992799124, 0.980129045,
2044.033662577, 0.982286046,
2044.054094304, 0.981404122,
2044.074526031, 0.981517121,
2044.094957758, 0.982427791,
2044.115389486, 0.980971374,
2044.135821213, 0.981014991,
2044.156253041, 0.983064681,
2044.176684669, 0.983031218,
2044.197116497, 0.982106709,
2044.217548225, 0.982025200,
2044.237979853, 0.984681266,
2044.299275040, 0.982567556,
2044.319706869, 0.981562018,
2044.340138598, 0.980812690,
2044.360570227, 0.978297822,
2044.381002057, 0.982030083,
2044.401433687, 0.981686812,
2044.421865517, 0.982911901,
2044.442297247, 0.982510517,
2044.462728877, 0.982234654,
2044.483160707, 0.982269869,
2044.544455900, 0.983804423,
2044.585319462, 0.983294860,
2044.605751093, 0.983334642,
2044.626182825, 0.982838429,
2044.646614657, 0.981470494,
2044.667046389, 0.983433417,
2044.687478021, 0.980098630,
2044.707909853, 0.982018154,
2044.728341586, 0.983471431,
2044.748773318, 0.981975004,
2044.769205051, 0.981880477,
2044.789636784, 0.982596717,
2044.810068617, 0.982563358,
2044.830500251, 0.982479426,
2044.850931984, 0.982186196,
2044.871363818, 0.981635839,
2044.891795452, 0.981326298,
2044.932659020, 0.981896879,
2044.953090654, 0.982508438,
2044.973522489, 0.983798230,
2045.034817693, 0.985163495,
2045.055249429, 0.982879295,
2045.075681064, 0.980241282,
2045.096112900, 0.984423486,
2045.116544535, 0.981258515,
2045.136976371, 0.983021150,
2045.157408108, 0.980060963,
2045.177839744, 0.980165267,
2045.198271580, 0.982523639,
2045.218703317, 0.980077557,
2045.279998528, 0.981795525,
2045.300430365, 0.976370712,
2045.320862103, 0.983293076,
2045.341293741, 0.981562476,
2045.361725579, 0.981646761,
2045.382157317, 0.984357333,
2045.402588955, 0.982673485,
2045.423020793, 0.982567712,
2045.443452532, 0.981350921,
2045.463884171, 0.981096219,
2045.525179588, 0.982194598,
2045.545611228, 0.982359646,
2045.566042967, 0.982680525,
2045.586474807, 0.980390927,
2045.606906447, 0.980885829,
2045.627338187, 0.978874741,
2045.647770028, 0.981451803,
2045.668201668, 0.980868286,
2045.688633509, 0.981507570,
2045.709065250, 0.980634679,
2045.729496891, 0.981998846,
2045.749928733, 0.983067053,
2045.770360374, 0.980396635,
2045.790792116, 0.982056852,
2045.811223958, 0.980543178,
2045.831655700, 0.981606623,
2045.852087442, 0.981289022,
2045.872519184, 0.981078256,
2045.892950927, 0.980483223,
2045.913382670, 0.980032655,
2045.933814413, 0.982087946,
2045.954246156, 0.981041408,
2046.015541486, 0.980417108,
2046.035973230, 0.981093549,
2046.056404874, 0.980488349,
2046.076836718, 0.980292355,
2046.097268463, 0.982370755,
2046.117700107, 0.980161846,
2046.138131952, 0.979867373,
2046.158563697, 0.980861388,
2046.178995342, 0.980432136,
2046.199427188, 0.980818241,
2046.260722425, 0.981078587,
2046.281154171, 0.981451797,
2046.301586017, 0.979043874,
2046.322017664, 0.980336820,
2046.342449410, 0.979240582,
2046.362881157, 0.980932619,
2046.383312904, 0.978657462,
2046.403744752, 0.981245835,
2046.424176399, 0.978676319,
2046.444608147, 0.979231746,
2046.505903391, 0.980860494,
2046.526335239, 0.979495307,
2046.546766988, 0.980980081,
2046.567198736, 0.981402069,
2046.587630485, 0.978855777,
2046.608062234, 0.981586248,
2046.628493984, 0.977814740,
2046.648925733, 0.978805528,
2046.669357483, 0.980205133,
2046.689789333, 0.980374263,
2046.730652733, 0.978773826,
2046.751084584, 0.977967546,
2046.771516234, 0.981180927,
2046.791948085, 0.979540209,
2046.812379836, 0.981782659,
2046.832811487, 0.978133106,
2046.853243339, 0.978858255,
2046.873675090, 0.979992353,
2046.894106742, 0.979127818,
2046.914538594, 0.979387795,
2046.934970346, 0.978383485,
2046.996265604, 0.979808212,
2047.016697357, 0.978697267,
2047.037129110, 0.980601356,
2047.057560864, 0.980341350,
2047.077992617, 0.978443451,
2047.098424371, 0.977844526,
2047.118856225, 0.977802487,
2047.139287879, 0.978896296,
2047.180151488, 0.978994118,
2047.261878508, 0.978067399,
2047.282310164, 0.979257867,
2047.302742019, 0.980111520,
2047.323173775, 0.980253100,
2047.343605631, 0.981348131,
2047.364037288, 0.979300070,
2047.384469044, 0.976723553,
2047.404900901, 0.978737486,
2047.425332558, 0.977774008,
2047.486627829, 0.977353645,
2047.507059687, 0.978370984,
2047.527491445, 0.981455678,
2047.547923103, 0.977071858,
2047.568354961, 0.978268987,
2047.588786720, 0.977723783,
2047.609218379, 0.978816747,
2047.629650237, 0.979422645,
2047.650081997, 0.978641504,
2047.670513756, 0.980274823,
2047.690945515, 0.978211184,
2047.711377275, 0.978562571,
2047.731809135, 0.977368654,
2047.752240795, 0.977551341,
2047.772672555, 0.977461675,
2047.793104316, 0.975566561,
2047.813536077, 0.978283296,
2047.833967837, 0.976933839,
2047.854399698, 0.978217563,
2047.874831360, 0.977576953,
2047.895263221, 0.979997342,
2047.915694983, 0.978912384,
2047.976990269, 0.977983119,
2047.997421932, 0.978059958,
2048.017853795, 0.977709112,
2048.038285558, 0.978375234,
2048.058717421, 0.979340550,
2048.079149084, 0.977844820,
2048.099580848, 0.977081529,
2048.120012711, 0.978898383,
2048.140444375, 0.977058119,
2048.160876139, 0.977283540,
2048.181308004, 0.978070966,
2048.201739668, 0.978109667,
2048.222171533, 0.977356201,
2048.242603298, 0.977129853,
2048.263034963, 0.977544269,
2048.283466829, 0.977504656,
2048.303898594, 0.978751488,
2048.324330360, 0.977128490,
2048.344762126, 0.976076937,
2048.365193892, 0.977419618,
2048.385625559, 0.977011413,
2048.406057425, 0.979136142,
2048.467352727, 0.977749699,
2048.487784494, 0.976910908,
2048.508216362, 0.976993179,
2048.528648030, 0.974809698,
2048.549079798, 0.977995560,
2048.569511666, 0.977616045,
2048.589943335, 0.976425233,
2048.610375203, 0.976695452,
2048.630806972, 0.975717390,
2048.651238641, 0.975807264,
2048.712533950, 0.976334227,
2048.732965820, 0.978539374,
2048.753397590, 0.978360053,
2048.773829461, 0.975621938,
2048.794261131, 0.977877466,
2048.814692902, 0.977539326,
2048.835124773, 0.976755594,
2048.855556444, 0.975912986,
2048.875988216, 0.978088468,
2048.896420088, 0.977382219,
2048.916851759, 0.978338986,
2048.937283532, 0.977864146,
2048.957715404, 0.977315494,
2048.978147176, 0.975371735,
2048.998578949, 0.976120523,
2049.019010722, 0.975227491,
2049.059874269, 0.976839074,
2049.080306042, 0.977159747,
2049.100737816, 0.976915708,
2049.121169590, 0.977889696,
2049.141601364, 0.978229701,
2049.202896688, 0.977476154,
2049.223328564, 0.975658317,
2049.243760239, 0.975319700,
2049.264192014, 0.976668362,
2049.284623890, 0.977935683,
2049.305055566, 0.978164447,
2049.325487342, 0.977382902,
2049.345919219, 0.977046848,
2049.366350895, 0.980090866,
2049.386782772, 0.977808462,
2049.407214549, 0.976685951,
2049.427646227, 0.975882802,
2049.448078104, 0.975761678,
2049.468509882, 0.976729246,
2049.488941660, 0.976333223,
2049.509373438, 0.976778554,
2049.529805216, 0.976963627,
2049.550237095, 0.976175304,
2049.570668774, 0.973674381,
2049.591100553, 0.979787733,
2049.611532432, 0.975978104,
2049.631964111, 0.976218667,
2049.672827771, 0.976834899,
2049.693259551, 0.975657332,
2049.713691331, 0.977267085,
2049.734123112, 0.977694035,
2049.774986674, 0.976094151,
2049.795418455, 0.976929819,
2049.815850136, 0.976240206,
2049.836282018, 0.977743217,
2049.856713800, 0.976159583,
2049.877145482, 0.976402772,
2049.918009147, 0.977021210,
2049.938441030, 0.976556667,
2049.958872713, 0.976881936,
2049.979304496, 0.976865065,
2049.999736379, 0.976450991,
2050.020168063, 0.976731904,
2050.040599847, 0.976073667,
2050.061031731, 0.975552252,
2050.081463415, 0.977426121,
2050.101895300, 0.975933944,
2050.122327085, 0.976699906,
2050.163190655, 0.978883050,
2050.183622440, 0.983728193,
2050.204054226, 0.977165770,
2050.224486012, 0.976425239,
2050.244917798, 0.975968944,
2050.265349685, 0.977170637,
2050.285781371, 0.977203366,
2050.306213158, 0.976026346,
2050.326645045, 0.978092837,
2050.347076832, 0.974962490,
2050.367508520, 0.976874239,
2050.408372095, 0.977549335,
2050.428803884, 0.977930469,
2050.449235772, 0.978163452,
2050.469667461, 0.976986979,
2050.490099350, 0.979319519,
2050.510531139, 0.978426452,
2050.530962828, 0.976857152,
2050.551394717, 0.978387479,
2050.571826507, 0.976449772,
2050.592258197, 0.976922198,
2050.653553769, 0.977013232,
2050.673985460, 0.978116341,
2050.694417251, 0.976082206,
2050.714849142, 0.976255415,
2050.735280834, 0.974247988,
2050.755712626, 0.976376838,
2050.776144518, 0.976483963,
2050.796576210, 0.977436715,
2050.817008102, 0.977551927,
2050.837439895, 0.977768286,
2050.857871688, 0.975554622,
2050.919167069, 0.980444725,
2050.939598862, 0.977970000,
2050.960030657, 0.976844338,
2050.980462451, 0.978919433,
2051.000894346, 0.976621101,
2051.021326040, 0.975886026,
2051.041757936, 0.976563139,
2051.062189631, 0.977608723,
2051.082621426, 0.976116557,
2051.103053322, 0.978003901,
2051.143916815, 0.975882950,
2051.164348711, 0.977711024,
2051.184780408, 0.977127128,
2051.205212305, 0.977346872,
2051.225644102, 0.975256589,
2051.246075799, 0.978124564,
2051.266507697, 0.977531205,
2051.286939495, 0.978252947,
2051.307371193, 0.977690137,
2051.327803091, 0.979156367,
2051.348234890, 0.978294379,
2051.368666789, 0.979722098,
2051.389098488, 0.979481711,
2051.409530287, 0.978235990,
2051.429962187, 0.975433399,
2051.450393887, 0.977014259,
2051.470825686, 0.977737594,
2051.491257587, 0.979329644,
2051.511689387, 0.979548935,
2051.532121088, 0.976647931,
2051.552552989, 0.979448213,
2051.572984790, 0.978496450,
2051.593416592, 0.979820303,
2051.634280195, 0.977860149,
2051.654711997, 0.978106680,
2051.675143800, 0.978808080,
2051.695575603, 0.979358979,
2051.716007405, 0.977862252,
2051.736439209, 0.976989076,
2051.756871112, 0.978404012,
2051.777302816, 0.978736544,
2051.797734619, 0.976873463,
2051.818166523, 0.980325947,
2051.838598228, 0.979157549,
2051.879461937, 0.978963250,
2051.899893642, 0.978667382,
2051.920325547, 0.977396572,
2051.940757353, 0.979386906,
2051.961189059, 0.979784734,
2051.981620965, 0.982185013,
2052.002052771, 0.978443344,
2052.022484478, 0.980658537,
2052.042916384, 0.979118639,
2052.063348191, 0.978355417,
2052.083780099, 0.978453173,
2052.124643614, 0.980035642,
2052.145075522, 0.978401193,
2052.165507330, 0.978327589,
2052.185939038, 0.979270967,
2052.206370947, 0.980185500,
2052.226802756, 0.980122199,
2052.247234465, 0.977897817,
2052.267666375, 0.982031886,
2052.288098184, 0.977179925,
2052.308530094, 0.980799271,
2052.328961804, 0.979488158,
2052.369825525, 0.979228448,
2052.390257236, 0.979189684,
2052.410689047, 0.981038387,
2052.431120859, 0.979336698,
2052.451552670, 0.980575152,
2052.471984582, 0.978944115,
2052.492416295, 0.981262847,
2052.512848107, 0.980036436,
2052.533280020, 0.980653357,
2052.553711732, 0.978525763,
2052.574143545, 0.980794518,
2052.615007172, 0.980538823,
2052.635439086, 0.978161359,
2052.655870900, 0.979384891,
2052.676302615, 0.980925382,
2052.696734529, 0.979080583,
2052.717166344, 0.980040369,
2052.737598159, 0.979177381,
2052.758029975, 0.979546043,
2052.778461790, 0.981555858,
2052.798893606, 0.981379862,
2052.819325422, 0.980027633,
2052.860189155, 0.981222471,
2052.880620972, 0.979427888,
2052.901052689, 0.979948678,
2052.921484607, 0.982363428,
2052.941916424, 0.980542601,
2052.962348142, 0.980595020,
2052.982780060, 0.980684224,
2053.003211879, 0.980518814,
2053.023643797, 0.979841230,
2053.044075516, 0.979254132,
2053.064507335, 0.980505618,
2053.146234614, 0.979455599,
2053.166666435, 0.980355817,
2053.187098355, 0.980442005,
2053.207530076, 0.980873501,
2053.227961897, 0.979614283,
2053.248393819, 0.982342115,
2053.268825540, 0.982057629,
2053.289257362, 0.979391019,
2053.309689285, 0.978719081,
2053.350552930, 0.979739201,
2053.370984753, 0.980198310,
2053.391416576, 0.982212418,
2053.411848399, 0.979780574,
2053.432280223, 0.977919475,
2053.452712047, 0.979700371,
2053.473143871, 0.979532155,
2053.493575696, 0.981733316,
2053.514007520, 0.978594607,
2053.534439445, 0.982884624,
2053.554871171, 0.980649082,
2053.595734922, 0.981017464,
2053.616166648, 0.980916784,
2053.636598574, 0.981927817,
2053.657030401, 0.979681593,
2053.677462128, 0.979350706,
2053.697894055, 0.981436896,
2053.718325882, 0.981580143,
2053.738757709, 0.980095657,
2053.759189537, 0.979973017,
2053.779621365, 0.984104338,
2053.800053194, 0.980673107,
2053.840916751, 0.981573620,
2053.861348680, 0.979846453,
2053.881780510, 0.981797841,
2053.902212439, 0.980052457,
2053.922644169, 0.980119881,
2053.943075999, 0.980359269,
2053.963507930, 0.980363501,
2053.983939660, 0.980791598,
2054.004371491, 0.980064361,
2054.024803423, 0.982003347,
2054.045235254, 0.982435054,
2054.086098918, 0.981298903,
2054.106530750, 0.980226747,
2054.126962583, 0.980286879,
2054.147394415, 0.982050922,
2054.167826248, 0.980500693,
2054.188258182, 0.981411517,
2054.208689915, 0.980525683,
2054.229121749, 0.982127455,
2054.249553683, 0.981623910,
2054.269985418, 0.979224151,
2054.290417352, 0.981202933,
2054.351712858, 0.980928372,
2054.372144693, 0.980344432,
2054.392576429, 0.980586964,
2054.413008366, 0.980430799,
2054.433440202, 0.978854974,
2054.453872039, 0.981157730,
2054.474303876, 0.982382596,
2054.494735613, 0.981993647,
2054.515167551, 0.979819561,
2054.535599388, 0.980190109,
2054.576463065, 0.981517195,
2054.596894904, 0.978887721,
2054.617326842, 0.981739258,
2054.637758581, 0.978245181,
2054.658190421, 0.983054418,
2054.678622361, 0.979668661,
2054.699054101, 0.980418399,
2054.719485941, 0.979123041,
2054.739917881, 0.981302819,
2054.760349722, 0.982320191,
2054.780781563, 0.981618564,
2054.821645246, 0.980047854,
2054.842077088, 0.982982496,
2054.862508930, 0.979956989,
2054.882940772, 0.981286085,
2054.903372715, 0.982066526,
2054.923804458, 0.976735695,
2054.944236301, 0.980907621,
2054.964668244, 0.979670237,
2054.985099988, 0.980431046,
2055.005531932, 0.980772007,
2055.025963776, 0.978973224,
2055.087259211, 0.983589957,
2055.107691056, 0.979718458,
2055.128123002, 0.979844100,
2055.148554748, 0.980569396,
2055.168986694, 0.979099945,
2055.189418540, 0.980968463,
2055.209850287, 0.977150362,
2055.230282234, 0.980184460,
2055.250714081, 0.978609156,
2055.271145929, 0.980039535,
2055.291577776, 0.979794348,
2055.312009624, 0.978809926,
2055.332441573, 0.979979019,
2055.352873321, 0.979639770,
2055.373305170, 0.982882938,
2055.393737120, 0.981047937,
2055.414168969, 0.977356709,
2055.434600719, 0.980567625,
2055.455032669, 0.979309116,
2055.475464519, 0.980212773,
2055.495896370, 0.979360009,
2055.516328220, 0.979748734,
2055.557192023, 0.980122740,
2055.577623774, 0.977951485,
2055.598055626, 0.979019343,
2055.618487579, 0.980314631,
2055.638919331, 0.979632052,
2055.659351184, 0.978541360,
2055.679783137, 0.979176555,
2055.700214890, 0.978871481,
2055.720646844, 0.979668485,
2055.741078598, 0.977895271,
2055.761510452, 0.978997521,
2055.802374161, 0.979678234,
2055.822806016, 0.980449375,
2055.843237971, 0.977868719,
2055.863669727, 0.978128955,
2055.884101682, 0.979215924,
2055.904533539, 0.978489235,
2055.924965395, 0.980521612,
2055.945397252, 0.980007989,
2055.965829108, 0.978370136,
2055.986260966, 0.978424040,
2056.006692823, 0.978103949,
2056.067988497, 0.978419978,
2056.088420256, 0.980257623,
2056.108852215, 0.978781462,
2056.129284074, 0.977027055,
2056.149715833, 0.978866766,
2056.170147793, 0.977705197,
2056.190579653, 0.980031547,
2056.211011614, 0.979842340,
2056.231443374, 0.980367204,
2056.251875235, 0.977450756,
2056.272307196, 0.977275584,
2056.292738958, 0.978586577,
2056.313170819, 0.979563201,
2056.333602781, 0.978231725,
2056.354034544, 0.978476440,
2056.374466406, 0.977131222,
2056.394898269, 0.979252777,
2056.415330132, 0.979078219,
2056.435762096, 0.981345342,
2056.456193959, 0.979763018,
2056.476625723, 0.977902678,
2056.497057687, 0.978053060,
2056.537921317, 0.978429317,
2056.578785147, 0.979860120,
2056.599217013, 0.978489757,
2056.619648879, 0.978704371,
2056.640080745, 0.980842184,
2056.660512612, 0.977814560,
2056.680944479, 0.978535312,
2056.701376346, 0.976857296,
2056.721808213, 0.981674073,
2056.742240081, 0.978386772,
2056.783103917, 0.980432211,
2056.803535686, 0.978622210,
2056.823967655, 0.978538344,
2056.844399524, 0.980226372,
2056.864831293, 0.979993730,
2056.885263263, 0.978319470,
2056.905695133, 0.976504003,
2056.926127103, 0.978266516,
2056.946558874, 0.979960411,
2056.966990745, 0.982581595,
2056.987422716, 0.980372766,
2057.028286359, 0.978738627,
2057.048718331, 0.980736634,
2057.069150103, 0.980296490,
2057.089581976, 0.978171333,
2057.110013849, 0.977953457,
2057.130445722, 0.979835183,
2057.150877696, 0.980437414,
2057.171309469, 0.979757812,
2057.191741344, 0.978070893,
2057.212173318, 0.981624431,
2057.232605193, 0.979199251,
2057.293900818, 0.978847396,
2057.314332694, 0.979118938,
2057.334764570, 0.979991762,
