BJD - 2454833, Corrected Flux
1977.262444508, 1.002535656,
1977.282876770, 1.001866297,
1977.303308932, 1.002635769,
1977.364605815, 1.003476310,
1977.385038075, 1.002954968,
1977.405470334, 1.003496301,
1977.425902593, 1.003173706,
1977.446334952, 1.002635891,
1977.466767110, 1.003126472,
1977.487199468, 1.003615893,
1977.507631725, 1.003781115,
1977.528063882, 1.003026027,
1977.548496238, 1.003189465,
1977.568928493, 1.003556417,
1977.589360649, 1.003640336,
1977.609793004, 1.003137748,
1977.630225258, 1.003601894,
1977.650657412, 1.003290770,
1977.671089765, 1.004570626,
1977.691522018, 1.003667308,
1977.711954171, 1.004583108,
1977.732386523, 1.004368008,
1977.752818774, 1.004213290,
1977.773250925, 1.004447050,
1977.793683276, 1.003830371,
1977.814115526, 1.002980916,
1977.834547776, 1.003450243,
1977.854980025, 1.003710187,
1977.875412274, 1.004435005,
1977.895844522, 1.004168675,
1977.916276769, 1.003495211,
1977.936709017, 1.003628354,
1977.957141363, 1.004394047,
1977.977573510, 1.003872093,
1977.998005756, 1.004155111,
1978.018438101, 1.003807750,
1978.038870246, 1.004668806,
1978.059302491, 1.003833942,
1978.079734835, 1.004009234,
1978.100166978, 1.003761447,
1978.120599221, 1.004192050,
1978.141031564, 1.004240431,
1978.161463706, 1.004915772,
1978.181895948, 1.003512577,
1978.202328289, 1.004553642,
1978.222760430, 1.004105830,
1978.243192770, 1.003855936,
1978.263625010, 1.003999849,
1978.284057249, 1.003537584,
1978.304489488, 1.004432867,
1978.324921726, 1.005013601,
1978.345353965, 1.003965384,
1978.365786202, 1.003587352,
1978.386218439, 1.003551219,
1978.406650676, 1.004795625,
1978.427082912, 1.003952200,
1978.447515148, 1.004213190,
1978.467947383, 1.003931873,
1978.488379617, 1.004202893,
1978.508811852, 1.004296864,
1978.529243985, 1.004250364,
1978.590540684, 1.004135494,
1978.610973016, 1.003653358,
1978.631405248, 1.005291249,
1978.651837579, 1.006197228,
1978.672269709, 1.010958345,
1978.692701939, 1.007401357,
1978.713134269, 1.004888307,
1978.733566398, 1.003427054,
1978.753998627, 1.004216486,
1978.774430955, 1.003153854,
1978.794863183, 1.003474305,
1978.815295310, 1.003790763,
1978.835727637, 1.004505350,
1978.856159863, 1.004307181,
1978.876591989, 1.003772201,
1978.917456540, 1.003600199,
1978.937888664, 1.002796161,
1978.958320988, 1.003371454,
1978.978753212, 1.003841522,
1978.999185335, 1.002742410,
1979.019617658, 1.004065732,
1979.060482002, 1.003598413,
1979.080914323, 1.004539680,
1979.101346545, 1.003872446,
1979.121778865, 1.004483181,
1979.142210985, 1.004732224,
1979.162643204, 1.004019027,
1979.183075423, 1.003681736,
1979.203507642, 1.003867393,
1979.223939860, 1.004974890,
1979.244372078, 1.003644213,
1979.264804295, 1.004015235,
1979.285236512, 1.003722030,
1979.305668728, 1.003416055,
1979.326100944, 1.003323617,
1979.346533160, 1.003143232,
1979.366965474, 1.004073548,
1979.387397589, 1.004436877,
1979.407829803, 1.004579061,
1979.428262116, 1.003743232,
1979.448694230, 1.003387647,
1979.469126442, 1.004009932,
1979.489558754, 1.003129790,
1979.509990866, 1.004110219,
1979.530423078, 1.004054236,
1979.550855389, 1.004477518,
1979.571287499, 1.004468492,
1979.591719809, 1.004891612,
1979.612152018, 1.004506127,
1979.632584227, 1.004622009,
1979.653016436, 1.003385252,
1979.673448644, 1.003533539,
1979.693880852, 1.003148960,
1979.714313059, 1.004312839,
1979.734745265, 1.004396580,
1979.775609678, 1.003674561,
1979.796041883, 1.004668534,
1979.816474088, 1.003947374,
1979.836906393, 1.004538959,
1979.857338497, 1.004321739,
1979.877770700, 1.003822923,
1979.898202903, 1.003830972,
1979.918635106, 1.003577918,
1979.939067308, 1.003988269,
1979.959499510, 1.003756172,
1980.000363912, 1.003904451,
1980.020796113, 1.004011633,
1980.041228313, 1.003658282,
1980.061660612, 1.002663953,
1980.082092711, 1.004359475,
1980.102524910, 1.003697320,
1980.122957208, 1.003337508,
1980.143389306, 1.002962373,
1980.163821503, 1.003853182,
1980.184253800, 1.004594155,
1980.204685996, 1.003626647,
1980.225118092, 1.004237719,
1980.245550387, 1.003666278,
1980.265982582, 1.003568093,
1980.286414677, 1.003889582,
1980.306846971, 1.003927994,
1980.327279165, 1.004804414,
1980.347711258, 1.004229464,
1980.368143551, 1.005036063,
1980.388575743, 1.003515591,
1980.409007835, 1.002202974,
1980.429440126, 1.003272621,
1980.449872317, 1.003598661,
1980.470304508, 1.003615595,
1980.511168888, 1.003433603,
1980.531601177, 1.003906098,
1980.552033266, 1.003853134,
1980.572465454, 1.003649629,
1980.592897742, 1.003773342,
1980.613329829, 1.004514503,
1980.633762016, 1.004601737,
1980.654194303, 1.004059349,
1980.674626389, 1.004179734,
1980.695058575, 1.003013794,
1980.715490860, 1.002495233,
1980.735922944, 1.003614790,
1980.756355129, 1.003891169,
1980.776787413, 1.003863442,
1980.797219496, 1.004362143,
1980.817651679, 1.004537041,
1980.838083962, 1.003651596,
1980.858516044, 1.003413423,
1980.878948225, 1.003414986,
1980.899380507, 1.003630837,
1980.919812587, 1.003751540,
1980.940244767, 1.004091999,
1980.960677047, 1.003883719,
1980.981109127, 1.003164332,
1981.042405762, 1.002915474,
1981.062837940, 1.002727065,
1981.083270117, 1.004736483,
1981.103702294, 1.004191025,
1981.124134470, 1.004247461,
1981.144566646, 1.004163637,
1981.164998822, 1.003238132,
1981.185431096, 1.004165494,
1981.205863171, 1.003715099,
1981.226295345, 1.003442058,
1981.246727619, 1.003557845,
1981.267159692, 1.003659068,
1981.287591865, 1.003925441,
1981.308024137, 1.003779403,
1981.328456209, 1.004109551,
1981.348888381, 1.003980450,
1981.369320651, 1.004359057,
1981.389752722, 1.004037936,
1981.410184892, 1.003624330,
1981.430617062, 1.003775512,
1981.451049231, 1.002514945,
1981.471481500, 1.002886478,
1981.594074504, 1.003326278,
1981.614506669, 1.004104943,
1981.634938735, 1.004372568,
1981.655371000, 1.003397908,
1981.675803164, 1.003362590,
1981.696235228, 1.003336012,
1981.716667492, 1.003963292,
1981.737099655, 1.004274165,
1981.757531718, 1.002814947,
1981.777963980, 1.003876225,
1981.798396142, 1.002857018,
1981.818828203, 1.003094814,
1981.839260464, 1.003940039,
1981.859692625, 1.003469133,
1981.880124785, 1.003276557,
1981.900556944, 1.003748506,
1981.920989103, 1.003881425,
1981.941421362, 1.003880525,
1981.961853420, 1.003998812,
1981.982285578, 1.004187529,
1982.002717836, 1.003647106,
1982.023149993, 1.003943725,
1982.043582049, 1.003554593,
1982.064014305, 1.004213597,
1982.084446461, 1.004071217,
1982.104878516, 1.003067770,
1982.125310772, 1.003258097,
1982.145742826, 1.003231566,
1982.166174980, 1.003471485,
1982.186607233, 1.002612612,
1982.207039287, 1.003355979,
1982.227471439, 1.002928763,
1982.247903692, 1.003422156,
1982.268335743, 1.003896640,
1982.288767895, 1.003589643,
1982.309200146, 1.003635121,
1982.329632196, 1.003562131,
1982.350064346, 1.003736276,
1982.370496596, 1.003600972,
1982.390928745, 1.003060543,
1982.411360894, 1.003913033,
1982.431793042, 1.004313670,
1982.452225190, 1.004787516,
1982.472657338, 1.005379633,
1982.493089485, 1.007042760,
1982.513521631, 1.007111253,
1982.533953878, 1.006161509,
1982.554385924, 1.006239213,
1982.574818069, 1.006086874,
1982.595250314, 1.004855812,
1982.615682358, 1.004495108,
1982.656546746, 1.002971615,
1982.676978789, 1.002989721,
1982.697410932, 1.003450084,
1982.717843174, 1.003182068,
1982.738275216, 1.003796930,
1982.758707358, 1.003909466,
1982.779139599, 1.003143410,
1982.799571640, 1.002436370,
1982.820003780, 1.002898927,
1982.840436019, 1.003243396,
1982.860868159, 1.003416846,
1982.881300298, 1.003823007,
1982.901732436, 1.002628830,
1982.922164474, 1.003281889,
1982.942596712, 1.003552461,
1982.983460886, 1.002682046,
1983.003893123, 1.002461717,
1983.024325258, 1.003337361,
1983.044757294, 1.003064374,
1983.065189529, 1.003650655,
1983.085621664, 1.003346069,
1983.106053698, 1.003200175,
1983.126485932, 1.003263422,
1983.146918065, 1.003446255,
1983.167350098, 1.003239661,
1983.187782330, 1.003479677,
1983.208214463, 1.003360685,
1983.228646594, 1.003821461,
1983.249078726, 1.002992057,
1983.269510856, 1.003535806,
1983.289942987, 1.003671045,
1983.310375117, 1.002883997,
1983.330807246, 1.002971875,
1983.371671604, 1.003540166,
1983.392103633, 1.002910016,
1983.412535860, 1.003113217,
1983.432967988, 1.004109322,
1983.473832242, 1.003173644,
1983.494264368, 1.003163006,
1983.535128619, 1.003244467,
1983.555560744, 1.004150327,
1983.575992768, 1.003725722,
1983.596424992, 1.003353944,
1983.616857116, 1.003556688,
1983.637289139, 1.003942385,
1983.657721362, 1.003876348,
1983.678153384, 1.002821695,
1983.698585606, 1.002845173,
1983.719017728, 1.002659186,
1983.739449749, 1.003452195,
1983.759881870, 1.003518993,
1983.780314090, 1.003550398,
1983.800746210, 1.002769193,
1983.821178329, 1.003254030,
1983.841610449, 1.003100867,
1983.862042567, 1.002680030,
1983.882474785, 1.003038535,
1983.902906803, 1.002194355,
1983.923338920, 1.003864297,
1983.943771137, 1.003029741,
1983.964203154, 1.003809625,
1983.984635270, 1.003158184,
1984.005067485, 1.003117086,
1984.025499501, 1.002604773,
1984.045931616, 1.002985414,
1984.066363830, 1.003153537,
1984.086795844, 1.003589024,
1984.107227958, 1.002962331,
1984.127660171, 1.002945165,
1984.148092183, 1.002041133,
1984.168524296, 1.003005960,
1984.188956508, 1.003316070,
1984.209388620, 1.004932011,
1984.229820630, 1.003118591,
1984.250252841, 1.003326247,
1984.270684952, 1.003324040,
1984.291117062, 1.002676000,
1984.311549171, 1.003291909,
1984.331981280, 1.002575706,
1984.352413488, 1.002668438,
1984.372845496, 1.025460540,
1984.393277504, 1.003264098,
1984.413709712, 1.003253340,
1984.475006031, 1.003113156,
1984.495438137, 1.002793964,
1984.515870142, 1.003188844,
1984.536302347, 1.002758971,
1984.556734452, 1.003661654,
1984.577166456, 1.002403104,
1984.597598659, 1.002585930,
1984.618030763, 1.002591561,
1984.638462865, 1.002869778,
1984.658894968, 1.002603787,
1984.679327070, 1.002920179,
1984.699759171, 1.003306956,
1984.720191373, 1.002390923,
1984.740623373, 1.002883010,
1984.761055574, 1.003040837,
1984.781487673, 1.002827052,
1984.801919673, 1.002718921,
1984.822351872, 1.002742009,
1984.842783971, 1.003123736,
1984.863215969, 1.003340468,
1984.883648167, 1.003208629,
1984.904080265, 1.003030413,
1984.985808550, 1.003463771,
1985.006240746, 1.003158804,
1985.026672841, 1.003219934,
1985.047104935, 1.002718456,
1985.067537030, 1.002678180,
1985.087969123, 1.002673172,
1985.108401217, 1.003797811,
1985.128833310, 1.002489611,
1985.149265402, 1.002880208,
1985.169697394, 1.003134106,
1985.190129586, 1.002644909,
1985.210561677, 1.001671767,
1985.230993868, 1.002509914,
1985.251425859, 1.003647197,
1985.271857949, 1.002433028,
1985.292290139, 1.003011146,
1985.312722128, 1.003558832,
1985.333154217, 1.002923172,
1985.353586406, 1.003391860,
1985.374018393, 1.003317525,
1985.394450481, 1.002909385,
1985.455746742, 1.002770791,
1985.476178928, 1.002705974,
1985.496610914, 1.003661879,
1985.537475184, 1.003218350,
1985.557907268, 1.002310758,
1985.578339252, 1.002368615,
1985.598771436, 1.002675161,
1985.619203519, 1.002660424,
1985.639635502, 1.002787990,
1985.660067684, 1.001755819,
1985.680499766, 1.002715129,
1985.700931948, 1.002839975,
1985.721363929, 1.002549939,
1985.741796010, 1.003754979,
1985.762228190, 1.002291575,
1985.782660170, 1.003385793,
1985.803092250, 1.002658979,
1985.823524429, 1.003408181,
1985.843956408, 1.002749749,
1985.864388486, 1.002494215,
1985.884820564, 1.001971353,
1985.946116796, 1.002222669,
1985.966548872, 1.002751578,
1985.986980948, 1.002821397,
1986.007413024, 1.003054387,
1986.027845099, 1.003169930,
1986.048277173, 1.003427773,
1986.068709348, 1.003379785,
1986.089141322, 1.003490876,
1986.109573396, 1.002689591,
1986.150437541, 1.003184434,
1986.170869714, 1.003953710,
1986.191301786, 1.002800684,
1986.211733757, 1.002877712,
1986.232165929, 1.003419643,
1986.252597999, 1.002773428,
1986.273029970, 1.002392209,
1986.293462140, 1.003270520,
1986.313894209, 1.002650005,
1986.334326179, 1.002945558,
1986.354758348, 1.003014280,
1986.375190416, 1.002431705,
1986.395622483, 1.002257938,
1986.416054551, 1.002882598,
1986.436486619, 1.003207388,
1986.456918686, 1.002284456,
1986.477350752, 1.002024775,
1986.497782818, 1.002697838,
1986.518214883, 1.003340316,
1986.538647049, 1.003348360,
1986.559079013, 1.002932118,
1986.579511078, 1.002895997,
1986.599943142, 1.002858293,
1986.620375206, 1.003313543,
1986.681671394, 1.001798360,
1986.702103556, 1.002466907,
1986.722535518, 1.002288378,
1986.742967579, 1.003034446,
1986.763399740, 1.002795371,
1986.783831700, 1.002412740,
1986.804263761, 1.002865058,
1986.824695920, 1.002946402,
1986.845127880, 1.003021056,
1986.865559938, 1.002620330,
1986.926856113, 1.002524951,
1986.947288270, 1.003080452,
1986.967720327, 1.002490316,
1986.988152284, 1.002394254,
1987.008584440, 1.002088604,
1987.029016496, 1.002024632,
1987.049448451, 1.002551792,
1987.069880606, 1.002796550,
1987.090312660, 1.003556525,
1987.110744815, 1.001957572,
1987.172040975, 1.003106140,
1987.192472928, 1.002347710,
1987.212904980, 1.002480176,
1987.233337132, 1.002205636,
1987.253769083, 1.002661448,
1987.274201134, 1.002617150,
1987.294633285, 1.003064502,
1987.315065235, 1.003071055,
1987.335497285, 1.002042554,
1987.355929435, 1.003028986,
1987.376361384, 1.001914166,
1987.396793433, 1.002423131,
1987.417225481, 1.002950218,
1987.437657529, 1.002302066,
1987.458089577, 1.002943613,
1987.478521724, 1.002967380,
1987.498953671, 1.002001532,
1987.519385817, 1.002024651,
1987.539817863, 1.002525957,
1987.560249809, 1.002653518,
1987.580681954, 1.002191979,
1987.601113999, 1.002421322,
1987.662410131, 1.002356282,
1987.682842075, 1.002004797,
1987.703274218, 1.002479265,
1987.723706260, 1.002428663,
1987.744138302, 1.001549001,
1987.764570344, 1.003021799,
1987.785002385, 1.002072705,
1987.805434427, 1.002945669,
1987.825866467, 1.002042204,
1987.846298507, 1.001671221,
1987.907594626, 1.002993534,
1987.928026664, 1.002486750,
1987.948458803, 1.002161044,
1987.968890741, 1.002783147,
1987.989322878, 1.002347599,
1988.009754915, 1.001615598,
1988.030186852, 1.002558677,
1988.050618989, 1.002010958,
1988.071051025, 1.001031693,
1988.091482961, 1.002906830,
1988.111915095, 1.001983905,
1988.132347030, 1.002427421,
1988.152779065, 1.001670382,
1988.173211199, 1.002253133,
1988.193643133, 1.002517204,
1988.214075166, 1.002607182,
1988.234507299, 1.002451769,
1988.254939232, 1.002143702,
1988.275371264, 1.001512799,
1988.295803396, 1.002003454,
1988.316235427, 1.002845906,
1988.336667358, 1.001964907,
1988.397963449, 1.003715680,
1988.438827608, 1.005563983,
1988.459259737, 1.001739886,
1988.479691665, 1.001138811,
1988.500123693, 1.001677792,
1988.520555821, 1.001798071,
1988.540987748, 1.003002773,
1988.561419775, 1.002172500,
1988.643147979, 1.002758712,
1988.663579903, 1.002966282,
1988.684011928, 1.002815398,
1988.704444052, 1.001981424,
1988.724875977, 1.003124009,
1988.745308000, 1.003165621,
1988.765740123, 1.002992674,
1988.786172146, 1.003095137,
1988.806604068, 1.002444299,
1988.827036190, 1.002375128,
1988.908764174, 1.003845928,
1988.929196294, 1.002594616,
1988.949628314, 1.002565988,
1988.970060233, 1.002013608,
1988.990492353, 1.003074672,
1989.010924371, 1.002568501,
1989.031356290, 1.001988522,
1989.051788407, 1.003643613,
1989.072220425, 1.001991893,
1989.092652342, 1.002771186,
1989.113084459, 1.003146278,
1989.133516475, 1.001811515,
1989.153948491, 1.002783526,
1989.174380507, 1.002372341,
1989.194812522, 1.002450499,
1989.215244537, 1.003273297,
1989.235676552, 1.002839565,
1989.256108566, 1.002112747,
1989.276540580, 1.002039524,
1989.296972693, 1.002887878,
1989.317404606, 1.003246241,
1989.378700643, 1.002679366,
1989.399132755, 1.002542233,
1989.419564766, 1.002731605,
1989.439996676, 1.002295645,
1989.460428787, 1.002854094,
1989.480860797, 1.003028141,
1989.501292707, 1.001425176,
1989.521724816, 1.003120100,
1989.542156825, 1.003094800,
1989.562588734, 1.002003765,
1989.583020841, 1.003430445,
1989.603452849, 1.002237485,
1989.623884757, 1.001966317,
1989.644316864, 1.003011561,
1989.664748871, 1.002505924,
1989.685180777, 1.002670787,
1989.705612883, 1.003492664,
1989.726044889, 1.003576421,
1989.746476794, 1.003290556,
1989.766908899, 1.002791977,
1989.787340903, 1.002079255,
1989.807772807, 1.003283226,
1989.869069018, 1.002627135,
1989.889500920, 1.002407434,
1989.909932923, 1.002364408,
1989.930365025, 1.003383611,
1989.950796926, 1.002167478,
1989.971228928, 1.003655720,
1989.991661029, 1.003139681,
1990.012092929, 1.003105875,
1990.032524929, 1.002629117,
1990.052957029, 1.002911510,
1990.073388929, 1.003311681,
1990.093820928, 1.002313800,
1990.114253026, 1.003452015,
1990.134685024, 1.003667643,
1990.155116923, 1.003140840,
1990.175549020, 1.003167835,
1990.195981017, 1.003451902,
1990.216412914, 1.003560305,
1990.236845011, 1.003936852,
1990.257277007, 1.003275373,
1990.277709003, 1.002882096,
1990.298140998, 1.004343244,
1990.359436982, 1.003150166,
1990.379868876, 1.003007329,
1990.400300970, 1.003932341,
1990.441164856, 1.002983369,
1990.461596948, 1.003156530,
1990.482028940, 1.002212005,
1990.502460932, 1.003505614,
1990.543324915, 1.002952894,
1990.604620886, 1.003040396,
1990.625052876, 1.002449738,
1990.645484965, 1.003425386,
1990.665916854, 1.003420921,
1990.686348842, 1.002578295,
1990.706780930, 1.002857503,
1990.727212818, 1.002616536,
1990.747644906, 1.002625079,
1990.768076893, 1.003081112,
1990.788508780, 1.003078108,
1990.849804738, 1.001969690,
1990.870236823, 1.003443897,
1990.890668808, 1.002968315,
1990.911100692, 1.002866401,
1990.931532777, 1.003109335,
1990.951964761, 1.001611336,
1990.972396744, 1.003048535,
1990.992828728, 1.003141908,
1991.013260710, 1.002723421,
1991.033692693, 1.002957933,
1991.054124675, 1.003070351,
1991.074556657, 1.003457942,
1991.094988538, 1.002074816,
1991.115420619, 1.002998260,
1991.135852600, 1.002340136,
1991.156284680, 1.002914761,
1991.176716560, 1.003119736,
1991.197148540, 1.003367695,
1991.217580619, 1.002750238,
1991.238012498, 1.001490492,
1991.258444477, 1.003375808,
1991.278876555, 1.003817361,
1991.340172488, 1.003424156,
1991.360604364, 1.002860537,
1991.381036341, 1.002809338,
1991.401468417, 1.002823117,
1991.421900293, 1.003081554,
1991.442332268, 1.002872469,
1991.462764343, 1.002619400,
1991.483196318, 1.003283574,
1991.503628192, 1.002308702,
1991.524060266, 1.003369172,
1991.544492240, 1.002839726,
1991.564924113, 1.002847282,
1991.585356186, 1.002474544,
1991.626220231, 1.002008489,
1991.646652102, 1.002663786,
1991.667084074, 1.002035541,
1991.687516145, 1.001549055,
1991.707948016, 1.003235065,
1991.728379986, 1.002750734,
1991.748811956, 1.002238293,
1991.769243926, 1.003104453,
1991.789675896, 1.002822446,
1991.810107865, 1.002563547,
1991.830539833, 1.003266485,
1991.850971802, 1.002481082,
1991.871403770, 1.002628285,
1991.891835738, 1.002237831,
1991.912267705, 1.002258013,
1991.932699672, 1.003134416,
1991.953131639, 1.003186284,
1991.973563605, 1.002190886,
1991.993995671, 1.002540700,
1992.014427536, 1.003120249,
1992.075723431, 1.002837043,
1992.096155495, 1.002297289,
1992.116587459, 1.003138755,
1992.137019323, 1.002628979,
1992.157451386, 1.003236629,
1992.177883349, 1.002904083,
1992.198315211, 1.002993287,
1992.218747273, 1.003039345,
1992.239179235, 1.002606784,
1992.259611097, 1.003285338,
1992.300475119, 1.003393258,
1992.320907079, 1.002940300,
1992.341339039, 1.002847874,
1992.361770999, 1.002694816,
1992.382202958, 1.002826545,
1992.402634917, 1.002597616,
1992.423066876, 1.002124797,
1992.443498934, 1.002932148,
1992.463930892, 1.002792144,
1992.484362750, 1.002435657,
1992.504794807, 1.002411575,
1992.525226664, 1.002315364,
1992.545658621, 1.002605133,
1992.566090677, 1.002396451,
1992.586522533, 1.003565317,
1992.606954489, 1.002476822,
1992.647818399, 1.003123495,
1992.668250353, 1.003484110,
1992.688682408, 1.002303718,
1992.709114262, 1.001973089,
1992.729546215, 1.003273425,
1992.749978268, 1.002505464,
1992.811274126, 1.003356637,
1992.831706078, 1.002182999,
1992.852138029, 1.002660495,
1992.872569980, 1.002465732,
1992.893001931, 1.002547812,
1992.913433882, 1.002480427,
1992.933865832, 1.002617756,
1992.954297782, 1.003167636,
1992.974729832, 1.002671833,
1992.995161680, 1.002872452,
1993.015593629, 1.003204834,
1993.036025678, 1.002723052,
1993.056457526, 1.002788645,
1993.076889474, 1.002389393,
1993.097321521, 1.003340851,
1993.138185315, 1.002375679,
1993.158617362, 1.002328155,
1993.199481153, 1.002906765,
1993.219913199, 1.002756152,
1993.301640877, 1.002394309,
1993.322072921, 1.003159692,
1993.342504865, 1.003250715,
1993.362936708, 1.002077740,
1993.383368750, 1.003106783,
1993.403800693, 1.002300186,
1993.424232535, 1.002951404,
1993.444664577, 1.002001189,
1993.465096518, 1.003042584,
1993.485528359, 1.002565004,
1993.546824181, 1.002352049,
1993.567256220, 1.002877629,
1993.587688160, 1.002400190,
1993.608119999, 1.003113964,
1993.628552037, 1.002799087,
1993.648983976, 1.002723175,
1993.669416014, 1.002507089,
1993.689847852, 1.002335580,
1993.710279789, 1.001763928,
1993.730711826, 1.002908811,
1993.751143663, 1.001771348,
1993.771575599, 1.002305623,
1993.792007636, 1.002199752,
1993.812439571, 1.002921775,
1993.832871407, 1.003238565,
1993.853303442, 1.002755230,
1993.873735377, 1.002643002,
1993.894167211, 1.003152224,
1993.914599245, 1.002663124,
1993.935031179, 1.002418780,
1993.955463013, 1.002909183,
1993.975895046, 1.002631314,
1994.037190843, 1.002708433,
1994.057622675, 1.002212044,
1994.078054706, 1.002722336,
1994.098486637, 1.002488423,
1994.118918468, 1.002098778,
1994.139350499, 1.001804809,
1994.159782429, 1.001332613,
1994.180214359, 1.002385834,
1994.200646288, 1.002152889,
1994.221078218, 1.003103261,
1994.282374003, 1.003071808,
1994.302805931, 1.002431028,
1994.323237859, 1.002847073,
1994.343669786, 1.002735455,
1994.364101713, 1.002948708,
1994.384533739, 1.002232742,
1994.404965566, 1.002242164,
1994.425397492, 1.002482352,
1994.445829517, 1.001492938,
1994.466261342, 1.002426075,
1994.486693367, 1.002344279,
1994.507125292, 1.002032420,
1994.527557116, 1.002978839,
1994.547989140, 1.002099759,
1994.568421064, 1.002377517,
1994.588852887, 1.002021313,
1994.609284910, 1.001918197,
1994.629716833, 1.002510561,
1994.650148755, 1.002158315,
1994.670580677, 1.002543620,
1994.691012599, 1.001892662,
1994.711444421, 1.003128427,
1994.772740183, 1.002391276,
1994.793172203, 1.002858673,
1994.813604123, 1.001428908,
1994.834035942, 1.002454936,
1994.874899880, 1.002677338,
1994.895331899, 1.002150008,
1994.915763717, 1.002873516,
1994.936195635, 1.002012469,
1994.956627653, 1.001795055,
1995.017923403, 1.000979598,
1995.038355220, 1.003524420,
1995.058787135, 1.001856483,
1995.079219151, 1.002990353,
1995.099650966, 1.002612290,
1995.120082881, 1.002478936,
1995.140514896, 1.001258871,
1995.181378625, 1.002018578,
1995.201810638, 1.002274899,
1995.263106377, 1.002090487,
1995.283538290, 1.002214813,
1995.303970202, 1.002940253,
1995.324402114, 1.001715872,
1995.344834025, 1.002408037,
1995.365265937, 1.003132614,
1995.385697847, 1.002087422,
1995.406129758, 1.002007478,
1995.426561668, 1.001775599,
1995.446993578, 1.002820085,
1995.467425488, 1.001946444,
1995.487857397, 1.001648118,
1995.508289306, 1.002291882,
1995.528721115, 1.002282815,
1995.549153123, 1.001245042,
1995.569585031, 1.002161150,
1995.590016939, 1.002241511,
1995.610448846, 1.002153727,
1995.630880753, 1.002233295,
1995.651312660, 1.002137506,
1995.671744567, 1.002365690,
1995.692176473, 1.002368199,
1995.753472189, 1.002045353,
1995.773904194, 1.001724249,
1995.794336099, 1.001864667,
1995.814767903, 1.002804963,
1995.835199907, 1.002259397,
1995.855631811, 1.003058565,
1995.876063614, 1.002094059,
1995.896495617, 1.002249754,
1995.916927520, 1.002512428,
1995.937359322, 1.002561259,
1995.998655027, 1.002435320,
1996.019087029, 1.002659125,
1996.039518929, 1.001951834,
1996.059950830, 1.000936342,
1996.080382730, 1.002019626,
1996.100814630, 1.001823129,
1996.121246530, 1.002454305,
1996.141678429, 1.001494997,
1996.162110328, 1.001094596,
1996.182542227, 1.001700676,
1996.202974125, 1.001985396,
1996.223406023, 1.001942540,
1996.243838021, 1.002211268,
1996.264269819, 1.001630761,
1996.284701716, 1.001234934,
1996.305133712, 1.002056209,
1996.325565509, 1.002270169,
1996.345997405, 1.001402467,
1996.366429401, 1.001657175,
1996.386861197, 1.001798379,
1996.407293092, 1.000573915,
1996.427725087, 1.002176744,
1996.489020770, 1.001386164,
1996.509452564, 1.001738514,
1996.529884557, 1.002081913,
1996.550316451, 1.002636444,
1996.570748343, 1.001718732,
1996.591180236, 1.001362154,
1996.611612128, 1.001625640,
1996.632044020, 1.001733606,
1996.652475912, 1.001464736,
1996.672907803, 1.002210420,
1996.734203475, 1.001734283,
1996.754635365, 1.002519536,
1996.775067355, 1.003431769,
1996.795499145, 1.002115040,
1996.815931034, 1.001541095,
1996.836363023, 1.001186610,
1996.856794811, 1.002958802,
1996.877226700, 1.002048771,
1996.897658588, 1.001531194,
1996.918090475, 1.002289559,
1996.979386137, 1.002233467,
1996.999818123, 1.001164177,
1997.020249909, 1.002036097,
1997.040681795, 1.000685213,
1997.061113781, 1.002108225,
1997.101977451, 1.001785346,
1997.122409436, 1.002872956,
1997.142841320, 1.000391662,
1997.163273104, 1.001280372,
1997.224568755, 1.001444405,
1997.245000738, 1.002083072,
1997.285864403, 1.001646640,
1997.306296385, 1.002207385,
1997.326728266, 1.002953787,
1997.347160248, 1.001770558,
1997.367592029, 1.002018876,
1997.388023910, 1.001377571,
1997.408455890, 1.000839852,
1997.449319550, 1.001534597,
1997.469751530, 1.002254867,
1997.490183309, 1.002944312,
1997.510615188, 1.002654592,
1997.531047167, 1.001724252,
1997.551479045, 1.000885233,
1997.571910823, 1.001007622,
1997.592342801, 1.001815695,
1997.612774579, 1.001564867,
1997.633206456, 1.001567752,
1997.653638433, 1.001479473,
1997.714934062, 1.002129056,
1997.735365838, 1.001245774,
1997.755797813, 1.001668422,
1997.776229689, 1.001643503,
1997.796661463, 1.002148892,
1997.817093438, 1.001643100,
1997.837525312, 1.001132728,
1997.857957086, 1.001434355,
1997.878389060, 1.001437508,
1997.898820934, 1.001567684,
1997.960116552, 1.002191628,
1997.980548424, 1.002088821,
1998.000980296, 1.001850159,
1998.021412168, 1.001225098,
1998.041844039, 1.001271389,
1998.062276011, 1.002086740,
1998.082707781, 1.001105238,
1998.103139752, 1.002134016,
1998.123571622, 1.001298465,
1998.144003392, 1.000880038,
1998.164435362, 1.001294953,
1998.184867231, 1.002209954,
1998.205299000, 1.001862071,
1998.225730969, 1.001933967,
1998.246162837, 1.001302548,
1998.266594605, 1.001997198,
1998.287026573, 1.001140145,
1998.307458441, 1.001035856,
1998.348322175, 1.001561368,
1998.368753942, 1.002225437,
1998.389185909, 1.001380487,
1998.450481406, 1.002180528,
1998.470913372, 1.001921326,
1998.491345237, 1.001075340,
1998.511777101, 1.001063814,
1998.532208966, 1.001317387,
1998.552640830, 1.001589447,
1998.573072794, 1.002036703,
1998.593504557, 1.002026972,
1998.613936421, 1.001777100,
1998.634368384, 1.001245933,
1998.695663971, 1.000109778,
1998.716095733, 1.000759425,
1998.736527595, 1.001564342,
1998.756959556, 1.001552988,
1998.777391317, 1.001379357,
1998.797823178, 1.001324045,
1998.818255138, 1.001602679,
1998.859118758, 1.002058473,
1998.879550718, 1.001885460,
1998.899982577, 1.000758610,
1998.920414436, 1.002291543,
1998.940846295, 1.001923034,
1998.961278154, 1.002139230,
1998.981710012, 1.002212694,
1999.002141870, 1.001292397,
1999.022573727, 1.004163760,
1999.043005685, 1.000196210,
1999.063437442, 1.001820589,
1999.083869299, 1.001348075,
1999.104301155, 1.001439553,
1999.124733011, 1.001203468,
1999.186028578, 1.001854233,
1999.206460333, 1.002026369,
1999.226892288, 1.003663460,
1999.247324143, 1.002617870,
1999.267756097, 1.000836481,
1999.288187851, 1.001189798,
1999.308619705, 1.001491065,
1999.329051658, 1.002049301,
1999.349483411, 1.002043261,
1999.369915264, 1.001862982,
1999.390347217, 1.002003497,
1999.410779069, 1.000960682,
1999.431210821, 1.001095158,
1999.451642773, 1.001190742,
1999.472074624, 1.001572573,
1999.492506376, 1.001902454,
1999.512938326, 1.001600154,
1999.533370177, 1.000443230,
1999.553801927, 0.999838133,
1999.574233878, 1.000694898,
1999.594665727, 1.001059370,
1999.615097477, 0.999822849,
1999.676393224, 1.001793359,
1999.696824972, 1.001754440,
1999.717256820, 1.000949322,
1999.737688768, 1.000997803,
1999.758120516, 1.000898490,
1999.778552363, 1.000526174,
1999.798984310, 1.001015663,
1999.819416057, 1.002285696,
1999.839847904, 1.000448047,
1999.860279750, 1.000914567,
1999.921575287, 1.000925635,
1999.942007132, 1.001428079,
1999.962438977, 1.001593670,
1999.982870921, 1.000955079,
2000.003302666, 1.001372647,
2000.023734610, 1.001168899,
2000.044166454, 1.001817114,
2000.064598197, 1.001181366,
2000.085030140, 1.001536940,
2000.105461983, 1.001105930,
2000.125893726, 1.000435847,
2000.146325669, 1.000889553,
2000.166757511, 1.001174299,
2000.187189253, 1.001191195,
2000.207621194, 1.002068467,
2000.228053035, 1.000334620,
2000.248484877, 1.000404047,
2000.268916717, 1.001130005,
2000.289348558, 1.000392625,
2000.309780398, 1.002228106,
2000.330212238, 1.000148112,
2000.350644078, 1.000810838,
2000.411939595, 1.001068228,
2000.432371534, 1.000623444,
2000.452803372, 1.000501663,
2000.473235110, 1.000775331,
2000.493667048, 1.000612614,
2000.514098886, 1.000694911,
2000.534530623, 1.000806030,
2000.554962560, 1.000708738,
2000.575394397, 1.000860631,
2000.595826134, 1.000790287,
2000.636689806, 1.000398250,
2000.657121641, 1.001148627,
2000.697985312, 1.000887532,
2000.718417147, 1.000577617,
2000.738849082, 1.000469322,
2000.759280816, 1.001022064,
2000.779712750, 1.001196791,
2000.800144584, 1.000977102,
2000.820576417, 1.001894128,
2000.841008251, 1.000265128,
2000.861440084, 1.000191336,
2000.881871917, 1.001265961,
2000.902303749, 1.000658925,
2000.922735581, 1.000776845,
2000.963599345, 1.001048107,
2000.984031077, 1.000036431,
2001.004462908, 1.000596202,
2001.024894839, 1.000325472,
2001.045326570, 1.000533147,
2001.065758400, 1.002231959,
2001.086190330, 1.000461380,
2001.147485819, 1.000942319,
2001.167917548, 1.001144042,
2001.188349477, 1.000249137,
2001.208781306, 1.000439149,
2001.229213134, 1.000706262,
2001.249644962, 1.000540806,
2001.270076690, 1.000589476,
2001.290508617, 1.000587241,
2001.310940444, 1.001154163,
2001.331372271, 1.000023950,
2001.351803998, 0.998775311,
2001.372235925, 1.000448890,
2001.392667751, 1.000719817,
2001.413099477, 1.000370779,
2001.433531403, 1.002288416,
2001.453963228, 1.000583677,
2001.474394953, 0.999712513,
2001.494826878, 1.000320135,
2001.515258703, 1.000417675,
2001.535690627, 1.000665860,
2001.556122352, 1.002208148,
2001.576554176, 0.999999535,
2001.637849646, 1.000649753,
2001.658281569, 1.000079898,
2001.678713291, 1.000332612,
2001.699145114, 1.000522087,
2001.719577036, 1.000313119,
2001.740008758, 1.000269000,
2001.760440579, 1.000673026,
2001.780872501, 1.000227614,
2001.801304322, 1.000597391,
2001.821736042, 1.000673976,
2001.842167963, 1.000215619,
2001.862599783, 1.000436486,
2001.883031703, 1.000722940,
2001.903463423, 1.000402522,
2001.923895243, 1.000721481,
2001.944327162, 1.000268039,
2001.964758881, 0.999804273,
2001.985190700, 1.000678633,
2002.005622519, 0.999573971,
2002.026054337, 1.000476114,
2002.046486155, 0.999564576,
2002.066917973, 1.000350063,
2002.128213425, 1.000258385,
2002.169077058, 1.000452276,
2002.189508874, 1.000176258,
2002.209940690, 0.999978217,
2002.230372606, 0.999759660,
2002.250804322, 1.000535122,
2002.271236137, 0.999521017,
2002.291668052, 1.000468366,
2002.312099867, 1.000294868,
2002.332531581, 1.000496846,
2002.352963495, 0.999907955,
2002.373395309, 1.000431022,
2002.393827023, 0.999985280,
2002.414258937, 1.000583507,
2002.434690750, 1.001094809,
2002.455122463, 1.000753594,
2002.475554376, 1.000217839,
2002.495986188, 1.000995975,
2002.516417901, 1.001998648,
2002.536849813, 0.999865416,
2002.557281625, 1.000083134,
2002.639008969, 1.001009689,
2002.659440680, 1.000211167,
2002.679872490, 1.000924823,
2002.700304400, 0.999607748,
2002.720736110, 0.999862296,
2002.741167919, 1.000276043,
2002.761599729, 0.999636396,
2002.782031538, 0.999568813,
2002.802463347, 1.000463313,
2002.822895255, 1.000479957,
2002.843326964, 1.000188281,
2002.863758772, 0.999854334,
2002.884190680, 1.000479035,
2002.904622387, 0.999528988,
2002.925054194, 1.000639296,
2002.945486102, 1.000503434,
2002.965917808, 1.001286426,
2002.986349715, 0.998827768,
2003.006781521, 0.999035666,
2003.027213228, 1.014347702,
2003.047645134, 1.000042142,
2003.108940550, 0.999759734,
2003.129372355, 1.000564142,
2003.149804159, 0.999090799,
2003.170235964, 1.000255690,
2003.190667768, 0.999943813,
2003.211099572, 1.000683522,
2003.231531376, 0.999437582,
2003.251963179, 0.999584186,
2003.272394982, 0.999264873,
2003.292826885, 0.999724402,
2003.313258588, 0.999439403,
2003.333690490, 0.999644478,
2003.354122293, 0.999900629,
2003.374553995, 1.000212962,
2003.394985897, 0.999089256,
2003.415417698, 0.999605866,
2003.435849399, 1.000005152,
2003.456281301, 0.999729671,
2003.476713001, 1.000418342,
2003.497144802, 1.000633504,
2003.517576702, 0.998650494,
2003.538008402, 0.999964835,
2003.599303801, 0.999756553,
2003.619735600, 0.999969442,
2003.640167499, 0.999982123,
2003.660599298, 1.000214326,
2003.681031096, 0.999212720,
2003.701462895, 0.999123753,
2003.721894693, 0.999708693,
2003.742326490, 0.999557759,
2003.762758288, 1.000110045,
2003.783190085, 0.999150892,
2003.803621982, 0.999771612,
2003.824053679, 0.999513563,
2003.844485475, 1.000239253,
2003.864917372, 0.999110629,
2003.885349068, 1.016739642,
2003.905780864, 0.999445157,
2003.926212759, 0.999545187,
2003.946644455, 0.999346753,
2003.967076250, 1.000234409,
2003.987508145, 0.998683727,
2004.007939839, 0.999774368,
2004.028371734, 0.999349062,
2004.089667116, 0.998865474,
2004.110098909, 0.999128168,
2004.130530703, 0.999302535,
2004.150962496, 0.999749906,
2004.171394288, 0.999830230,
2004.191826081, 0.999410460,
2004.212257873, 0.999767022,
2004.232689665, 0.999986799,
2004.253121357, 0.998803996,
2004.273553249, 0.999600182,
2004.293985040, 0.999307685,
2004.314416732, 1.000003688,
2004.334848623, 0.999380983,
2004.355280413, 0.999805240,
2004.375712304, 0.999768891,
2004.396143994, 0.999019239,
2004.416575784, 1.000485998,
2004.437007674, 0.999262394,
2004.457439363, 0.999989244,
2004.477871153, 0.999708402,
2004.498303042, 1.000522020,
2004.518734731, 1.002233955,
2004.580030096, 0.999694299,
2004.600461884, 0.999076356,
2004.620893772, 0.999047939,
2004.641325559, 0.998439065,
2004.661757247, 0.999585413,
2004.682189133, 0.999161235,
2004.702620920, 0.998505506,
2004.723052707, 0.998445070,
2004.743484493, 0.999811073,
2004.763916280, 0.999026089,
2004.825211637, 0.999167497,
2004.845643422, 1.000017762,
2004.866075207, 0.999699684,
2004.886506992, 0.999201452,
2004.906938776, 0.999042045,
2004.927370561, 1.000302603,
2004.947802345, 0.998540225,
2004.988665912, 0.998772538,
2005.009097696, 0.999441961,
2005.029529479, 0.999403816,
2005.049961262, 0.999282654,
2005.070393145, 0.998757140,
2005.090824827, 0.999207357,
2005.111256610, 0.998331792,
2005.131688492, 0.999035443,
2005.152120274, 0.998937700,
2005.172551955, 0.999138483,
2005.192983837, 0.998211267,
2005.213415618, 0.998760389,
2005.233847299, 0.998806184,
2005.254279180, 0.998698334,
2005.295142641, 0.999051180,
2005.315574521, 0.999323587,
2005.336006301, 0.999750098,
2005.356437980, 0.999781957,
2005.376869860, 0.998784459,
2005.397301639, 0.999545482,
2005.417733518, 0.998386688,
2005.438165197, 0.998967647,
2005.458596975, 0.998652883,
2005.479028854, 1.001062255,
2005.499460532, 0.997876443,
2005.519892310, 0.998490401,
2005.540324187, 0.998365353,
2005.560755865, 0.998124568,
2005.581187642, 0.999847469,
2005.601619519, 0.998500727,
2005.622051196, 0.998554088,
2005.642482973, 0.998775433,
2005.662914749, 0.998865812,
2005.683346525, 0.999072749,
2005.703778301, 0.998851015,
2005.724210177, 0.999281289,
2005.744641852, 0.999004468,
2005.805937177, 0.998879966,
2005.826369052, 0.998973131,
2005.846800826, 0.998706545,
2005.867232501, 0.999480929,
2005.908096148, 0.998698363,
2005.928527822, 0.998588548,
2005.948959695, 0.999275990,
2005.969391468, 0.999173818,
2005.989823241, 0.999437604,
2006.010255014, 0.998569303,
2006.030686787, 0.998849816,
2006.071550331, 0.998426614,
2006.091982103, 0.999206837,
2006.112413974, 0.998058165,
2006.132845646, 0.998354242,
2006.153277417, 0.998554849,
2006.173709288, 0.998581629,
2006.194141059, 0.998566785,
2006.214572729, 0.998997797,
2006.235004600, 0.997823175,
2006.255436370, 0.998824505,
2006.275868040, 0.998765189,
2006.296299909, 0.999089504,
2006.316731679, 0.998449443,
2006.337163348, 0.998647323,
2006.357595217, 0.998424545,
2006.378026886, 0.998508726,
2006.398458655, 0.998968916,
2006.418890523, 0.998554486,
2006.439322191, 0.998078849,
2006.459754059, 0.998624989,
2006.480185827, 0.998454782,
2006.541481130, 0.999159386,
2006.561912896, 0.999030470,
2006.582344663, 0.998494707,
2006.602776430, 0.999129431,
2006.623208196, 0.998604694,
2006.643640062, 0.998873008,
2006.664071728, 0.997741981,
2006.684503494, 0.997783878,
2006.704935360, 0.998312715,
2006.725367025, 0.998396997,
2006.745798790, 0.998832098,
2006.766230655, 1.000535474,
2006.786662320, 0.998894246,
2006.807094184, 0.998012483,
2006.827525948, 0.998248748,
2006.868389476, 0.998726084,
2006.888821240, 0.998508554,
2006.909252903, 0.998161866,
2006.929684767, 0.996831754,
2006.950116530, 0.998295054,
2006.970548193, 0.998710513,
2007.031843580, 0.999530355,
2007.052275342, 0.997498113,
2007.072707104, 0.999445303,
2007.093138865, 0.998663463,
2007.134002388, 0.998007250,
2007.154434149, 0.997719137,
2007.174865910, 0.998072426,
2007.195297670, 0.999543643,
2007.215729531, 0.998953614,
2007.236161191, 0.998134793,
2007.256592951, 0.998513009,
2007.277024811, 0.999265131,
2007.297456470, 0.998785175,
2007.317888230, 0.998229195,
2007.338320089, 0.998108218,
2007.358751748, 0.999156699,
2007.379183506, 0.997738034,
2007.399615365, 0.998655471,
2007.420047024, 0.999717004,
2007.440478882, 0.998980963,
2007.460910640, 0.998165380,
2007.522205912, 0.998968714,
2007.542637669, 0.998890894,
2007.563069427, 0.998009429,
2007.583501183, 0.998098009,
2007.603932940, 0.998707755,
2007.624364796, 0.998529866,
2007.644796452, 0.998498486,
2007.665228208, 0.998447295,
2007.685660064, 0.998407951,
2007.706091720, 0.998473259,
2007.726523475, 0.998303422,
2007.746955230, 0.998071193,
2007.767386985, 0.998648596,
2007.787818840, 0.998568728,
2007.808250595, 0.999486137,
2007.828682249, 0.999184640,
2007.849114103, 0.997940955,
2007.869545757, 0.998703882,
2007.889977511, 0.998578360,
2007.910409365, 0.998316306,
2007.930841018, 0.998624461,
2007.951272772, 0.997370183,
2007.971704625, 0.998920173,
2007.992136278, 0.998437983,
2008.012568030, 0.998934221,
2008.032999883, 0.998186688,
2008.053431635, 0.998872207,
2008.073863287, 0.998193225,
2008.094295139, 0.998486839,
2008.114726890, 0.998321116,
2008.135158642, 0.999106155,
2008.155590393, 0.998611477,
2008.176022144, 0.998333058,
2008.196453995, 0.998049910,
2008.257749247, 0.998970877,
2008.278180897, 0.998170227,
2008.298612647, 0.998661327,
2008.319044497, 0.999062500,
2008.339476146, 0.998242774,
2008.359907896, 0.997894024,
2008.380339745, 0.999240648,
2008.400771394, 0.998487940,
2008.421203142, 0.998200765,
2008.441634991, 0.998940720,
2008.523361984, 0.998227641,
2008.543793731, 0.998309659,
2008.564225479, 0.998319380,
2008.584657126, 0.998185507,
2008.605088973, 0.998046807,
2008.625520720, 0.999026146,
2008.645952367, 0.998371428,
2008.666384213, 0.999733680,
2008.686815959, 0.998375075,
2008.707247606, 0.997898776,
2008.727679451, 0.997010811,
2008.748111197, 0.996686657,
2008.768543043, 0.998472609,
2008.788974688, 0.998527117,
2008.809406433, 0.998280133,
2008.829838278, 0.998664350,
2008.850269923, 0.998277034,
2008.870701668, 0.998510496,
2008.891133512, 0.999580358,
2008.911565157, 0.998467035,
2008.931996901, 0.997832281,
2008.952428745, 0.998434237,
2008.972860388, 0.998428604,
2008.993292132, 0.998013322,
2009.013723975, 0.997829915,
2009.034155718, 0.998146439,
2009.054587361, 1.002345839,
2009.075019204, 0.998075874,
2009.095450947, 0.999153706,
2009.115882689, 0.998702034,
2009.136314431, 0.998239637,
2009.156746173, 0.998778006,
2009.177178015, 0.998007484,
2009.238473140, 0.998684417,
2009.258904881, 0.998782621,
2009.279336522, 0.998398305,
2009.320200103, 0.998310940,
2009.340631744, 0.997605743,
2009.361063584, 0.998253450,
2009.381495324, 0.998162510,
2009.401927164, 0.998569591,
2009.422358804, 0.998642426,
2009.442790543, 0.997947070,
2009.463222382, 0.997777030,
2009.483654022, 0.998568785,
2009.504085761, 0.998896369,
2009.524517599, 0.998498081,
2009.544949338, 0.998848217,
2009.565380976, 0.998657124,
2009.585812815, 0.998507091,
2009.606244553, 0.997750744,
2009.626676191, 0.997997809,
2009.647108028, 0.997923739,
2009.667539766, 0.998881707,
2009.687971403, 0.998731810,
2009.708403241, 0.997699647,
2009.728834977, 0.998417908,
2009.749266814, 0.998704784,
2009.769698451, 0.997531043,
2009.790130187, 0.997753123,
2009.810562024, 0.998244650,
2009.830993660, 0.997584998,
2009.851425396, 0.998596314,
2009.871857131, 0.998117882,
2009.892288867, 0.997939259,
2009.912720602, 0.999363258,
2009.974015808, 0.998155358,
2009.994447542, 0.999005958,
2010.014879277, 0.998554203,
2010.035311011, 0.998027129,
2010.055742745, 0.997850583,
2010.076174479, 0.998009055,
2010.096606313, 0.998277832,
2010.117038047, 0.998571675,
2010.137469680, 0.998737452,
2010.157901514, 0.998219849,
2010.178333247, 0.997970925,
2010.198764880, 0.998305837,
2010.219196713, 0.998720951,
2010.239628445, 0.998006876,
2010.260060078, 0.997851291,
2010.280491910, 0.999030955,
2010.300923642, 0.998863216,
2010.321355274, 0.997409263,
2010.341787106, 0.999387683,
2010.362218837, 0.998399968,
2010.382650669, 0.997761997,
2010.403082300, 0.998152571,
2010.464377493, 0.997993799,
2010.484809223, 0.997606340,
2010.505241054, 0.998578683,
2010.525672784, 0.998906995,
2010.546104414, 0.999361442,
2010.566536244, 0.997934935,
2010.586967974, 0.998144862,
2010.607399603, 0.998482715,
2010.627831432, 0.997424789,
2010.648263162, 0.998554865,
2010.668694791, 0.999937717,
2010.689126620, 0.998724451,
2010.709558248, 0.999269083,
2010.729990077, 0.998104970,
2010.750421805, 0.998102962,
2010.770853433, 0.998923673,
2010.791285261, 0.998870014,
2010.811716989, 0.998357691,
2010.832148617, 0.999053695,
2010.852580444, 0.998233961,
2010.873012172, 0.997313620,
2010.893443799, 0.997683637,
2010.913875626, 0.998792044,
2010.934307353, 0.997867535,
2010.954739079, 0.998798163,
2010.975170806, 0.999772506,
2010.995602533, 0.998306921,
2011.016034359, 0.998306156,
2011.036466085, 0.997963176,
2011.056897711, 0.998607821,
2011.077329536, 0.998365491,
2011.097761262, 0.998326729,
2011.118192887, 0.997972047,
2011.138624712, 0.997906034,
2011.179488062, 0.997725390,
2011.199919887, 0.998968355,
2011.220351612, 0.998485760,
2011.240783236, 0.997414731,
2011.261215060, 0.998182319,
2011.281646784, 0.997519077,
2011.302078408, 0.997713749,
2011.322510232, 0.998793438,
2011.342941956, 0.998948851,
2011.363373679, 0.998763899,
2011.383805402, 0.998738432,
2011.445100571, 0.998995106,
2011.465532294, 0.997960172,
2011.485964016, 0.998402504,
2011.506395739, 0.998622174,
2011.526827461, 0.998736279,
2011.547259283, 0.997592808,
2011.567690905, 0.998498714,
2011.588122626, 0.998893483,
2011.608554448, 0.999278510,
2011.628986069, 0.998481115,
2011.649417890, 0.998446789,
2011.669849611, 0.998924897,
2011.690281232, 0.997948782,
2011.710713053, 0.998951893,
2011.731144773, 0.998205654,
2011.751576394, 0.997693052,
2011.772008214, 0.998141877,
2011.792439934, 0.998331251,
2011.812871554, 0.998177448,
2011.833303374, 0.998394724,
2011.853735093, 0.998736741,
2011.874166813, 0.998677180,
2011.894598532, 0.998308882,
2011.915030251, 0.998487116,
2011.935462070, 0.998460283,
2011.955893689, 0.998522741,
2011.976325408, 0.999186247,
2011.996757226, 0.998380740,
2012.017188944, 0.998447649,
2012.037620563, 0.998234066,
2012.058052381, 0.998388160,
2012.078483999, 0.999336095,
2012.098915716, 0.998523972,
2012.119347534, 0.998542064,
2012.139779151, 0.998188820,
2012.160210869, 0.997379893,
2012.180642686, 0.997905986,
2012.201074303, 0.998404142,
2012.241937836, 0.998703191,
2012.262369453, 0.997467709,
2012.282801269, 0.997931020,
2012.303232985, 0.997477087,
2012.323664601, 0.998487743,
2012.344096417, 0.998651325,
2012.364528133, 0.998476288,
2012.425823279, 0.998345755,
2012.446254995, 0.997676627,
2012.466686710, 0.997912259,
2012.487118424, 0.998417345,
2012.507550139, 0.999002339,
2012.527981854, 0.998064513,
2012.548413568, 0.998988029,
2012.568845382, 0.998883677,
2012.589277096, 0.997372524,
2012.609708710, 0.998969446,
2012.630140524, 0.997127205,
2012.650572238, 0.997384679,
2012.671003851, 0.998179531,
2012.691435665, 0.998371593,
2012.711867378, 0.998239696,
2012.732298991, 0.997702168,
2012.752730804, 0.998388570,
2012.773162517, 0.997119472,
2012.793594129, 0.998666367,
2012.814025942, 0.998995157,
2012.834457654, 0.999165444,
2012.854889366, 0.998224628,
2012.916184502, 0.998449481,
2012.936616214, 0.997653553,
2012.957047925, 0.998428845,
2012.977479636, 0.998069338,
2012.997911347, 0.997746707,
2013.018343058, 0.999645877,
2013.038774769, 0.998891679,
2013.059206480, 0.998341809,
2013.079638191, 0.998271274,
2013.100070001, 0.997849266,
2013.120501611, 0.997772313,
2013.140933421, 0.997751666,
2013.161365131, 0.998700066,
2013.181796741, 0.998720086,
2013.202228551, 0.998725104,
2013.222660261, 0.997690407,
2013.243091870, 0.997271601,
2013.263523679, 0.997601536,
2013.304386997, 0.998862568,
2013.324818806, 0.997548418,
2013.345250515, 0.998108765,
2013.365682124, 0.998762231,
2013.386113932, 0.997270199,
2013.406545640, 0.997647612,
2013.426977348, 0.997807232,
2013.447409056, 0.998392044,
2013.467840764, 0.998172511,
2013.508704180, 0.998076102,
2013.529135887, 0.998418154,
2013.569999301, 0.999673688,
2013.590431009, 0.997921573,
2013.610862815, 0.997584065,
2013.631294422, 0.998163362,
2013.651726129, 0.997213586,
2013.672157935, 0.997899540,
2013.692589542, 0.997796215,
2013.713021248, 0.997667052,
2013.733453054, 0.997902643,
2013.753884660, 0.998195927,
2013.774316466, 0.998735816,
2013.794748171, 0.997740307,
2013.815179777, 0.997256458,
2013.835611582, 0.998924097,
2013.896906697, 0.997499441,
2013.917338402, 0.998181764,
2013.937770107, 0.997384021,
2013.958201811, 0.997562256,
2013.978633516, 0.998547119,
2013.999065220, 0.996750119,
2014.019496924, 0.997501625,
2014.039928628, 0.998179006,
2014.060360432, 0.997548189,
2014.080792136, 0.998753414,
2014.101223740, 0.997990511,
2014.121655543, 0.997930192,
2014.142087246, 0.998266681,
2014.162518850, 0.998135659,
2014.182950653, 0.997970672,
2014.203382356, 0.997479916,
2014.223813958, 0.997150542,
2014.244245761, 0.997599271,
2014.264677364, 0.997568388,
2014.285109066, 0.998579918,
2014.305540868, 0.997525067,
2014.325972471, 0.997236263,
2014.346404273, 0.997490734,
2014.366835974, 0.997427781,
2014.387267576, 0.998381117,
2014.407699378, 0.997735412,
2014.428131079, 0.997401799,
2014.448562781, 0.998494100,
2014.468994482, 0.998790174,
2014.489426183, 0.998798446,
2014.509857884, 0.998407862,
2014.530289585, 0.997476351,
2014.550721286, 0.997805689,
2014.571152986, 0.998025660,
2014.591584787, 0.997609545,
2014.612016387, 0.998010282,
2014.632448187, 0.998902918,
2014.652879887, 0.998583689,
2014.673311487, 0.998306658,
2014.693743287, 0.997620970,
2014.714174987, 0.997266829,
2014.734606586, 0.998558176,
2014.755038386, 0.997463330,
2014.775470085, 0.996941641,
2014.795901684, 0.998918249,
2014.816333483, 0.997807183,
2014.877628579, 0.997846640,
2014.898060278, 0.998053580,
2014.918491976, 0.997845098,
2014.938923675, 0.998039107,
2014.959355373, 0.997905641,
2014.979787071, 0.997786916,
2017.860655936, 1.003375889,
2017.881087718, 1.002868846,
2017.901519300, 1.008665317,
2017.921950982, 1.003737661,
2017.942382764, 1.003916016,
2017.962814346, 1.003802679,
2017.983246028, 1.003811076,
2018.003677810, 1.004150200,
2018.024109391, 1.003619531,
2018.044541073, 1.003754064,
2018.064972854, 1.002952928,
2018.085404436, 1.002773915,
2018.105836217, 1.003198026,
2018.126267898, 1.003162847,
2018.146699579, 1.003833104,
2018.167131260, 1.004234802,
2018.187562941, 1.003922716,
2018.207994622, 1.003238980,
2018.228426302, 1.002580427,
2018.248857983, 1.003932915,
2018.269289664, 1.003285980,
2018.289721444, 1.003696251,
2018.310153024, 1.004602850,
2018.330584705, 1.001655361,
2018.351016485, 1.002967681,
2018.371448065, 1.003537289,
2018.391879845, 1.003964235,
2018.412311525, 1.004401258,
2018.432743104, 1.003393111,
2018.453174884, 1.003845672,
2018.473606564, 1.003169373,
2018.494038143, 1.003152549,
2018.514469923, 1.005133163,
2018.534901502, 1.002953991,
2018.555333181, 1.003664878,
2018.575764960, 1.003323395,
2018.596196539, 1.003161681,
2018.616628318, 1.004259739,
2018.637059997, 1.003570185,
2018.657491676, 1.003286415,
2018.677923355, 1.003832421,
2018.698355033, 1.004109609,
2018.718786712, 1.003720492,
2018.739218390, 1.004706520,
2018.800513525, 1.003408547,
2018.820945103, 1.003937313,
2018.841376881, 1.003109408,
2018.861808559, 1.004130773,
2018.882240137, 1.004546372,
2018.902671915, 1.004020629,
2018.923103593, 1.003617456,
2018.943535170, 1.004654925,
2018.963966948, 1.003804732,
2018.984398625, 1.003014663,
2019.004830202, 1.003059059,
2019.025261980, 1.003647644,
2019.045693657, 1.002761773,
2019.066125234, 1.003188250,
2019.086557011, 1.003426207,
2019.106988688, 1.003892383,
2019.127420365, 1.004662192,
2019.147852041, 1.004795905,
2019.168283718, 1.003724264,
2019.188715395, 1.004245152,
2019.209147071, 1.003292652,
2019.229578748, 1.003327176,
2019.250010424, 1.003752561,
2019.270442100, 1.002743827,
2019.290873776, 1.003791397,
2019.311305452, 1.003037359,
2019.331737128, 1.003453392,
2019.352168904, 1.003909344,
2019.372600580, 1.003839104,
2019.393032156, 1.004330314,
2019.413463931, 1.003508068,
2019.433895607, 1.003386367,
2019.454327183, 1.003252016,
2019.474758958, 1.003338430,
2019.495190633, 1.002760661,
2019.515622209, 1.003370968,
2019.536053984, 1.003838532,
2019.556485659, 1.003475743,
2019.576917234, 1.003729152,
2019.597349009, 1.002988768,
2019.617780684, 1.003053295,
2019.638212459, 1.003165050,
2019.658644033, 1.003245248,
2019.679075708, 1.003486828,
2019.699507483, 1.003023516,
2019.719939057, 1.003133023,
2019.781234180, 1.002836077,
2019.801665754, 1.003332980,
2019.822097528, 1.003299070,
2019.842529202, 1.003155792,
2019.862960876, 1.004121974,
2019.883392550, 1.003212340,
2019.903824124, 1.002826446,
2019.924255898, 1.003943291,
2019.944687571, 1.004090601,
2019.965119145, 1.002738667,
2019.985550918, 1.003088396,
2020.005982592, 1.002557363,
2020.026414165, 1.003138652,
2020.046845938, 1.003719723,
2020.067277612, 1.003544531,
2020.087709185, 1.003235464,
2020.108140958, 1.004733055,
2020.128572631, 1.003691442,
2020.149004404, 1.002720142,
2020.169435977, 1.003543932,
2020.189867649, 1.003335358,
2020.210299422, 1.003955928,
2020.230730995, 1.004227960,
2020.251162667, 1.003410693,
2020.271594440, 1.003249778,
2020.292026112, 1.002697536,
2020.312457684, 1.003334816,
2020.332889457, 1.004230928,
2020.353321129, 1.003220395,
2020.373752801, 1.002976584,
2020.394184473, 1.003060705,
2020.414616145, 1.003415302,
2020.435047917, 1.003404187,
2020.455479489, 1.003047894,
2020.475911160, 1.003481130,
2020.516774504, 1.003434174,
2020.537206175, 1.003622948,
2020.557637847, 1.003115664,
2020.578069518, 1.003049085,
2020.598501189, 1.003683043,
2020.639364532, 1.002891813,
2020.659796303, 1.003168820,
2020.680227874, 1.003086481,
2020.700659545, 1.003476521,
2020.721091316, 1.003217484,
2020.741522887, 1.003472206,
2020.761954558, 1.002390341,
2020.782386329, 1.003741712,
2020.802817999, 1.003509554,
2020.823249570, 1.003064136,
2020.843681340, 1.002980738,
2020.864113011, 1.003155092,
2020.884544681, 1.002621754,
2020.904976352, 1.004001540,
2020.925408022, 1.003059897,
2020.945839692, 1.003090383,
2020.966271362, 1.003861102,
2020.986703032, 1.003071797,
2021.007134802, 1.006259127,
2021.027566372, 1.003731294,
2021.047998042, 1.003669435,
2021.068429812, 1.003593802,
2021.088861382, 1.003348181,
2021.109293051, 1.002743936,
2021.129724821, 1.002790936,
2021.150156391, 1.003819581,
2021.170588160, 1.002838024,
2021.191019829, 1.002852408,
2021.211451399, 1.002916489,
2021.231883168, 1.002717872,
2021.252314837, 1.002928635,
2021.272746407, 1.003197729,
2021.293178176, 1.002695820,
2021.313609745, 1.002888904,
2021.334041414, 1.004059791,
2021.354473183, 1.002936544,
2021.374904852, 1.003287702,
2021.395336520, 1.002467013,
2021.415768189, 1.002709123,
2021.436199858, 1.004473127,
2021.456631527, 1.003094178,
2021.477063195, 1.002958596,
2021.497494864, 1.002852550,
2021.517926632, 1.003550850,
2021.538358201, 1.003087866,
2021.558789869, 1.003379852,
2021.579221637, 1.002916329,
2021.599653205, 1.002415832,
2021.620084974, 1.003367472,
2021.640516642, 1.002373136,
2021.660948210, 1.003824901,
2021.681379978, 1.002887926,
2021.722243214, 1.003536138,
2021.742674981, 1.002645984,
2021.763106649, 1.002777153,
2021.783538217, 1.002910821,
2021.803969985, 1.003569721,
2021.824401652, 1.002684850,
2021.844833320, 1.003135065,
2021.865264987, 1.002124112,
2021.885696655, 1.002230830,
2021.906128322, 1.003463576,
2021.926559989, 1.002820615,
2021.946991656, 1.003056933,
2021.967423324, 1.001821678,
2021.987854991, 1.003441656,
2022.008286658, 1.003250170,
2022.028718425, 1.003359694,
2022.049149992, 1.002188427,
2022.069581659, 1.002672405,
2022.090013426, 1.003271130,
2022.110444993, 1.002286217,
2022.130876760, 1.001831983,
2022.151308426, 1.002712896,
2022.171739993, 1.002044947,
2022.192171759, 1.002492056,
2022.212603426, 1.002624277,
2022.233034992, 1.002218159,
2022.253466759, 1.002595877,
2022.273898425, 1.003042654,
2022.294329992, 1.001668327,
2022.314761758, 1.001829259,
2022.335193424, 1.003000656,
2022.355625191, 1.002594481,
2022.376056757, 1.002174450,
2022.396488423, 1.002002078,
2022.416920189, 1.002130545,
2022.478215187, 1.002073973,
2022.498646852, 1.002026346,
2022.519078418, 1.006532786,
2022.539510184, 1.001673714,
2022.559941850, 1.002469380,
2022.580373416, 1.002456720,
2022.600805181, 1.001835312,
2022.621236847, 1.002504212,
2022.641668512, 1.002545258,
2022.662100178, 1.002897834,
2022.682531743, 1.002672043,
2022.702963508, 1.002736891,
2022.723395174, 1.003887542,
2022.743826739, 1.001138693,
2022.764258504, 1.002119933,
2022.784690169, 1.002900843,
2022.805121735, 1.002670618,
2022.825553500, 1.002503954,
2022.845985165, 1.002591492,
2022.866416930, 1.002897384,
2022.886848495, 1.001937163,
2022.907280160, 1.002503908,
2022.927711924, 1.002733258,
2022.948143489, 1.002145703,
2022.968575154, 1.001527734,
2022.989006919, 1.002878563,
2023.009438583, 1.001486050,
2023.029870148, 1.001824266,
2023.050301913, 1.002197452,
2023.070733577, 1.001981225,
2023.091165242, 1.002260135,
2023.111596906, 1.001853728,
2023.132028571, 1.002025921,
2023.152460335, 1.001588563,
2023.193323564, 1.001763526,
2023.213755328, 1.001489099,
2023.234186892, 1.001862111,
2023.254618556, 1.002194701,
2023.275050320, 1.002215246,
2023.295481884, 1.001725147,
2023.315913548, 1.002856678,
2023.336345312, 1.001519861,
2023.356776876, 1.002884689,
2023.377208640, 1.000889907,
2023.397640204, 1.001987184,
2023.438503632, 1.002343094,
2023.458935196, 1.001383972,
2023.479366859, 1.001038895,
2023.499798623, 1.002142837,
2023.520230287, 1.001473821,
2023.540661851, 1.002612178,
2023.561093614, 1.002915715,
2023.581525278, 1.001245317,
2023.601956941, 1.002156743,
2023.622388605, 1.002054187,
2023.642820268, 1.002007843,
2023.724547021, 1.002546014,
2023.744978584, 1.002595597,
2023.765410248, 1.001337508,
2023.785842011, 1.000895401,
2023.806273574, 1.000646654,
2023.826705337, 1.001778016,
2023.847137000, 1.000818076,
2023.867568563, 1.001703285,
2023.888000326, 1.001405212,
2023.908431989, 1.001822243,
2023.928863552, 1.001871740,
2023.949295315, 1.001020779,
2023.969726978, 1.001225612,
2023.990158640, 1.002130558,
2024.010590303, 1.002407895,
2024.031021966, 1.001863304,
2024.051453629, 1.001633712,
2024.071885291, 1.001425526,
2024.092316954, 1.000997120,
2024.112748616, 1.002181461,
2024.133180279, 1.001643605,
2024.174043604, 1.001664199,
2024.194475267, 1.001519784,
2024.214906929, 1.000842207,
2024.235338691, 1.001661943,
2024.255770254, 1.001150283,
2024.276202016, 1.001849311,
2024.296633678, 1.000468938,
2024.317065241, 1.001051271,
2024.337497003, 1.000374610,
2024.357928665, 1.001153096,
2024.378360227, 1.000462495,
2024.419223652, 1.001548649,
2024.439655214, 1.001260397,
2024.460086976, 1.000863958,
2024.480518638, 1.000484954,
2024.500950400, 1.001243161,
2024.521381962, 1.001333795,
2024.541813624, 1.001059977,
2024.562245386, 1.000985179,
2024.582676947, 1.000521315,
2024.603108609, 1.000177469,
2024.623540371, 1.000255537,
2024.664403595, 1.001552979,
2024.684835357, 1.000132584,
2024.705267018, 1.001529149,
2024.725698680, 1.001458804,
2024.746130342, 1.001141826,
2024.766561903, 1.001229235,
2024.786993665, 1.001039418,
2024.807425326, 1.000526854,
2024.827856888, 1.001176843,
2024.848288650, 1.000850443,
2024.868720311, 1.000417780,
2024.909583634, 1.000299838,
2024.930015295, 1.000238443,
2024.950447057, 1.000785180,
2024.970878618, 1.000620609,
2024.991310280, 1.000239769,
2025.011742041, 1.000891528,
2025.032173602, 1.000996440,
2025.052605264, 1.000383649,
2025.073037025, 1.001533786,
2025.093468586, 1.000862521,
2025.113900247, 1.000608548,
2025.154763670, 1.000592748,
2025.175195331, 1.000912467,
2025.195626992, 1.000673862,
2025.216058653, 0.999993246,
2025.236490314, 1.000832035,
2025.256921975, 1.000087515,
2025.277353636, 1.001301316,
2025.297785397, 1.000176024,
2025.318216958, 1.000141557,
2025.338648619, 1.000436805,
2025.359080380, 1.000799737,
2025.399943702, 1.001116166,
2025.420375263, 1.000985892,
2025.440806924, 1.001595223,
2025.461238685, 1.001851316,
2025.481670246, 1.001505480,
2025.502101906, 1.001037564,
2025.522533667, 1.000064989,
2025.542965228, 1.001100126,
2025.563396889, 1.000542999,
2025.583828650, 1.000434151,
2025.604260210, 1.000580509,
2025.685986953, 1.000095880,
2025.706418614, 1.000271002,
2025.726850274, 1.000249709,
2025.747281935, 1.000193088,
2025.767713596, 1.000982526,
2025.788145256, 1.000304867,
2025.808576917, 1.000467733,
2025.829008577, 1.000083840,
2025.849440338, 1.000908810,
2025.890303559, 1.000476187,
2025.931166980, 1.001407407,
2025.951598540, 0.998584069,
2025.972030301, 1.000301500,
2025.992461961, 0.999616239,
2026.012893522, 0.999679473,
2026.033325282, 0.999980744,
2026.053756942, 1.001530341,
2026.074188603, 0.999638899,
2026.094620263, 1.000545802,
2026.155915244, 0.999451881,
2026.176346804, 1.000354152,
2026.196778565, 1.000101022,
2026.217210225, 1.000696295,
2026.237641885, 1.000099086,
2026.258073546, 1.001776142,
2026.278505206, 0.999589018,
2026.298936966, 0.999984387,
2026.319368526, 1.000298044,
2026.339800187, 1.001019683,
2026.401095167, 1.000176612,
2026.421526927, 0.999619419,
2026.441958588, 1.000806260,
2026.462390148, 1.000556052,
2026.482821908, 0.999558373,
2026.503253568, 0.999622404,
2026.523685328, 1.000130193,
2026.544116888, 1.000419769,
2026.564548548, 0.999401344,
2026.584980309, 1.000317322,
2026.605411869, 0.999221487,
2026.625843529, 1.000563711,
2026.646275289, 1.000383495,
2026.666706849, 1.000183295,
2026.687138509, 1.000197604,
2026.707570269, 0.999293459,
2026.728001829, 1.000453575,
2026.748433589, 0.999290686,
2026.768865249, 1.000223502,
2026.789296809, 1.001447332,
2026.809728569, 1.000465968,
2026.830160129, 0.999627578,
2026.871023549, 0.999253980,
2026.891455109, 0.999033806,
2026.911886769, 1.000807099,
2026.932318529, 0.999640869,
2026.952750189, 0.999446681,
2026.973181849, 0.999880116,
2026.993613509, 0.999831926,
2027.014045169, 0.999436094,
2027.034476929, 0.999310327,
2027.054908489, 0.999762401,
2027.075340149, 1.000006938,
2027.116203469, 0.999975598,
2027.136635129, 0.999715891,
2027.157066889, 0.999992310,
2027.177498449, 0.999781675,
2027.197930209, 0.999713424,
2027.218361869, 0.999961567,
2027.238793429, 0.999497700,
2027.259225189, 1.000069832,
2027.279656849, 0.998515480,
2027.300088409, 0.999469497,
2027.320520169, 0.999708092,
2027.381815149, 0.999787103,
2027.402246809, 1.000183675,
2027.422678569, 1.000113218,
2027.443110129, 1.000079876,
2027.463541789, 1.000342149,
2027.483973449, 0.999856317,
2027.504405209, 0.999890062,
2027.524836769, 0.999729026,
2027.545268529, 0.999576535,
2027.565700089, 0.999549493,
2027.626995069, 0.999807693,
2027.647426829, 0.999828956,
2027.667858489, 0.999256884,
2027.688290049, 0.999723856,
2027.708721808, 0.999469332,
2027.729153468, 0.999324664,
2027.749585028, 1.000232529,
2027.770016788, 0.999440964,
2027.790448448, 1.001412294,
2027.810880208, 0.999031197,
2027.872175189, 0.999787315,
2027.892606749, 0.999204269,
2027.913038409, 0.999359192,
2027.933470169, 0.999595174,
2027.953901729, 0.999194508,
2027.974333389, 0.999052062,
2027.994765149, 0.998348379,
2028.015196809, 0.999016293,
2028.035628469, 0.999074117,
2028.056060129, 0.999151648,
2028.076491789, 0.998917707,
2028.096923449, 0.999236012,
2028.178650090, 0.998639512,
2028.199081750, 0.999489416,
2028.219513410, 1.000167636,
2028.239945070, 1.001280489,
2028.260376830, 0.999327430,
2028.280808390, 0.999159059,
2028.301240051, 0.998546920,
2028.342103371, 0.998695603,
2028.362535031, 0.998773615,
2028.382966791, 0.998854174,
2028.403398352, 0.999033741,
2028.423830112, 0.998477555,
2028.444261772, 0.999426060,
2028.464693332, 0.999459132,
2028.485125093, 0.998891486,
2028.505556753, 0.998793207,
2028.525988313, 0.999968659,
2028.546420074, 0.998331208,
2028.607715054, 0.999153463,
2028.628146715, 0.998772404,
2028.648578475, 0.999477475,
2028.669010036, 1.000456491,
2028.689441696, 0.999107640,
2028.709873456, 0.999077480,
2028.750736677, 0.998743533,
2028.771168438, 0.998849637,
2028.791600098, 0.998956872,
2028.852895080, 0.998608607,
2028.873326740, 0.998060992,
2028.893758401, 0.998281925,
2028.914189961, 0.999271929,
2028.934621722, 0.999453590,
2028.955053382, 0.999358881,
2028.975484943, 0.998279692,
2028.995916704, 0.998674136,
2029.016348364, 0.998434037,
2029.036779925, 0.998724219,
2029.057211686, 0.997912342,
2029.077643346, 0.999765011,
2029.098075107, 0.998022345,
2029.118506668, 0.998723337,
2029.138938328, 0.998762794,
2029.159370089, 0.999184518,
2029.179801650, 0.998597720,
2029.200233311, 0.998055762,
2029.220665072, 0.998695499,
2029.241096732, 0.998889804,
2029.261528393, 0.998455515,
2029.281960054, 0.999114812,
2029.343255037, 0.999386218,
2029.363686698, 0.998669579,
2029.384118459, 0.998266186,
2029.404550020, 0.998290858,
2029.424981681, 0.999173058,
2029.445413442, 0.998216279,
2029.465845003, 0.998087638,
2029.486276764, 0.998394861,
2029.506708425, 0.998437716,
2029.527139986, 0.998610434,
2029.588434970, 0.998348591,
2029.608866731, 0.999233419,
2029.629298292, 0.999258259,
2029.649729953, 0.997876947,
2029.670161715, 0.997045521,
2029.690593276, 0.997941799,
2029.731456699, 0.998803541,
2029.751888360, 0.998355800,
2029.772320021, 0.998167207,
2029.833615006, 0.998773879,
2029.854046667, 0.998842386,
2029.874478429, 0.999041521,
2029.894910090, 0.998821036,
2029.915341652, 0.997998457,
2029.935773413, 0.998389202,
2029.956205075, 0.998217686,
2029.976636637, 0.997761671,
2029.997068398, 0.997968018,
2030.017500060, 0.998029291,
2030.078795045, 0.998517362,
2030.099226807, 0.999002339,
2030.119658369, 0.998521326,
2030.140090031, 0.998147740,
2030.160521793, 0.997327380,
2030.180953355, 0.998472986,
2030.201385017, 0.998109272,
2030.221816679, 0.999298450,
2030.242248341, 0.997761926,
2030.262680003, 0.998957322,
2030.283111665, 0.998590971,
2030.303543327, 0.998798342,
2030.323975089, 0.997674967,
2030.344406651, 0.997557464,
2030.364838313, 0.998049186,
2030.385270075, 0.998093892,
2030.405701738, 0.998290292,
2030.426133300, 0.997579523,
2030.446565062, 0.998228913,
2030.466996725, 0.997340137,
2030.487428387, 0.997565811,
2030.507860049, 0.998394571,
2030.548723374, 0.998122491,
2030.569155037, 0.997622040,
2030.589586699, 0.997249995,
2030.610018462, 0.998559725,
2030.630450024, 0.997781062,
2030.650881687, 0.998235163,
2030.671313450, 0.997589524,
2030.691745012, 0.998168441,
2030.712176775, 0.997476442,
2030.732608438, 0.998347689,
2030.753040001, 0.997823304,
2030.793903427, 0.997834529,
2030.814334989, 0.998236954,
2030.834766752, 0.998174670,
2030.855198415, 0.997822988,
2030.875630078, 0.998027016,
2030.896061741, 0.998265826,
2030.916493404, 0.998228021,
2030.936925068, 0.998337999,
2030.957356731, 0.997885574,
2030.977788394, 0.997632602,
2030.998220057, 0.997868843,
2031.059515147, 0.997933172,
2031.079946710, 0.997554118,
2031.100378474, 0.998373036,
2031.120810137, 0.998131739,
2031.141241701, 0.997480065,
2031.161673464, 0.997116828,
2031.182105128, 0.997944675,
2031.202536691, 0.997730475,
2031.222968455, 0.998465382,
2031.243400119, 0.997117312,
2031.284263446, 0.998132077,
2031.304695110, 0.997430707,
2031.325126874, 0.997991820,
2031.345558438, 0.997175788,
2031.365990102, 0.997290493,
2031.386421866, 0.997172849,
2031.427285094, 0.997768228,
2031.447716858, 0.997081235,
2031.468148422, 0.997110177,
2031.488580186, 0.997856838,
2031.549875179, 0.998102559,
2031.570306843, 0.997779316,
2031.590738408, 0.997265810,
2031.611170172, 0.998513251,
2031.631601837, 0.997440947,
2031.672465166, 0.996955589,
2031.692896830, 0.996010528,
2031.713328495, 0.996874102,
2031.733760159, 0.997275150,
2031.795055154, 0.997840081,
2031.815486819, 0.997499134,
2031.835918584, 0.995732077,
2031.856350149, 0.997551586,
2031.876781914, 0.997545213,
2031.897213579, 0.997555313,
2031.917645144, 0.997237108,
2031.938076909, 0.997747105,
2031.958508574, 0.997269889,
2031.978940139, 0.997240580,
2032.019803570, 0.997193371,
2032.040235235, 0.997684560,
2032.060666901, 0.996639308,
2032.081098566, 0.996894157,
2032.101530332, 0.997605232,
2032.121961897, 0.997280360,
2032.142393563, 0.997039129,
2032.162825328, 0.999477242,
2032.183256894, 0.996889122,
2032.203688560, 0.996649686,
2032.224120326, 0.998195126,
2032.285415323, 0.996153196,
2032.305846889, 0.997493796,
2032.326278655, 0.997203053,
2032.346710322, 0.997244934,
2032.367141888, 0.998040072,
2032.387573654, 0.997648709,
2032.408005320, 0.997342856,
2032.428436887, 0.997173092,
2032.448868653, 0.996813052,
2032.469300319, 0.997653338,
2032.489732086, 0.997269147,
2032.510163652, 0.997493563,
2032.530595319, 0.997665885,
2032.551027085, 0.998426263,
2032.571458652, 0.997181925,
2032.591890319, 0.997668026,
2032.612322086, 0.997848668,
2032.632753652, 0.996838832,
2032.653185419, 0.997266747,
2032.673617086, 0.997066016,
2032.694048653, 0.997606746,
2032.714480420, 0.996866272,
2032.755343755, 0.997346492,
2032.775775422, 0.996877332,
2032.796207089, 0.996174538,
2032.816638756, 0.997442870,
2032.837070424, 0.997561159,
2032.857502091, 0.997459351,
2032.877933759, 0.997254460,
2032.898365526, 0.997579299,
2032.939228861, 0.997373173,
2032.959660429, 0.997566561,
2033.000523865, 0.997263577,
2033.020955433, 0.997332637,
2033.041387201, 0.997427975,
2033.061818869, 0.997190920,
2033.082250437, 0.997229299,
2033.102682205, 0.997272353,
2033.123113873, 0.997076334,
2033.143545441, 0.997056519,
2033.163977209, 0.996991167,
2033.184408878, 0.997141758,
2033.204840446, 0.996827386,
2033.245703883, 0.998313794,
2033.266135652, 0.996417715,
2033.286567220, 0.997134766,
2033.306998889, 0.998516879,
2033.327430658, 0.997119523,
2033.347862227, 0.996635046,
2033.368293895, 0.997455651,
2033.388725664, 0.996856489,
2033.409157333, 0.997247512,
2033.429589003, 0.997040997,
2033.450020672, 0.997161435,
2033.511315679, 0.997502189,
2033.531747349, 0.996896355,
2033.552179118, 0.997141677,
2033.572610688, 0.997165705,
2033.593042457, 0.996714843,
2033.613474027, 0.997923032,
2033.633905697, 0.996654225,
2033.654337466, 0.997425238,
2033.674769036, 0.997669490,
2033.695200706, 0.996171053,
2033.736064046, 0.996952323,
2033.756495716, 0.997418755,
2033.776927486, 0.997371685,
2033.797359056, 0.996958430,
2033.817790827, 0.997438486,
2033.838222497, 0.996755787,
2033.858654067, 0.997149782,
2033.879085838, 0.997752967,
2033.899517508, 0.997312133,
2033.919949179, 0.996808959,
2033.940380850, 0.996708305,
2033.981244291, 0.997314829,
2034.001675862, 0.997968258,
2034.022107533, 0.998199083,
2034.042539304, 0.997659463,
2034.062970975, 0.996920966,
2034.083402546, 0.997062006,
2034.103834317, 0.997675458,
2034.124265989, 0.996789386,
2034.144697560, 0.997111193,
2034.165129331, 0.996970027,
2034.185561003, 0.996425372,
2034.246856018, 0.997501505,
2034.267287689, 0.998088527,
2034.287719361, 0.997104365,
2034.308151033, 0.996809634,
2034.328582705, 0.996982654,
2034.349014377, 0.997258876,
2034.369446149, 0.996864542,
2034.389877721, 0.997275760,
2034.410309394, 0.997102287,
2034.430741166, 0.997841929,
2034.471604411, 0.996700717,
2034.492036183, 0.996314516,
2034.512467756, 0.997112906,
2034.532899429, 0.996691892,
2034.553331201, 0.996196398,
2034.573762774, 0.996795864,
2034.594194547, 0.997662607,
2034.614626220, 0.996845885,
2034.635057893, 0.996996365,
2034.655489566, 0.996358378,
2034.675921239, 0.996940028,
2034.737216260, 0.997272304,
2034.757648033, 0.996634518,
2034.778079707, 0.996697959,
2034.798511280, 0.997497346,
2034.818943054, 0.997351627,
2034.839374728, 0.997170275,
2034.859806302, 0.996561950,
2034.880238076, 0.996865578,
2034.900669750, 0.997159625,
2034.921101324, 0.996494497,
2034.982396446, 0.997176013,
2035.002828121, 0.996883591,
2035.023259695, 0.997001637,
2035.043691470, 0.996684014,
2035.064123144, 0.997015656,
2035.084554719, 0.996398440,
2035.104986494, 0.997513760,
2035.125418169, 0.997074970,
2035.145849944, 0.997162780,
2035.166281519, 0.996682015,
2035.207144969, 0.996465655,
2035.227576544, 0.996784954,
2035.248008220, 0.996620912,
2035.268439995, 0.997108572,
2035.288871671, 0.997309065,
2035.309303346, 0.997710713,
2035.329735022, 0.996323026,
2035.350166698, 0.997720601,
2035.370598373, 0.997771193,
2035.391030049, 0.997131422,
2035.411461725, 0.997608687,
2035.472756754, 0.996962873,
2035.493188530, 0.996951206,
2035.513620106, 0.997811064,
2035.534051883, 0.997519056,
2035.554483559, 0.996931187,
2035.574915136, 0.997035687,
2035.595346913, 0.997345904,
2035.615778590, 0.998938599,
2035.636210167, 0.997150639,
2035.656641944, 0.996811520,
2035.717936975, 0.997375817,
2035.738368552, 0.997166914,
2035.758800330, 0.996667546,
2035.779232007, 0.996505032,
2035.799663685, 0.996739021,
2035.820095362, 0.995815115,
2035.840527040, 0.999344845,
2035.860958818, 0.997220716,
2035.881390396, 0.996148122,
2035.901822074, 0.996597977,
2035.963117108, 0.996821510,
2035.983548887, 0.996818440,
2036.003980565, 0.996923381,
2036.024412144, 0.997572173,
2036.044843922, 0.997862161,
2036.065275601, 0.997583039,
2036.085707380, 0.997647268,
2036.106138959, 0.997706284,
2036.126570638, 0.996720795,
2036.147002417, 0.996925491,
2036.187865675, 0.997057210,
2036.208297454, 0.996188757,
2036.228729034, 0.996853744,
2036.249160813, 0.997415034,
2036.269592393, 0.997222906,
2036.290024072, 0.996949798,
2036.310455852, 0.997553532,
2036.330887532, 0.997390633,
2036.351319112, 0.996637047,
2036.371750892, 0.996967219,
2036.392182472, 0.996774207,
2036.453477513, 0.997316608,
2036.473909294, 0.996953698,
2036.494340974, 0.997475189,
2036.514772655, 0.998326714,
2036.535204336, 0.997390736,
2036.555636016, 0.997199925,
2036.576067697, 0.996823262,
2036.596499478, 0.997333472,
2036.616931060, 0.997792551,
2036.637362841, 0.998121549,
2036.698657885, 0.996676653,
2036.719089567, 0.997010735,
2036.739521148, 0.997687129,
2036.759952930, 0.996962810,
2036.780384612, 0.997179798,
2036.800816394, 0.996988552,
2036.821247976, 0.997759785,
2036.841679658, 0.997379133,
2036.862111441, 0.996818820,
2036.882543023, 0.997490237,
2036.943838071, 0.996362189,
2036.964269753, 0.997165385,
2036.984701536, 0.996349827,
2037.005133119, 0.997391043,
2037.025564902, 0.996898098,
2037.045996485, 0.997985862,
2037.066428169, 0.997384367,
2037.086859952, 0.996461447,
2037.107291635, 0.997451590,
2037.127723219, 0.996819702,
2037.189018370, 0.997792470,
2037.229881738, 0.998552543,
2037.250313422, 0.997147756,
2037.270745107, 0.997359427,
2037.291176791, 0.997890110,
2037.311608575, 0.997029957,
2037.332040160, 0.997219663,
2037.352471945, 0.997666602,
2037.372903629, 0.998489282,
2037.434198684, 0.998349459,
2037.454630269, 0.997513789,
2037.475062054, 0.997206904,
2037.495493740, 0.997033025,
2037.515925325, 0.997909517,
2037.536357111, 0.997084182,
2037.556788796, 0.997785208,
2037.577220582, 0.997606913,
2037.597652168, 0.996981781,
2037.618083854, 0.996620078,
2037.679378913, 0.998174752,
2037.699810599, 0.998912739,
2037.720242285, 0.998013110,
2037.740674072, 1.001773611,
2037.761105659, 0.996436704,
2037.781537346, 0.997981474,
2037.801969132, 0.996508418,
2037.822400819, 0.997527312,
2037.842832407, 0.997645700,
2037.863264194, 0.997009348,
2037.904127569, 0.998257771,
2037.924559256, 0.997408054,
2037.944990944, 0.998565212,
2037.965422731, 0.998243514,
2037.985854319, 0.996969869,
2038.006286007, 0.997019728,
2038.026717795, 0.997690209,
2038.047149384, 0.997892199,
2038.067581072, 0.997855516,
2038.088012860, 0.997957589,
2038.108444449, 0.996999417,
2038.169739515, 0.997516371,
2038.190171304, 0.997212597,
2038.210602993, 0.997300777,
2038.231034582, 0.997600095,
2038.251466371, 0.998148667,
2038.271898061, 0.998219351,
2038.292329750, 0.997783527,
2038.312761440, 0.996754420,
2038.333193130, 0.997111710,
2038.353624819, 0.997316985,
2038.374056509, 0.997395948,
2038.394488199, 0.997170500,
2038.414919890, 0.997796627,
2038.435351580, 0.997611424,
2038.455783370, 0.997139349,
2038.476215061, 0.998085723,
2038.496646651, 0.997516943,
2038.517078442, 0.997627799,
2038.537510133, 0.997377181,
2038.557941724, 0.996105893,
2038.578373515, 0.997481152,
2038.598805206, 0.997307795,
2038.660100280, 0.997880399,
2038.680532072, 1.009906726,
2038.700963664, 0.998747886,
2038.721395355, 0.996859513,
2038.741827147, 0.997369081,
2038.762258739, 0.998812036,
2038.782690432, 0.998102104,
2038.803122224, 0.997899332,
2038.823553816, 0.998144184,
2038.843985609, 0.997953401,
2038.884848894, 0.997839752,
2038.905280687, 0.998163927,
2038.925712380, 0.997600739,
2038.946144073, 0.997933946,
2038.966575767, 0.997368561,
2038.987007460, 0.997578172,
2039.007439153, 0.997746126,
2039.027870847, 0.999079325,
2039.048302541, 0.998480978,
2039.068734235, 0.998280988,
2039.089165929, 0.997963100,
2039.130029417, 0.998336292,
2039.150461011, 0.997733597,
2039.170892706, 0.998185208,
2039.191324500, 0.997036742,
2039.211756095, 0.998620252,
2039.232187889, 0.997836183,
2039.252619584, 0.998702846,
2039.273051179, 0.999099075,
2039.293482975, 0.998226174,
2039.313914670, 0.998216166,
2039.334346265, 0.998222992,
2039.416073148, 0.997937548,
2039.436504844, 0.997373743,
2039.456936640, 0.998445106,
2039.477368236, 0.998098615,
2039.497799933, 0.998256496,
2039.518231729, 0.998567508,
2039.538663326, 0.998373432,
2039.559095022, 0.998332788,
2039.579526819, 0.997822154,
2039.599958516, 0.998765151,
2039.620390213, 0.998220892,
2039.640821910, 0.997702568,
2039.661253508, 0.998187047,
2039.702117003, 0.997315992,
2039.722548601, 0.997836216,
2039.742980398, 0.997715673,
2039.763412096, 0.997879654,
2039.783843894, 0.998807178,
2039.804275493, 0.998638689,
2039.824707191, 0.998583364,
2039.886002287, 0.998759564,
2039.906434086, 0.998498824,
2039.926865685, 0.998257370,
2039.947297384, 0.998424561,
2039.967729183, 0.998115724,
2039.988160782, 0.998127531,
2040.008592582, 0.998679266,
2040.029024281, 0.997459018,
2040.049455881, 0.998214248,
2040.069887681, 0.998965255,
2040.110750981, 0.998447205,
2040.131182781, 0.998090056,
2040.151614482, 0.997772334,
2040.172046282, 0.997858695,
2040.192477883, 0.998505357,
2040.212909583, 0.998794356,
2040.233341384, 0.998133589,
2040.253773085, 0.998627312,
2040.274204687, 0.997422631,
2040.294636488, 0.998230517,
2040.315068189, 0.998541814,
2040.376363294, 0.998573983,
2040.396794996, 0.997770214,
2040.417226698, 0.998617626,
2040.437658300, 0.998957151,
2040.458090103, 0.997405091,
2040.478521805, 0.998581723,
2040.498953408, 0.999515324,
2040.519385210, 0.998458333,
2040.539816913, 0.997559465,
2040.560248716, 0.997598518,
2040.621543826, 0.998025960,
2040.641975430, 0.998732008,
2040.662407133, 0.998583268,
2040.682838937, 0.998495412,
2040.703270541, 0.999196284,
2040.723702345, 0.998315663,
2040.744134049, 0.998362689,
2040.764565753, 0.997779048,
2040.784997458, 0.998149672,
2040.846292572, 0.998592256,
2040.866724277, 0.998326394,
2040.887156082, 0.998579533,
2040.907587688, 0.998456776,
2040.928019393, 0.998401896,
2040.948451198, 0.998566492,
2040.968882904, 0.998401591,
2040.989314510, 0.998621092,
2041.009746316, 0.998771234,
2041.030177922, 0.999822378,
2041.050609628, 0.999239351,
2041.091473041, 0.998675676,
2041.132336555, 0.997971416,
2041.152768162, 0.998199414,
2041.173199969, 0.998937965,
2041.193631676, 0.998608825,
2041.214063283, 0.998673143,
2041.234495091, 0.998523615,
2041.254926798, 0.998503347,
2041.275358606, 0.998636137,
2041.295790214, 0.999123569,
2041.377517047, 0.998245325,
2041.397948856, 0.998383542,
2041.418380464, 0.998096112,
2041.438812173, 0.998622804,
2041.459243982, 0.997251920,
2041.479675691, 0.998662025,
2041.500107401, 0.998757048,
2041.540970820, 0.998295736,
2041.561402529, 0.998601650,
2041.581834239, 0.997842957,
2041.602265949, 0.997940341,
2041.622697759, 0.999019831,
2041.643129370, 0.997813552,
2041.663561180, 0.998254225,
2041.683992791, 0.998330401,
2041.704424502, 0.999091563,
2041.745287924, 0.999215703,
2041.765719635, 0.999170740,
2041.786151446, 0.998520591,
2041.827014869, 0.998667387,
2041.847446581, 0.997305502,
2041.867878193, 0.997941115,
2041.888310005, 0.998832090,
2041.908741717, 0.998713699,
2041.929173329, 0.999582680,
2041.949605142, 0.998601052,
2041.970036855, 0.998508063,
2041.990468567, 0.998462139,
2042.010900280, 0.999248064,
2042.031331993, 0.998833731,
2042.092627133, 0.998096389,
2042.113058947, 0.998353199,
2042.133490661, 0.998911576,
2042.153922275, 0.999332982,
2042.174354089, 0.999219779,
2042.194785803, 0.998069461,
2042.215217518, 0.998089300,
2042.235649232, 0.999336234,
2042.256080947, 0.998209461,
2042.276512762, 0.998173562,
2042.337807807, 0.998658121,
2042.358239523, 0.997868701,
2042.378671338, 0.998138356,
2042.399102954, 0.997442985,
2042.419534670, 0.998169557,
2042.439966486, 0.998239927,
2042.460398102, 0.998526618,
2042.480829819, 0.998046730,
2042.501261635, 0.997990904,
2042.521693252, 0.998240101,
2042.542124969, 0.999866584,
2042.562556786, 0.998491759,
2042.582988403, 0.998575863,
2042.603420220, 0.997742193,
2042.623851938, 0.998456408,
2042.644283655, 0.999631575,
2042.664715373, 0.998357193,
2042.685147091, 0.997985339,
2042.705578809, 0.998085037,
2042.726010527, 0.998561858,
2042.746442245, 0.998865149,
2042.766874064, 0.998429469,
2042.828169220, 0.998131466,
2042.869032559, 0.998622641,
2042.889464378, 0.998338047,
2042.909896098, 0.998949337,
2042.930327818, 0.999029402,
2042.950759538, 0.998645656,
2042.971191258, 0.999100789,
2042.991622978, 0.999323208,
2043.012054698, 0.997914235,
2043.073349860, 0.999061977,
2043.093781481, 0.998428679,
2043.114213303, 0.998506460,
2043.134645024, 0.999285489,
2043.155076845, 0.997860775,
2043.175508467, 0.998262559,
2043.195940189, 0.997954912,
2043.216372011, 0.998217901,
2043.236803633, 0.999216308,
2043.257235355, 0.998651950,
2043.318530623, 0.998052443,
2043.338962346, 0.998480830,
2043.359394069, 0.999066352,
2043.379825792, 0.998618707,
2043.400257516, 0.998749597,
2043.420689239, 0.999121775,
2043.441121063, 0.998607149,
2043.461552687, 1.000667908,
2043.481984511, 0.997890369,
2043.502416235, 0.997611165,
2043.543279684, 0.997683205,
2043.563711409, 0.999330578,
2043.584143034, 0.998251228,
2043.604574859, 0.998862995,
2043.625006584, 0.998220380,
2043.645438409, 0.997547544,
2043.665870035, 0.998425154,
2043.686301761, 0.997896173,
2043.706733487, 0.998564790,
2043.727165213, 0.998518586,
2043.747596839, 0.999242197,
2043.788460392, 0.997759321,
2043.808892018, 0.998585726,
2043.829323845, 0.997705656,
2043.849755572, 0.998566062,
2043.870187399, 0.997429114,
2043.890619027, 0.997980137,
2043.911050754, 0.998115967,
2043.931482582, 0.998041732,
2043.951914210, 0.998538804,
2043.972345938, 0.998123678,
2043.992777766, 0.998473553,
2044.033641223, 0.996996201,
2044.054072951, 0.997840926,
2044.074504680, 0.997692966,
2044.094936409, 0.999228982,
2044.115368138, 0.998236190,
2044.135799868, 0.997533288,
2044.156231697, 0.998136109,
2044.176663327, 0.998632049,
2044.197095157, 0.998338472,
2044.217526887, 0.998033546,
2044.237958517, 0.998463091,
2044.299253708, 0.998107304,
2044.319685539, 0.998286386,
2044.340117270, 0.998514398,
2044.360548902, 0.998726189,
2044.380980733, 0.997811031,
2044.401412365, 0.998669655,
2044.421844196, 0.997791817,
2044.442275928, 0.998140626,
2044.462707560, 0.997697197,
2044.483139392, 0.997800810,
2044.544434590, 0.998221860,
2044.585298156, 0.997942161,
2044.605729789, 0.997833830,
2044.626161523, 0.999442453,
2044.646593356, 0.998061310,
2044.667025090, 0.997602519,
2044.687456724, 0.998246546,
2044.707888558, 0.997911876,
2044.728320293, 0.997580807,
2044.748752027, 0.997921698,
2044.769183762, 0.998735635,
2044.789615497, 0.998932528,
2044.810047332, 0.998275858,
2044.830478967, 0.998325482,
2044.850910702, 0.999357435,
2044.871342538, 0.999541979,
2044.891774173, 0.999478547,
2044.912205909, 0.998900604,
2044.932637745, 0.998372563,
2044.953069382, 0.998311364,
2044.973501218, 0.998512721,
2045.034796428, 0.998490371,
2045.055228165, 0.998559719,
2045.075659803, 0.998413276,
2045.096091640, 0.998432781,
2045.116523278, 0.998683090,
2045.136955116, 0.999017984,
2045.157386854, 0.998006403,
2045.177818492, 0.998735154,
2045.198250330, 0.998437927,
2045.218682069, 0.999531427,
2045.279977285, 0.996879254,
2045.300409125, 0.996944640,
2045.320840864, 0.997548586,
2045.341272504, 0.997796850,
2045.361704343, 0.998472872,
2045.382136084, 0.998408365,
2045.402567724, 0.998601908,
2045.422999564, 0.998064313,
2045.443431305, 0.998847395,
2045.463862945, 0.998523971,
2045.525158368, 0.998961671,
2045.545590010, 0.998067931,
2045.566021751, 0.997905605,
2045.586453593, 0.998040505,
2045.606885235, 0.996628526,
2045.627316977, 0.998357874,
2045.647748820, 0.997124546,
2045.668180462, 0.998012514,
2045.688612305, 0.997947656,
2045.709044048, 0.998501385,
2045.729475691, 0.997644026,
2045.749907534, 0.998091513,
2045.770339178, 0.998210153,
2045.790770921, 0.999163846,
2045.811202765, 0.997423587,
2045.831634509, 0.997653925,
2045.852066253, 0.998028631,
2045.872497998, 0.998551322,
2045.892929742, 0.997426091,
2045.933793232, 0.998121865,
2045.954224977, 0.998333372,
2046.015520313, 0.998988480,
2046.035952059, 0.997760431,
2046.056383705, 0.998033520,
2046.076815552, 0.997864871,
2046.097247298, 0.998345307,
2046.117678945, 0.997695128,
2046.138110791, 0.997322382,
2046.158542538, 0.998071857,
2046.178974186, 0.998000400,
2046.199406033, 0.997747673,
2046.260701276, 0.997879522,
2046.281133024, 0.998014017,
2046.301564873, 0.998310956,
2046.321996521, 0.998372447,
2046.342428270, 0.998063457,
2046.362860019, 0.997278450,
2046.383291768, 0.997605966,
2046.403723617, 0.998207433,
2046.424155266, 0.997532325,
2046.444587016, 0.998795479,
2046.485450516, 0.997612585,
2046.505882266, 0.998439761,
2046.526314116, 0.998312916,
2046.546745867, 0.998028661,
2046.567177618, 0.998450381,
2046.587609369, 0.997510188,
2046.608041120, 0.998607422,
2046.628472871, 0.998602524,
2046.648904623, 0.997866848,
2046.669336375, 0.998319046,
2046.689768227, 0.997915095,
2046.730631631, 0.997811898,
2046.751063484, 0.997620797,
2046.771495136, 0.998456137,
2046.791926989, 0.997851253,
2046.812358742, 0.997287041,
2046.832790396, 0.997490002,
2046.853222249, 0.999151851,
2046.873654003, 0.997349947,
2046.894085657, 0.997812471,
2046.914517511, 0.998105493,
2046.934949265, 0.998663514,
2046.996244529, 0.997005921,
2047.016676284, 0.997800027,
2047.037108039, 0.997282651,
2047.057539795, 0.998053530,
2047.077971551, 0.998375473,
2047.098403306, 0.997192396,
2047.118835162, 0.998228016,
2047.139266819, 0.997479260,
2047.159698575, 0.997097493,
2047.180130432, 0.997908609,
2047.241425703, 0.997727081,
2047.261857460, 0.998092340,
2047.282289118, 0.997702463,
2047.302720976, 0.999106471,
2047.323152734, 0.998059190,
2047.343584592, 0.998252663,
2047.364016250, 0.998169039,
2047.384448009, 0.998145023,
2047.404879868, 0.997218397,
2047.425311527, 0.997689161,
2047.486606805, 0.997601365,
2047.507038665, 0.998418420,
2047.527470425, 0.998358971,
2047.547902085, 0.997560447,
2047.568333946, 0.997019907,
2047.588765706, 0.998092817,
2047.609197367, 0.997934086,
2047.629629228, 0.997378046,
2047.650060990, 0.997871359,
2047.670492751, 0.999043972,
2047.690924513, 0.996554566,
2047.711356275, 0.997908467,
2047.731788137, 0.997482062,
2047.752219799, 0.998023369,
2047.772651561, 0.997713950,
2047.793083324, 0.997366920,
2047.813515087, 0.998063084,
2047.833946850, 0.996744352,
2047.854378713, 0.997714307,
2047.874810377, 0.997825990,
2047.895242240, 0.997480869,
2047.915674004, 0.997248295,
2047.976969297, 0.996401383,
2048.017832827, 0.997487904,
2048.038264592, 0.997638072,
2048.058696457, 0.998171488,
2048.079128123, 0.997849877,
2048.099559889, 0.997895727,
2048.119991755, 0.997880080,
2048.140423421, 0.998366861,
2048.160855187, 0.997940067,
2048.181287054, 0.998190502,
2048.201718721, 0.998038589,
2048.222150588, 0.997757901,
2048.242582355, 0.997729075,
2048.263014022, 0.997182228,
2048.283445890, 0.997601779,
2048.303877658, 0.998565815,
2048.324309426, 0.997966713,
2048.344741194, 0.997105349,
2048.365172962, 0.999090498,
2048.385604631, 0.997517411,
2048.406036500, 0.997792679,
2048.467331808, 0.996973303,
2048.487763578, 0.997398714,
2048.508195448, 0.997259952,
2048.528627118, 0.997135749,
2048.549058888, 0.997122668,
2048.569490759, 0.997543271,
2048.589922429, 0.997369871,
2048.610354300, 0.997554599,
2048.630786072, 0.997655292,
2048.651217743, 0.997359523,
2048.712513059, 0.998607433,
2048.732944931, 0.997755393,
2048.753376703, 0.997049633,
2048.773808576, 0.997717949,
2048.794240249, 0.997356065,
2048.814672022, 0.997485734,
2048.835103895, 0.998571613,
2048.855535569, 0.996742960,
2048.875967343, 0.997836387,
2048.896399217, 0.997410994,
2048.916830891, 0.998507137,
2048.937262665, 0.996657538,
2048.957694540, 0.997317990,
2048.978126315, 0.996979144,
2048.998558090, 0.998057308,
2049.018989865, 0.997346604,
2049.039421641, 0.997945356,
2049.059853416, 0.997737438,
2049.080285192, 0.997329493,
2049.100716968, 0.997600644,
2049.121148745, 0.997420583,
2049.141580521, 0.996661302,
2049.202875852, 0.997273099,
2049.223307730, 0.997736111,
2049.243739407, 0.996741311,
2049.264171185, 0.997212191,
2049.284603063, 0.998235781,
2049.305034742, 0.998149568,
2049.325466520, 0.997682081,
2049.345898399, 0.997635248,
2049.366330078, 0.997701862,
2049.386761957, 0.997153364,
2049.407193737, 0.997403875,
2049.448057296, 0.996777957,
2049.468489076, 0.997510561,
2049.488920856, 0.997861961,
2049.509352637, 0.997722923,
2049.529784418, 0.997150921,
2049.550216299, 0.997685150,
2049.570647980, 0.997366210,
2049.591079761, 0.996743829,
2049.611511643, 0.997089464,
2049.631943325, 0.997820611,
2049.672806989, 0.998237229,
2049.693238771, 0.996823636,
2049.713670554, 0.997214579,
2049.734102337, 0.997201086,
2049.754534020, 0.997276829,
2049.774965904, 0.997753084,
2049.795397687, 0.997143411,
2049.815829371, 0.997628898,
2049.836261255, 0.997439868,
2049.856693039, 0.997756800,
2049.877124724, 0.997648667,
2049.917988394, 0.997409033,
2049.938420279, 0.997104590,
2049.958851964, 0.997419851,
2049.979283750, 0.998707484,
2049.999715636, 0.995625905,
2050.020147322, 0.998101990,
2050.040579108, 0.997257954,
2050.061010995, 0.997293427,
2050.081442682, 0.997454140,
2050.101874569, 0.998421577,
2050.122306356, 0.997080436,
2050.183601719, 0.998141134,
2050.204033507, 0.996629635,
2050.224465295, 0.997438993,
2050.244897084, 0.996715875,
2050.265328973, 0.998188456,
2050.285760662, 0.997922409,
2050.306192451, 0.997664707,
2050.326624340, 0.997063737,
2050.347056130, 0.997671917,
2050.367487820, 0.997300425,
2050.408351401, 0.999218897,
2050.428783191, 0.997712689,
2050.449215082, 0.997603212,
2050.469646773, 0.997237423,
2050.490078665, 0.997437836,
2050.510510456, 0.997624655,
2050.530942148, 0.996648346,
2050.571805832, 0.997279977,
2050.592237525, 0.996284056,
2050.612669418, 0.996971833,
2050.653533104, 0.997939309,
2050.673964797, 0.997346133,
2050.694396591, 0.997077949,
2050.714828485, 0.997633473,
2050.735260179, 0.996934294,
2050.755691973, 0.997604208,
2050.776123868, 0.997530260,
2050.796555562, 0.997029653,
2050.816987457, 0.998000638,
2050.837419253, 0.997422137,
2050.857851048, 0.997810057,
2050.919146436, 0.998548463,
2050.939578233, 0.997378453,
2050.960010029, 0.998369560,
2050.980441826, 0.997512070,
2051.000873723, 0.997966761,
2051.021305421, 0.997673325,
2051.041737318, 0.997073277,
2051.062169016, 0.997729957,
2051.082600814, 0.998170490,
2051.103032713, 0.997971225,
2051.143896210, 0.998075715,
2051.184759808, 0.997003927,
2051.205191708, 0.997924431,
2051.225623507, 0.998095709,
2051.246055207, 0.997661621,
2051.266487108, 0.998058656,
2051.286918908, 0.997885736,
2051.307350609, 0.997010146,
2051.327782510, 0.998090984,
2051.348214311, 0.996855077,
2051.368646212, 0.998732605,
2051.389077914, 0.998176935,
2051.409509716, 0.998981154,
2051.429941618, 0.997733191,
2051.450373320, 0.997506024,
2051.470805123, 0.997312706,
2051.491237026, 0.997710268,
2051.511668829, 0.997946995,
2051.532100532, 0.997575742,
2051.552532436, 0.998337232,
2051.572964239, 0.997375224,
2051.593396044, 0.997816361,
2051.634259652, 0.996906921,
2051.654691457, 0.997182563,
2051.675123262, 0.998825560,
2051.695555067, 0.996829044,
2051.715986873, 0.998184460,
2051.736418679, 0.997583495,
2051.756850585, 0.998204195,
2051.777282291, 0.997651879,
2051.797714097, 0.998268667,
2051.818146004, 0.997293950,
2051.838577711, 0.997899663,
2051.879441426, 0.997766947,
2051.899873133, 0.997061588,
2051.920305041, 0.997226218,
2051.940736849, 0.997453873,
2051.961168558, 0.998359528,
2051.981600466, 0.998189819,
2052.002032275, 0.998365587,
2052.022463984, 0.998222949,
2052.042895894, 0.998047781,
2052.063327703, 0.997654388,
2052.083759613, 0.997303791,
2052.124623134, 0.997971084,
2052.145055044, 0.997282485,
2052.165486855, 0.997558252,
2052.185918566, 0.998314006,
2052.206350478, 0.998668403,
2052.226782289, 0.997888960,
2052.247214001, 0.998910252,
2052.267645913, 0.997361061,
2052.288077725, 0.997069222,
2052.308509638, 0.997047044,
2052.328941351, 0.998166104,
2052.369805077, 0.997180613,
2052.390236791, 0.998914872,
2052.410668605, 0.997958219,
2052.451532233, 0.997698280,
2052.471964148, 0.997526340,
2052.492395863, 0.998866641,
2052.512827678, 0.997887092,
2052.533259593, 0.997945528,
2052.553691309, 0.997819523,
2052.574123124, 0.998035435,
2052.614986757, 0.998493088,
2052.635418673, 0.998268075,
2052.655850490, 0.998313583,
2052.676282207, 0.997524499,
2052.696714125, 0.998349213,
2052.717145942, 0.997687068,
2052.737577760, 0.996971064,
2052.758009578, 0.997503102,
2052.778441396, 0.997945455,
2052.798873215, 0.998049966,
2052.819305034, 0.998284593,
2052.860168772, 0.998981550,
2052.880600592, 0.998029921,
2052.901032312, 0.998002385,
2052.921464232, 0.997906914,
2052.941896052, 0.997779709,
2052.962327773, 0.998238484,
2052.982759693, 0.997948314,
2053.003191515, 0.998464199,
2053.023623436, 0.998117346,
2053.044055158, 0.998204401,
2053.064486979, 0.998638923,
2053.146214270, 0.998668056,
2053.166646093, 0.998190138,
2053.187078016, 0.998868888,
2053.207509740, 0.997747435,
2053.227941564, 0.997398651,
2053.248373488, 0.998020551,
2053.268805212, 0.998752976,
2053.289237037, 0.997557501,
2053.309668962, 0.997639935,
2053.350532613, 0.997802006,
2053.370964438, 0.997337678,
2053.391396264, 0.998164573,
2053.411828091, 0.996478559,
2053.432259917, 0.996198971,
2053.452691744, 0.997224442,
2053.473123571, 0.997173777,
2053.493555398, 0.996975351,
2053.513987226, 0.998535079,
2053.534419153, 0.997325720,
2053.554850881, 0.998339743,
2053.595714638, 0.998545426,
2053.616146367, 0.997763291,
2053.636578296, 0.997595730,
2053.657010126, 0.998714220,
2053.677441855, 0.998090129,
2053.697873785, 0.998271158,
2053.718305615, 0.998736158,
2053.738737445, 0.996922720,
2053.759169276, 0.997289816,
2053.779601107, 0.999245654,
2053.800032938, 0.996954114,
2053.840896501, 0.998299882,
2053.861328433, 0.998927065,
2053.881760266, 0.998836578,
2053.902192198, 0.997585831,
2053.922623931, 0.997561491,
2053.943055764, 0.998516437,
2053.963487697, 0.998476925,
2053.983919431, 0.998059259,
2054.004351264, 0.998279505,
2054.024783198, 0.997526487,
2054.045215033, 0.998556597,
2054.086078702, 0.997424762,
2054.106510537, 0.997739161,
2054.126942373, 0.997522888,
2054.147374208, 0.999134361,
2054.167806044, 0.998615140,
2054.188237980, 0.998614579,
2054.208669717, 0.999255694,
2054.229101554, 0.997521349,
2054.249533491, 0.997924843,
2054.269965228, 0.997513332,
2054.290397165, 0.998151260,
2054.331260741, 0.999056330,
2054.351692679, 0.998015907,
2054.372124518, 0.998843663,
2054.392556257, 0.998002610,
2054.412988196, 0.997192090,
2054.433420035, 0.997189608,
2054.453851875, 0.998708182,
2054.474283715, 0.998183757,
2054.494715455, 0.997601731,
2054.515147395, 0.997750660,
2054.535579236, 0.998260150,
2054.576442919, 0.997872815,
2054.617306702, 0.997685608,
2054.637738444, 0.998391146,
2054.658170286, 0.997699585,
2054.678602229, 0.997309430,
2054.699033972, 0.997486641,
2054.719465815, 0.998196777,
2054.739897758, 0.998463303,
2054.760329602, 0.998626896,
2054.821625135, 0.998115965,
2054.842056979, 0.997924969,
2054.862488824, 0.997756408,
2054.882920670, 0.998496000,
2054.903352615, 0.998191755,
2054.923784361, 0.998375019,
2054.944216207, 0.998455710,
2054.964648154, 0.997891411,
2054.985079900, 0.998012428,
2055.005511847, 0.997671522,
2055.025943694, 0.998510753,
2055.087239138, 0.998707727,
2055.107670986, 0.998788156,
2055.128102935, 0.998412758,
2055.148534684, 0.997754517,
2055.168966633, 0.998003615,
2055.189398482, 0.998678144,
2055.209830232, 0.997169580,
2055.230262182, 0.998367572,
2055.250694032, 0.996961283,
2055.271125882, 0.998192806,
2055.291557733, 0.999481981,
2055.311989584, 0.998372482,
2055.332421536, 0.999186665,
2055.352853287, 0.999143799,
2055.373285139, 0.999112292,
2055.393717091, 0.998113385,
2055.414148944, 0.997585298,
2055.434580696, 0.998595658,
2055.455012649, 0.998207327,
2055.475444503, 0.998394723,
2055.495876356, 0.998844911,
2055.516308210, 0.998276652,
2055.557172019, 0.998326800,
2055.577603773, 0.998574364,
2055.598035628, 1.000389097,
2055.618467583, 1.001226766,
2055.638899339, 0.998162711,
2055.659331195, 0.998921507,
2055.679763151, 0.997722670,
2055.700194907, 0.998869813,
2055.720626864, 0.998353053,
2055.741058621, 0.998164184,
2055.761490478, 0.999014075,
2055.802354193, 0.998233872,
2055.822786051, 0.998853285,
2055.843218009, 0.997772701,
2055.863649768, 0.998675843,
2055.884081727, 0.997973995,
2055.904513586, 0.998412266,
2055.924945445, 0.998145198,
2055.945377305, 0.999315340,
2055.965809165, 0.997950158,
2055.986241025, 0.998845492,
2056.006672886, 0.998133705,
2056.067968569, 0.998886144,
2056.088400331, 0.998891064,
2056.108832293, 0.997804694,
2056.129264155, 0.999423263,
2056.149695918, 0.998893005,
2056.170127880, 0.998943019,
2056.190559744, 0.997967641,
2056.210991707, 0.999364630,
2056.231423471, 0.998465427,
2056.251855335, 0.998468441,
2056.272287299, 0.997413144,
2056.292719063, 0.998097908,
2056.313150928, 0.999191331,
2056.333582893, 0.998626026,
2056.354014659, 0.999436851,
2056.374446524, 0.997655653,
2056.394878390, 0.998026210,
2056.415310256, 0.998792383,
2056.435742223, 0.997730377,
2056.456174090, 0.998566293,
2056.476605857, 0.998100695,
2056.497037824, 0.998224070,
2056.537901460, 0.998767247,
2056.558333428, 0.998486178,
2056.578765297, 0.999818480,
2056.599197165, 0.998245970,
2056.619629035, 0.998456491,
2056.640060904, 0.999007495,
2056.660492774, 0.998405095,
2056.680924644, 0.998395863,
2056.701356514, 0.998724133,
2056.721788384, 0.999213513,
2056.742220255, 0.997902083,
2056.783084098, 0.998384252,
2056.803515870, 0.998573852,
2056.823947841, 0.998713951,
2056.844379714, 0.998503062,
2056.864811486, 0.999452090,
2056.885243459, 0.998243070,
2056.905675332, 0.997699396,
2056.926107306, 0.998128880,
2056.946539080, 0.998406060,
2056.966970954, 0.999363205,
2056.987402928, 0.999158445,
2057.028266578, 0.998986529,
2057.048698553, 0.998248221,
2057.069130328, 0.998639704,
2057.089562204, 0.998942265,
2057.109994080, 0.998312041,
2057.130425956, 0.998605885,
2057.150857933, 0.999724322,
2057.171289710, 0.998851052,
2057.191721587, 0.998940717,
2057.212153565, 0.999276018,
2057.232585443, 0.998545093,
2057.293881078, 0.999179379,
2057.314312957, 1.000056719,
2057.334744836, 0.999155153,
