BJD - 2454833, Corrected Flux
1977.262442993, 1.003091610,
1977.282875255, 1.003131322,
1977.303307416, 1.003261065,
1977.364604297, 1.003834984,
1977.385036556, 1.004030139,
1977.405468814, 1.003763849,
1977.425901072, 1.003712609,
1977.446333430, 1.004101915,
1977.466765587, 1.003836627,
1977.487197944, 1.003882838,
1977.507630201, 1.004080952,
1977.528062357, 1.004247293,
1977.548494712, 1.004079021,
1977.568926967, 1.004129918,
1977.589359122, 1.004241541,
1977.609791476, 1.004155939,
1977.630223729, 1.004080726,
1977.650655882, 1.003937935,
1977.671088235, 1.004303752,
1977.691520487, 1.004084706,
1977.711952638, 1.004154870,
1977.732384990, 1.004057834,
1977.752817240, 1.003926717,
1977.773249391, 1.004027377,
1977.793681740, 1.004160115,
1977.814113990, 1.003842407,
1977.834546239, 1.003754637,
1977.854978487, 1.003727324,
1977.875410735, 1.003799039,
1977.895842982, 1.003839357,
1977.916275229, 1.003718062,
1977.936707476, 1.003594439,
1977.957139822, 1.003676375,
1977.977571968, 1.003730131,
1977.998004212, 1.003374726,
1978.018436557, 1.003429406,
1978.038868701, 1.003390547,
1978.059300945, 1.003527399,
1978.079733288, 1.003410650,
1978.100165431, 1.003348379,
1978.120597673, 1.003287339,
1978.141030015, 1.003262165,
1978.161462156, 1.003103188,
1978.181894397, 1.003245588,
1978.202326737, 1.003091015,
1978.222758878, 1.003074452,
1978.243191217, 1.002714505,
1978.263623456, 1.002617001,
1978.324920170, 1.002275827,
1978.345352408, 1.002772610,
1978.365784644, 1.002223582,
1978.386216880, 1.002446490,
1978.406649116, 1.002261241,
1978.427081352, 1.001978661,
1978.447513587, 1.002265426,
1978.467945821, 1.002157454,
1978.488378055, 1.001980858,
1978.508810288, 1.001809722,
1978.529242421, 1.001941743,
1978.590539117, 1.001625324,
1978.610971449, 1.001843199,
1978.631403679, 1.001718819,
1978.651836009, 1.001638837,
1978.672268139, 1.001324423,
1978.692700368, 1.001229520,
1978.713132698, 1.001261093,
1978.733564826, 1.001063787,
1978.753997054, 1.001279299,
1978.774429381, 1.001195427,
1978.794861608, 1.001381981,
1978.815293735, 1.001255428,
1978.835726061, 1.001145861,
1978.856158286, 1.000973622,
1978.876590412, 1.000952407,
1978.917454961, 1.000878793,
1978.937887084, 1.000677891,
1978.958319408, 1.000547467,
1978.978751631, 1.000493424,
1978.999183753, 1.000752216,
1979.019616075, 1.000494480,
1979.060480417, 1.001415243,
1979.080912738, 1.000621287,
1979.101344958, 1.000308329,
1979.121777277, 1.000363576,
1979.142209397, 1.000354503,
1979.162641616, 1.000000552,
1979.183073833, 0.999997680,
1979.203506051, 0.999966817,
1979.223938269, 0.999729152,
1979.244370486, 1.000035725,
1979.264802702, 0.999911828,
1979.285234918, 0.999784163,
1979.305667134, 0.999262543,
1979.326099349, 0.999741580,
1979.346531563, 0.999770475,
1979.366963878, 0.999809255,
1979.387395991, 0.999728001,
1979.407828205, 0.999625214,
1979.448692630, 0.999775935,
1979.469124841, 0.999825231,
1979.489557153, 0.999584780,
1979.509989264, 0.999981923,
1979.530421474, 0.999785092,
1979.550853784, 0.999745869,
1979.571285894, 0.999688496,
1979.591718203, 0.999706464,
1979.612150412, 0.999542461,
1979.632582620, 0.999862768,
1979.653014828, 0.999818191,
1979.673447035, 0.999606217,
1979.693879242, 0.999601396,
1979.714311448, 0.999972921,
1979.734743654, 0.999596143,
1979.775608065, 0.999855188,
1979.796040269, 0.999776205,
1979.816472474, 0.999845481,
1979.836904777, 0.999595504,
1979.857336881, 1.000049890,
1979.877769083, 1.000062468,
1979.898201286, 1.000071158,
1979.918633488, 1.000130114,
1979.939065689, 1.000127641,
1979.959497890, 0.999976451,
1979.979930090, 0.999828704,
1980.000362291, 0.999876328,
1980.020794490, 1.000399975,
1980.041226690, 0.999997435,
1980.061658989, 1.000104946,
1980.082091086, 0.999702987,
1980.102523284, 0.999730260,
1980.122955582, 0.999894258,
1980.143387679, 0.999676809,
1980.163819875, 1.000068729,
1980.184252171, 0.999629244,
1980.204684367, 0.999565268,
1980.225116462, 0.999386004,
1980.245548757, 0.999894444,
1980.265980951, 0.999882923,
1980.286413045, 1.000417614,
1980.306845338, 0.999733469,
1980.327277531, 0.999733034,
1980.347709623, 0.999630131,
1980.368141916, 0.999287636,
1980.388574107, 0.999293851,
1980.409006198, 0.999768079,
1980.429438489, 0.999173437,
1980.449870679, 0.999496572,
1980.470302869, 0.999773635,
1980.490735058, 0.999430950,
1980.511167247, 0.999487114,
1980.531599535, 0.999624746,
1980.552031623, 0.999278453,
1980.572463811, 0.999592244,
1980.592896098, 0.999292771,
1980.613328185, 0.999226619,
1980.633760371, 0.999355649,
1980.654192657, 0.999221847,
1980.674624742, 0.999287512,
1980.695056926, 0.999396739,
1980.715489211, 0.999331639,
1980.735921295, 0.999413923,
1980.756353479, 0.999588149,
1980.776785762, 0.999387897,
1980.797217844, 0.999761557,
1980.817650026, 0.999080257,
1980.838082308, 0.999453128,
1980.858514389, 0.999389842,
1980.878946570, 0.999196074,
1980.899378851, 0.999500961,
1980.919810930, 0.999313611,
1980.940243110, 0.999406760,
1980.960675389, 0.999549901,
1980.981107468, 0.999529405,
1981.042404101, 0.999101487,
1981.062836278, 0.999207447,
1981.083268454, 0.999468152,
1981.103700630, 0.999142188,
1981.124132806, 0.999291672,
1981.144564981, 0.999126621,
1981.164997156, 0.999323242,
1981.185429430, 0.999301437,
1981.205861503, 0.999267702,
1981.226293677, 0.999483074,
1981.246725950, 0.999156050,
1981.267158022, 0.999310844,
1981.287590194, 0.999362460,
1981.308022466, 0.999327876,
1981.328454537, 1.000078635,
1981.348886707, 0.999268724,
1981.389751047, 0.999057188,
1981.410183217, 0.999554931,
1981.430615386, 0.999045099,
1981.451047554, 0.999495481,
1981.471479823, 0.999058881,
1981.594072822, 0.999284572,
1981.614504987, 0.999115662,
1981.634937051, 0.999176801,
1981.655369315, 0.999338736,
1981.675801479, 0.999252912,
1981.696233542, 0.999381468,
1981.716665805, 0.999012137,
1981.737097967, 0.999362691,
1981.757530029, 0.999329458,
1981.777962291, 0.999272041,
1981.798394452, 0.999206446,
1981.818826513, 0.999536727,
1981.839258773, 0.999470130,
1981.859690932, 0.999553568,
1981.880123092, 0.999099114,
1981.900555250, 0.999495541,
1981.920987409, 0.999363380,
1981.941419667, 0.999562985,
1981.961851724, 0.999456238,
1981.982283881, 0.999501836,
1982.002716138, 0.999501032,
1982.023148294, 0.999800321,
1982.043580350, 0.999588500,
1982.064012606, 0.999581830,
1982.084444761, 0.999583143,
1982.104876815, 0.999993229,
1982.125309069, 0.999813340,
1982.166173276, 1.000013006,
1982.186605529, 0.999798433,
1982.207037581, 1.000062034,
1982.227469733, 1.000028063,
1982.247901984, 0.999748487,
1982.268334036, 1.000140261,
1982.288766186, 0.999877328,
1982.309198437, 0.999579990,
1982.329630487, 1.000294674,
1982.350062636, 0.999950915,
1982.370494885, 0.999753882,
1982.390927033, 1.000027311,
1982.411359181, 0.999857061,
1982.431791329, 1.000254780,
1982.452223476, 1.000418539,
1982.472655623, 0.999722020,
1982.513519915, 1.000547502,
1982.533952160, 1.000245268,
1982.554384205, 1.000521677,
1982.574816350, 1.000388040,
1982.595248594, 1.000124894,
1982.615680638, 1.000629235,
1982.636112781, 1.000254896,
1982.656545024, 1.000284718,
1982.676977066, 1.000287880,
1982.697409208, 1.000408603,
1982.717841450, 1.000580095,
1982.738273491, 1.000656466,
1982.758705632, 1.000726745,
1982.779137872, 1.001309122,
1982.799569912, 1.000787003,
1982.820002052, 1.000913000,
1982.840434290, 1.001025340,
1982.860866429, 1.000913013,
1982.881298567, 1.000914242,
1982.901730705, 1.001082808,
1982.922162742, 1.000861913,
1982.942594979, 1.001197911,
1982.983459152, 1.000913342,
1983.003891387, 1.001531487,
1983.024323522, 1.001402133,
1983.044755557, 1.001411993,
1983.065187792, 1.001207014,
1983.085619925, 1.001542019,
1983.106051959, 1.001721354,
1983.126484192, 1.001161834,
1983.146916325, 1.001156785,
1983.167348357, 1.001576915,
1983.187780589, 1.001664115,
1983.208212720, 1.001566640,
1983.228644851, 1.001592600,
1983.249076981, 1.001454502,
1983.269509112, 1.001894110,
1983.289941241, 1.001707276,
1983.310373371, 1.001845637,
1983.330805499, 1.002005845,
1983.351237728, 1.001984190,
1983.371669856, 1.001727592,
1983.392101883, 1.002061577,
1983.412534110, 1.001601205,
1983.432966237, 1.002369050,
1983.473830489, 1.002345898,
1983.494262615, 1.001965522,
1983.514694639, 1.002089230,
1983.535126864, 1.002347692,
1983.555558988, 1.001998927,
1983.575991012, 1.002247507,
1983.596423235, 1.002236098,
1983.616855358, 1.002370531,
1983.657719603, 1.002737327,
1983.678151624, 1.002371102,
1983.719015966, 1.002304343,
1983.739447987, 1.002067833,
1983.759880106, 1.002291668,
1983.780312326, 1.002478341,
1983.800744445, 1.002259101,
1983.821176564, 1.001935392,
1983.841608682, 1.002533177,
1983.862040800, 1.002251347,
1983.882473017, 1.002429231,
1983.902905035, 1.002278894,
1983.923337151, 1.002004831,
1983.943769368, 1.002594341,
1983.964201383, 1.002137944,
1983.984633499, 1.002220863,
1984.005065714, 1.002783113,
1984.025497728, 1.002694313,
1984.066362056, 1.002567137,
1984.086794069, 1.002209404,
1984.107226182, 1.002385824,
1984.127658394, 1.002261716,
1984.148090407, 1.002171821,
1984.168522518, 1.002410542,
1984.188954729, 1.002262068,
1984.209386840, 1.002017944,
1984.229818850, 1.002442558,
1984.250251060, 1.002358029,
1984.270683170, 1.001869532,
1984.291115279, 1.002100679,
1984.311547387, 1.002345600,
1984.331979496, 1.002452133,
1984.352411703, 1.001968954,
1984.393275718, 1.002241206,
1984.413707925, 1.002129948,
1984.475004242, 1.002526217,
1984.495436347, 1.002364206,
1984.515868351, 1.002170446,
1984.536300556, 1.002188067,
1984.556732659, 1.002029642,
1984.577164663, 1.002036986,
1984.597596866, 1.001981623,
1984.618028968, 1.002076273,
1984.638461070, 1.001946744,
1984.658893172, 1.002196129,
1984.679325273, 1.002166668,
1984.699757374, 1.002188647,
1984.720189574, 1.002558196,
1984.740621574, 1.002183570,
1984.761053774, 1.001982368,
1984.781485873, 1.002556714,
1984.801917872, 1.002060653,
1984.822350070, 1.002373016,
1984.842782168, 1.001861739,
1984.863214166, 1.002116359,
1984.883646363, 1.002021292,
1984.904078459, 1.001986064,
1984.985806743, 1.002165624,
1985.006238937, 1.002202731,
1985.026671031, 1.002341771,
1985.047103125, 1.002371959,
1985.067535219, 1.002269929,
1985.087967312, 1.002585134,
1985.108399405, 1.002250994,
1985.128831497, 1.002840384,
1985.149263588, 1.002443326,
1985.169695580, 1.002190806,
1985.190127771, 1.002129448,
1985.210559861, 1.001844661,
1985.230992052, 1.002478098,
1985.251424042, 1.002091791,
1985.271856131, 1.002577698,
1985.292288320, 1.002190830,
1985.312720308, 1.002046418,
1985.333152396, 1.002240710,
1985.353584584, 1.002621410,
1985.374016571, 1.002281951,
1985.394448658, 1.002107472,
1985.455744917, 1.002657825,
1985.476177102, 1.002257621,
1985.496609087, 1.002132964,
1985.517041172, 1.002224197,
1985.537473356, 1.002303097,
1985.557905440, 1.002069246,
1985.578337423, 1.002148109,
1985.598769606, 1.001964867,
1985.619201688, 1.001754094,
1985.639633670, 1.001855907,
1985.660065852, 1.002083407,
1985.680497933, 1.001729666,
1985.700930114, 1.001643042,
1985.721362095, 1.001837711,
1985.741794175, 1.001896085,
1985.762226354, 1.001611210,
1985.782658334, 1.001711249,
1985.803090412, 1.001800405,
1985.823522591, 1.001542280,
1985.843954569, 1.001139012,
1985.864386646, 1.001593347,
1985.884818724, 1.001411390,
1985.946114953, 1.001382059,
1985.966547029, 1.001632424,
1985.986979104, 1.001600299,
1986.007411179, 1.001453209,
1986.027843254, 1.001555532,
1986.048275328, 1.001314294,
1986.068707501, 1.001501439,
1986.089139474, 1.001444343,
1986.109571547, 1.001546284,
1986.130003719, 1.001520502,
1986.150435692, 1.001475447,
1986.170867863, 1.001440365,
1986.191299935, 1.001481832,
1986.211731905, 1.001744524,
1986.232164076, 1.001702814,
1986.252596146, 1.001639568,
1986.273028115, 1.001520990,
1986.293460285, 1.001514827,
1986.313892354, 1.001897055,
1986.334324322, 1.001548878,
1986.354756490, 1.001465622,
1986.375188558, 1.001413125,
1986.395620625, 1.001615066,
1986.416052692, 1.001147342,
1986.436484759, 1.001677559,
1986.456916825, 1.001779958,
1986.477348890, 1.001602093,
1986.497780956, 1.001880792,
1986.518213020, 1.001666652,
1986.538645185, 1.001892096,
1986.559077149, 1.001684436,
1986.579509213, 1.001540860,
1986.599941276, 1.001859711,
1986.620373339, 1.001499311,
1986.681669525, 1.001590135,
1986.702101687, 1.001756777,
1986.722533647, 1.002056092,
1986.742965708, 1.002052695,
1986.763397868, 1.001570153,
1986.783829828, 1.001977129,
1986.804261888, 1.001574207,
1986.824694046, 1.002104371,
1986.845126005, 1.001616977,
1986.865558063, 1.001911052,
1986.926854235, 1.001871274,
1986.947286392, 1.001969281,
1986.967718448, 1.001710855,
1986.988150404, 1.001869391,
1987.008582559, 1.002147138,
1987.029014615, 1.001832529,
1987.049446569, 1.002323503,
1987.069878724, 1.002256607,
1987.090310777, 1.001954525,
1987.110742931, 1.002359204,
1987.172039089, 1.002359654,
1987.192471041, 1.002233063,
1987.212903092, 1.002087629,
1987.233335244, 1.002529025,
1987.253767194, 1.002669389,
1987.274199245, 1.002917563,
1987.294631394, 1.002574742,
1987.315063344, 1.002844896,
1987.335495394, 1.002068379,
1987.355927543, 1.002535685,
1987.376359491, 1.002774462,
1987.396791539, 1.002208271,
1987.417223586, 1.002378876,
1987.437655634, 1.002478857,
1987.458087680, 1.002482290,
1987.478519827, 1.002292007,
1987.498951773, 1.002174910,
1987.519383919, 1.002006072,
1987.539815964, 1.002493530,
1987.560247909, 1.002452616,
1987.580680054, 1.002522121,
1987.601112098, 1.002266844,
1987.662408228, 1.002614345,
1987.682840171, 1.002491033,
1987.703272313, 1.002976246,
1987.723704354, 1.002550427,
1987.744136396, 1.002497156,
1987.764568437, 1.002151915,
1987.785000478, 1.002704618,
1987.805432518, 1.002472920,
1987.825864558, 1.002048816,
1987.846296597, 1.002424917,
1987.907592714, 1.002672592,
1987.928024752, 1.002538413,
1987.948456890, 1.002761906,
1987.968888827, 1.002664297,
1987.989320964, 1.002848764,
1988.009753000, 1.002754863,
1988.030184936, 1.002698085,
1988.050617072, 1.002874125,
1988.071049107, 1.003089377,
1988.091481042, 1.002886626,
1988.111913176, 1.002517103,
1988.132345111, 1.002619213,
1988.152777144, 1.002832336,
1988.173209278, 1.002706768,
1988.193641211, 1.002952770,
1988.214073244, 1.002907084,
1988.234505376, 1.002830328,
1988.254937308, 1.003075939,
1988.275369339, 1.003115329,
1988.295801471, 1.002625274,
1988.316233501, 1.003356802,
1988.397961520, 1.003341668,
1988.418393649, 1.003723805,
1988.438825678, 1.003130464,
1988.459257806, 1.003570128,
1988.479689734, 1.003504848,
1988.500121761, 1.003509117,
1988.520553888, 1.003801596,
1988.540985814, 1.003346800,
1988.561417840, 1.003769566,
1988.581849966, 1.003456850,
1988.643146041, 1.003691364,
1988.663577966, 1.003803301,
1988.684009990, 1.003941254,
1988.704442113, 1.003779441,
1988.724874036, 1.003595659,
1988.745306059, 1.003923415,
1988.765738182, 1.003672940,
1988.786170204, 1.003691107,
1988.806602125, 1.003518895,
1988.827034246, 1.003623933,
1988.908762228, 1.004290557,
1988.929194347, 1.003998069,
1988.949626367, 1.004209006,
1988.970058285, 1.004460230,
1988.990490403, 1.004114663,
1989.010922421, 1.004159755,
1989.031354339, 1.004105566,
1989.051786456, 1.016818353,
1989.072218473, 1.003951320,
1989.092650389, 1.004068382,
1989.113082505, 1.004143416,
1989.133514521, 1.004070579,
1989.153946536, 1.003941719,
1989.174378551, 1.003805867,
1989.194810566, 1.004253354,
1989.215242580, 1.004106857,
1989.235674594, 1.004097042,
1989.256106608, 1.004196244,
1989.276538621, 1.003825096,
1989.296970733, 1.004310737,
1989.317402645, 1.004057900,
1989.378698680, 1.003973726,
1989.399130791, 1.004199110,
1989.419562802, 1.005109544,
1989.439994712, 1.003945721,
1989.460426822, 1.004039599,
1989.480858831, 1.004184655,
1989.501290740, 1.003901243,
1989.521722848, 1.004168324,
1989.542154857, 1.004016472,
1989.562586765, 1.003988642,
1989.583018872, 1.004095360,
1989.603450879, 1.003997120,
1989.623882786, 1.004035208,
1989.644314893, 1.004082738,
1989.664746899, 1.004162723,
1989.685178804, 1.004119723,
1989.705610909, 1.003903598,
1989.726042914, 1.003472956,
1989.746474819, 1.003636468,
1989.766906923, 1.003763842,
1989.787338927, 1.003503577,
1989.807770831, 1.003534288,
1989.869067039, 1.003545726,
1989.889498941, 1.003730654,
1989.909930942, 1.003502347,
1989.930363044, 1.003879565,
1989.950794945, 1.003390270,
1989.971226945, 1.003185843,
1989.991659046, 1.003541654,
1990.032522945, 1.003485890,
1990.052955044, 1.003690392,
1990.073386943, 1.003268047,
1990.093818941, 1.003165032,
1990.114251039, 1.003635551,
1990.134683037, 1.003067903,
1990.155114934, 1.003490404,
1990.175547031, 1.002751891,
1990.195979027, 1.003461719,
1990.216410923, 1.003459310,
1990.236843019, 1.002766567,
1990.257275015, 1.002971276,
1990.277707009, 1.002972276,
1990.298139004, 1.003324034,
1990.359434987, 1.003023857,
1990.379866880, 1.003009135,
1990.400298973, 1.002896468,
1990.441162857, 1.002994959,
1990.461594949, 1.002953662,
1990.482026940, 1.003057314,
1990.502458932, 1.002328020,
1990.522890923, 1.002196133,
1990.543322913, 1.003108460,
1990.604618882, 1.002802537,
1990.625050871, 1.002852845,
1990.645482959, 1.002742858,
1990.665914848, 1.002539721,
1990.706778923, 1.004498512,
1990.727210810, 1.002091557,
1990.747642897, 1.001994684,
1990.768074883, 1.002257358,
1990.788506769, 1.002478703,
1990.849802726, 1.002307806,
1990.870234810, 1.002376397,
1990.890666795, 1.001715584,
1990.911098678, 1.001894553,
1990.931530762, 1.001726212,
1990.951962745, 1.002007047,
1990.972394728, 1.001892188,
1990.992826710, 1.002151609,
1991.013258693, 1.001977386,
1991.033690675, 1.001685727,
1991.054122656, 1.001645436,
1991.074554637, 1.001783107,
1991.094986518, 1.001791425,
1991.115418598, 1.001573563,
1991.135850578, 1.001282178,
1991.156282658, 1.001274789,
1991.176714537, 1.001039862,
1991.197146516, 1.001371185,
1991.217578595, 1.001652740,
1991.238010473, 1.001331668,
1991.258442451, 1.001145258,
1991.278874529, 1.001030237,
1991.340170459, 1.001044800,
1991.360602335, 1.001252237,
1991.381034311, 1.000840197,
1991.401466386, 1.000688654,
1991.421898261, 1.001189107,
1991.442330236, 1.000865546,
1991.462762311, 1.001156203,
1991.483194284, 1.000991133,
1991.524058231, 1.000888206,
1991.544490204, 1.001089622,
1991.564922077, 1.000885012,
1991.585354149, 1.000924195,
1991.605786121, 1.000932017,
1991.626218193, 1.000889868,
1991.646650064, 1.000869811,
1991.667082035, 1.000826065,
1991.687514105, 1.000869157,
1991.707945976, 1.000894723,
1991.748809915, 1.001070953,
1991.769241884, 1.000978991,
1991.789673853, 1.001139606,
1991.810105821, 1.000950902,
1991.830537789, 1.001203143,
1991.850969757, 1.001188999,
1991.871401724, 1.001106193,
1991.891833691, 1.001134583,
1991.912265658, 1.001663402,
1991.932697624, 1.001044690,
1991.953129590, 1.001410825,
1991.973561556, 1.001371256,
1991.993993621, 1.001612158,
1992.014425486, 1.001499522,
1992.075721379, 1.001693463,
1992.096153442, 1.001737585,
1992.116585405, 1.001794291,
1992.137017268, 1.002365632,
1992.157449331, 1.001909731,
1992.177881293, 1.002329048,
1992.198313155, 1.002105516,
1992.218745216, 1.001931072,
1992.239177177, 1.002218820,
1992.259609038, 1.002251461,
1992.300473059, 1.002024449,
1992.320905018, 1.002518414,
1992.341336978, 1.002175875,
1992.361768937, 1.002349757,
1992.382200896, 1.002629918,
1992.402632854, 1.002646375,
1992.423064812, 1.002791994,
1992.443496870, 1.002684303,
1992.463928827, 1.002747434,
1992.484360684, 1.002674876,
1992.504792741, 1.002825542,
1992.525224597, 1.002800913,
1992.545656553, 1.002812585,
1992.566088609, 1.002607650,
1992.586520464, 1.002889916,
1992.606952419, 1.002821213,
1992.647816328, 1.002996179,
1992.668248282, 1.002682955,
1992.688680335, 1.003033786,
1992.709112188, 1.002955428,
1992.729544141, 1.003237372,
1992.749976194, 1.003152029,
1992.811272050, 1.003051062,
1992.831704001, 1.003164279,
1992.852135952, 1.003265802,
1992.872567902, 1.002936752,
1992.892999852, 1.003031501,
1992.913431802, 1.003220107,
1992.933863752, 1.003179874,
1992.954295701, 1.002900218,
1992.974727750, 1.003213629,
1992.995159598, 1.003100622,
1993.015591546, 1.003181748,
1993.036023594, 1.002734832,
1993.056455442, 1.003104134,
1993.076887389, 1.003066878,
1993.097319436, 1.002616400,
1993.117751282, 1.003088528,
1993.138183228, 1.003173399,
1993.158615274, 1.002842401,
1993.179047119, 1.003268901,
1993.199479065, 1.002983918,
1993.219911109, 1.002865011,
1993.240342954, 1.002433167,
1993.301638785, 1.002997412,
1993.322070828, 1.002602318,
1993.342502771, 1.002803944,
1993.362934613, 1.002711947,
1993.383366655, 1.002728366,
1993.403798597, 1.002955888,
1993.424230439, 1.002951822,
1993.444662480, 1.002861981,
1993.465094421, 1.002669590,
1993.485526261, 1.002755323,
1993.546822080, 1.002424225,
1993.567254119, 1.002457575,
1993.587686058, 1.002586500,
1993.608117897, 1.002751272,
1993.628549935, 1.002785269,
1993.648981873, 1.002506799,
1993.669413910, 1.002419666,
1993.689845747, 1.002556403,
1993.710277684, 1.002577651,
1993.730709720, 1.002550302,
1993.751141557, 1.002779953,
1993.771573492, 1.002563457,
1993.792005528, 1.002627330,
1993.812437463, 1.002403093,
1993.832869298, 1.002413447,
1993.853301332, 1.002576281,
1993.873733266, 1.002975721,
1993.894165100, 1.002497127,
1993.914597133, 1.002410461,
1993.935029067, 1.002502161,
1993.955460899, 1.002635522,
1993.975892932, 1.002740339,
1994.037188727, 1.002486027,
1994.057620559, 1.002577480,
1994.078052589, 1.002799305,
1994.098484520, 1.002588663,
1994.118916350, 1.002879802,
1994.139348380, 1.002632566,
1994.159780310, 1.002834161,
1994.180212239, 1.003074518,
1994.200644168, 1.002998767,
1994.221076096, 1.002712114,
1994.282371880, 1.002502577,
1994.302803807, 1.002918403,
1994.323235734, 1.002552879,
1994.343667661, 1.002639494,
1994.364099587, 1.002878356,
1994.384531613, 1.002732142,
1994.404963438, 1.002475812,
1994.425395364, 1.002901460,
1994.445827389, 1.002660089,
1994.466259213, 1.002850168,
1994.486691238, 1.002701344,
1994.507123162, 1.002948931,
1994.527554985, 1.002799735,
1994.547987009, 1.002749670,
1994.568418932, 1.003014539,
1994.588850754, 1.002796431,
1994.609282777, 1.002597750,
1994.629714699, 1.003108460,
1994.650146621, 1.002684279,
1994.670578542, 1.002716879,
1994.691010463, 1.002356805,
1994.711442284, 1.002257987,
1994.772738044, 1.002869308,
1994.793170064, 1.002782245,
1994.813601983, 1.003010113,
1994.834033802, 1.002575149,
1994.854465820, 1.003073671,
1994.895329756, 1.003417033,
1994.936193491, 1.003472818,
1994.956625508, 1.002624148,
1995.017921257, 1.003594242,
1995.038353073, 1.003320829,
1995.058784988, 1.003560005,
1995.079217003, 1.003774627,
1995.099648818, 1.004020294,
1995.120080732, 1.003701493,
1995.140512746, 1.003629172,
1995.160944560, 1.003759506,
1995.181376473, 1.003665788,
1995.201808486, 1.003850850,
1995.263104223, 1.004396699,
1995.283536135, 1.004095725,
1995.303968047, 1.004162284,
1995.324399958, 1.004293983,
1995.344831869, 1.004399965,
1995.365263779, 1.004199447,
1995.385695690, 1.004276521,
1995.406127600, 1.004349720,
1995.426559509, 1.004859290,
1995.446991418, 1.005433563,
1995.467423327, 1.004555877,
1995.487855236, 1.004577615,
1995.508287145, 1.004346613,
1995.528718953, 1.004424395,
1995.549150960, 1.004414912,
1995.590014775, 1.004840971,
1995.610446682, 1.004922316,
1995.630878588, 1.004986991,
1995.651310494, 1.005110503,
1995.671742400, 1.004780846,
1995.692174306, 1.004809033,
1995.753470020, 1.005374998,
1995.773902025, 1.005510303,
1995.794333928, 1.005530373,
1995.814765732, 1.005574601,
1995.835197735, 1.005425226,
1995.855629639, 1.005686463,
1995.876061441, 1.005470567,
1995.896493444, 1.005619316,
1995.916925346, 1.005884394,
1995.937357148, 1.005771440,
1995.998652851, 1.005469166,
1996.019084851, 1.005520424,
1996.039516752, 1.005624428,
1996.059948652, 1.005999840,
1996.080380551, 1.005693207,
1996.100812450, 1.005853208,
1996.121244349, 1.005765820,
1996.141676248, 1.005917396,
1996.162108147, 1.006298940,
1996.182540045, 1.005871470,
1996.202971942, 1.006125182,
1996.223403840, 1.005964441,
1996.243835837, 1.005617712,
1996.264267634, 1.005658355,
1996.284699530, 1.006110704,
1996.305131527, 1.005857639,
1996.325563323, 1.005397019,
1996.345995218, 1.005919454,
1996.366427213, 1.005489309,
1996.386859008, 1.005288125,
1996.407290903, 1.005502070,
1996.427722897, 1.005022754,
1996.489018579, 1.005932693,
1996.509450372, 1.005902397,
1996.550314257, 1.005744509,
1996.570746149, 1.005205763,
1996.591178041, 1.005188189,
1996.611609933, 1.005459567,
1996.632041824, 1.004775120,
1996.652473715, 1.004439631,
1996.672905606, 1.004746970,
1996.734201277, 1.005662665,
1996.754633166, 1.005220168,
1996.775065155, 1.005182825,
1996.795496944, 1.005164455,
1996.815928833, 1.005005241,
1996.836360821, 1.004742957,
1996.856792609, 1.004745841,
1996.877224496, 1.004790983,
1996.897656384, 1.004799720,
1996.918088271, 1.004587156,
1996.979383930, 1.004414244,
1996.999815916, 1.004479976,
1997.020247702, 1.004496040,
1997.040679587, 1.004593390,
1997.061111572, 1.004307554,
1997.101975241, 1.004237114,
1997.122407225, 1.004262764,
1997.142839109, 1.004091862,
1997.163270893, 1.004287368,
1997.224566541, 1.003500023,
1997.244998524, 1.004056200,
1997.265430406, 1.003494889,
1997.285862187, 1.003069290,
1997.306294168, 1.003646374,
1997.326726050, 1.003403804,
1997.347158030, 1.003011993,
1997.367589811, 1.003243260,
1997.388021691, 1.003184027,
1997.408453671, 1.002677251,
1997.428885451, 1.002872124,
1997.449317330, 1.002688717,
1997.469749309, 1.002446865,
1997.490181088, 1.003019640,
1997.510612966, 1.002353260,
1997.531044944, 1.002493215,
1997.551476822, 1.002427165,
1997.571908599, 1.002144238,
1997.592340577, 1.002359207,
1997.612772354, 1.002047862,
1997.633204230, 1.001983418,
1997.653636207, 1.001780596,
1997.714931834, 1.001929321,
1997.735363609, 1.002061609,
1997.755795584, 1.001649680,
1997.776227459, 1.001625547,
1997.796659233, 1.001683041,
1997.817091207, 1.001339666,
1997.837523081, 1.001464224,
1997.857954854, 1.001517104,
1997.878386827, 1.001129553,
1997.898818700, 1.001139834,
1997.960114317, 1.001552510,
1997.980546188, 1.001267830,
1998.000978060, 1.001048142,
1998.021409931, 1.000676069,
1998.041841802, 1.000788107,
1998.062273772, 1.000572967,
1998.082705542, 1.000291211,
1998.103137512, 1.000513440,
1998.123569382, 1.000465657,
1998.144001151, 1.000336007,
1998.164433120, 1.000511590,
1998.184864989, 1.000553535,
1998.205296758, 1.000119453,
1998.225728726, 1.000001220,
1998.246160594, 1.000312361,
1998.266592361, 0.999924400,
1998.287024328, 0.999732742,
1998.307456196, 0.999943007,
1998.348319929, 0.999350953,
1998.368751695, 0.999719278,
1998.389183661, 0.999410979,
1998.450479157, 0.999027001,
1998.470911121, 0.999030725,
1998.491342986, 0.998698995,
1998.511774850, 0.998428491,
1998.532206714, 0.998329223,
1998.552638577, 0.998637285,
1998.573070541, 0.998280995,
1998.593502304, 0.998646892,
1998.613934166, 0.998045680,
1998.634366129, 0.997977083,
1998.695661714, 0.997810456,
1998.716093476, 0.997014637,
1998.736525337, 0.996801524,
1998.756957297, 0.996930310,
1998.777389058, 0.996847350,
1998.797820918, 0.996626418,
1998.818252878, 0.996468213,
1998.838684638, 0.996647453,
1998.859116497, 0.996234929,
1998.879548456, 0.996379615,
1998.899980314, 0.996119672,
1998.920412173, 0.995071183,
1998.940844031, 0.995505827,
1998.981707747, 0.994955502,
1999.002139604, 0.995057166,
1999.022571461, 0.994896033,
1999.043003418, 0.994537774,
1999.083867031, 0.994827169,
1999.104298886, 0.994347264,
1999.124730742, 0.994516753,
1999.186026307, 0.994210535,
1999.206458062, 0.993991725,
1999.226890016, 0.993871512,
1999.247321870, 0.993771211,
1999.267753824, 0.993288521,
1999.288185577, 0.993400399,
1999.308617430, 0.993483723,
1999.329049383, 0.992979907,
1999.349481136, 0.992576689,
1999.369912988, 0.993162280,
1999.390344940, 0.992980260,
1999.410776792, 0.992899815,
1999.431208543, 0.992515998,
1999.451640494, 0.992564425,
1999.472072345, 0.992330879,
1999.492504096, 0.992157983,
1999.512936046, 0.991964576,
1999.533367896, 0.992177316,
1999.553799646, 0.991950217,
1999.574231595, 0.991873459,
1999.594663445, 0.991896141,
1999.615095194, 0.991709744,
1999.676390939, 0.991960968,
1999.696822687, 0.991500663,
1999.717254534, 0.992158423,
1999.737686482, 0.991775154,
1999.758118229, 0.991505317,
1999.778550075, 0.991552211,
1999.798982022, 0.991508481,
1999.819413768, 0.991474974,
1999.839845614, 0.991266716,
1999.860277460, 0.991335265,
1999.921572995, 0.991547763,
1999.942004840, 0.991303566,
1999.962436684, 0.991445878,
1999.982868628, 0.991407732,
2000.003300372, 0.991090980,
2000.023732315, 0.991430475,
2000.044164158, 0.991429966,
2000.064595901, 0.991492187,
2000.085027844, 0.991199891,
2000.105459686, 0.991154338,
2000.125891429, 0.990974225,
2000.146323370, 0.991330166,
2000.166755212, 0.991007796,
2000.187186953, 0.991381843,
2000.207618894, 0.991122517,
2000.228050735, 0.991041156,
2000.248482576, 0.991495636,
2000.268914416, 0.990856775,
2000.289346256, 0.990888553,
2000.309778095, 0.991182985,
2000.330209935, 0.991393692,
2000.350641774, 0.991448711,
2000.411937290, 0.991504194,
2000.432369228, 0.992221764,
2000.452801066, 0.991887655,
2000.473232803, 0.992024886,
2000.493664741, 0.992060227,
2000.514096578, 0.991912223,
2000.534528314, 0.991859120,
2000.554960251, 0.991949730,
2000.575392087, 0.992015204,
2000.595823823, 0.992054408,
2000.636687494, 0.992003888,
2000.657119329, 0.992558414,
2000.677551264, 0.992456801,
2000.697982999, 0.992417268,
2000.718414833, 0.992868971,
2000.738846767, 0.992771000,
2000.759278501, 0.992821897,
2000.779710434, 0.992761844,
2000.820574101, 0.993004888,
2000.841005933, 0.992746213,
2000.861437766, 0.993188709,
2000.881869598, 0.993298039,
2000.902301430, 0.993454951,
2000.922733262, 0.993530670,
2000.963597024, 0.993901688,
2000.984028755, 0.993895201,
2001.004460586, 0.993678057,
2001.024892516, 0.993992970,
2001.045324246, 0.994483834,
2001.065756076, 0.994509879,
2001.086188006, 0.994298837,
2001.147483493, 0.994895839,
2001.167915221, 0.994736338,
2001.188347150, 0.994790911,
2001.208778978, 0.994983506,
2001.229210806, 0.995247114,
2001.249642633, 0.995849752,
2001.270074360, 0.995916381,
2001.290506287, 0.996360304,
2001.310938114, 0.995730426,
2001.331369940, 0.996060820,
2001.351801667, 0.995916347,
2001.372233592, 0.996188707,
2001.392665418, 0.995900482,
2001.413097144, 0.996387468,
2001.433529069, 0.996077625,
2001.453960894, 0.996868918,
2001.474392618, 0.996703103,
2001.494824543, 0.996416794,
2001.515256367, 0.996497417,
2001.535688291, 0.996768267,
2001.556120014, 0.996867619,
2001.576551838, 0.996759722,
2001.637847306, 0.997645590,
2001.658279229, 0.997202672,
2001.678710951, 0.997306539,
2001.699142772, 0.997531482,
2001.719574694, 0.997506174,
2001.740006416, 0.997701492,
2001.760438236, 0.997895585,
2001.801301978, 0.997711507,
2001.821733698, 0.997873056,
2001.842165618, 0.998101663,
2001.862597438, 0.997895017,
2001.883029357, 0.997620408,
2001.903461077, 0.998213520,
2001.923892896, 0.998136254,
2001.944324814, 0.998361625,
2001.964756533, 0.998206830,
2001.985188351, 0.998215260,
2002.005620169, 0.997819347,
2002.026051987, 0.997805678,
2002.046483804, 0.997799657,
2002.066915622, 0.997706839,
2002.128211072, 0.998443694,
2002.148642888, 0.998193809,
2002.169074704, 0.998329936,
2002.189506520, 0.998422981,
2002.209938335, 0.998357065,
2002.230370251, 0.998064571,
2002.250801965, 0.997830543,
2002.271233780, 0.998277700,
2002.291665695, 0.998137338,
2002.312097509, 0.998106545,
2002.332529223, 0.997918547,
2002.352961137, 0.997981760,
2002.373392950, 0.997772152,
2002.393824663, 0.997968783,
2002.414256576, 0.998106665,
2002.434688389, 0.998450031,
2002.455120102, 0.998145387,
2002.475552014, 0.998295748,
2002.495983826, 0.998427237,
2002.516415538, 0.997995460,
2002.536847449, 0.998395890,
2002.557279260, 0.998154522,
2002.639006603, 0.998117734,
2002.659438313, 0.997975519,
2002.679870122, 0.998075691,
2002.700302032, 0.998031146,
2002.720733741, 0.998558813,
2002.741165550, 0.998001629,
2002.761597359, 0.997829366,
2002.782029168, 0.998088642,
2002.802460976, 0.997921917,
2002.822892884, 0.998102978,
2002.843324592, 0.997802254,
2002.863756399, 0.997842901,
2002.884188307, 0.998005901,
2002.904620014, 0.998007865,
2002.925051821, 0.998101430,
2002.945483727, 0.998095990,
2002.986347339, 0.997934510,
2003.006779145, 0.998029539,
2003.027210851, 0.997742781,
2003.047642756, 0.997700940,
2003.108938171, 0.997411709,
2003.129369975, 0.997475764,
2003.149801779, 0.997465541,
2003.170233583, 0.997338404,
2003.190665387, 0.997761273,
2003.211097190, 0.997409934,
2003.231528993, 0.997496184,
2003.251960796, 0.997557517,
2003.272392599, 0.997818712,
2003.292824502, 0.997772975,
2003.313256204, 0.997582733,
2003.333688106, 0.997276311,
2003.354119908, 0.997573850,
2003.374551609, 0.997332984,
2003.394983510, 0.997236905,
2003.415415311, 0.997493075,
2003.435847012, 0.997706379,
2003.456278912, 0.998341862,
2003.476710613, 0.997407925,
2003.497142413, 0.997681156,
2003.517574313, 0.997351126,
2003.538006012, 0.997308939,
2003.599301410, 0.996635938,
2003.619733208, 0.996818480,
2003.640165106, 0.997221528,
2003.660596905, 0.996930454,
2003.681028703, 0.996933476,
2003.701460500, 0.996292868,
2003.721892298, 0.996311796,
2003.742324095, 0.996525322,
2003.762755892, 0.996349624,
2003.783187689, 0.996584035,
2003.803619585, 0.996548279,
2003.824051281, 0.996495772,
2003.844483077, 0.996379223,
2003.864914973, 0.996249938,
2003.885346669, 0.995988270,
2003.905778464, 0.996338276,
2003.926210359, 0.996407051,
2003.946642054, 0.996063095,
2003.967073848, 0.996130114,
2003.987505743, 0.996088962,
2004.028369331, 0.996078157,
2004.089664711, 0.995298201,
2004.110096504, 0.995316480,
2004.130528297, 0.995675109,
2004.150960090, 0.995685121,
2004.171391882, 0.995674535,
2004.191823674, 0.995582964,
2004.212255466, 0.995454595,
2004.232687257, 0.995833300,
2004.253118949, 0.995302111,
2004.273550840, 0.995211688,
2004.293982631, 0.995139329,
2004.314414321, 0.994938491,
2004.334846212, 0.996384024,
2004.355278002, 0.995185953,
2004.375709892, 0.995351311,
2004.396141582, 0.995406639,
2004.416573371, 0.995198402,
2004.437005261, 0.995012338,
2004.457436950, 0.994971815,
2004.477868738, 0.994731576,
2004.498300627, 0.995176549,
2004.518732315, 0.996160651,
2004.580027679, 0.994455762,
2004.600459467, 0.994521439,
2004.620891354, 0.994822195,
2004.641323141, 0.994553865,
2004.661754828, 0.994416996,
2004.682186714, 0.994441079,
2004.702618500, 0.994051980,
2004.723050286, 0.994252155,
2004.743482072, 0.994532348,
2004.763913858, 0.994450672,
2004.825209213, 0.994296935,
2004.845640998, 0.993889605,
2004.866072783, 0.993832763,
2004.886504567, 0.993915017,
2004.906936351, 0.993850067,
2004.927368135, 0.994232289,
2004.947799919, 0.993923843,
2004.968231702, 0.993882211,
2004.988663485, 0.993834882,
2005.009095268, 0.993860898,
2005.029527051, 0.993852544,
2005.049958833, 0.994054409,
2005.070390715, 0.993363125,
2005.090822397, 0.993696953,
2005.111254179, 0.993573605,
2005.131686061, 0.993540646,
2005.152117842, 0.993429742,
2005.172549523, 0.993738264,
2005.192981404, 0.993153280,
2005.213413185, 0.993808181,
2005.233844866, 0.992952595,
2005.254276746, 0.993384244,
2005.295140206, 0.992982636,
2005.315572085, 0.992982312,
2005.336003865, 0.992763901,
2005.356435544, 0.992862866,
2005.376867423, 0.992993272,
2005.397299201, 0.992816104,
2005.417731080, 0.992640589,
2005.438162758, 0.992632373,
2005.458594536, 0.992595813,
2005.479026414, 0.992482329,
2005.499458092, 0.992432458,
2005.540321746, 0.992279960,
2005.560753423, 0.992252306,
2005.581185200, 0.992528613,
2005.601617076, 0.992074524,
2005.622048753, 0.992161352,
2005.642480529, 0.992010687,
2005.662912305, 0.991626671,
2005.683344080, 0.992175699,
2005.703775856, 0.992448329,
2005.724207731, 0.991953853,
2005.744639406, 0.991907751,
2005.805934730, 0.991676552,
2005.826366604, 0.991603740,
2005.846798378, 0.991523036,
2005.867230052, 0.991476357,
2005.887661925, 0.991643352,
2005.908093698, 0.991508417,
2005.928525371, 0.991392658,
2005.948957244, 0.991495698,
2005.969389017, 0.991743533,
2005.989820789, 0.991516506,
2006.010252561, 0.991479417,
2006.051116105, 0.991439491,
2006.071547877, 0.991682051,
2006.091979648, 0.991678617,
2006.112411519, 0.991662531,
2006.132843190, 0.991652861,
2006.153274961, 0.991268647,
2006.173706831, 0.991592846,
2006.194138601, 0.991592081,
2006.214570272, 0.991441633,
2006.235002141, 0.991740463,
2006.255433911, 0.992011596,
2006.275865581, 0.991741576,
2006.296297450, 0.991661465,
2006.316729219, 0.991956202,
2006.337160888, 0.991490603,
2006.357592756, 0.992205053,
2006.378024424, 0.991608315,
2006.398456193, 0.991393423,
2006.418888061, 0.991496566,
2006.439319728, 0.991470370,
2006.459751596, 0.991744635,
2006.480183363, 0.992219547,
2006.541478664, 0.991395015,
2006.561910431, 0.991160974,
2006.582342197, 0.991212252,
2006.602773963, 0.991387518,
2006.623205729, 0.990856436,
2006.643637594, 0.990826704,
2006.664069260, 0.991168000,
2006.684501025, 0.990747449,
2006.704932890, 0.991005422,
2006.725364555, 0.991144807,
2006.745796319, 0.991127913,
2006.766228184, 0.990900910,
2006.786659848, 0.990879096,
2006.807091712, 0.991084947,
2006.827523476, 0.990902990,
2006.847955140, 0.991058321,
2006.868387003, 0.991163155,
2006.888818766, 0.991037262,
2006.909250429, 0.990828913,
2006.929682292, 0.991092343,
2006.950114054, 0.991017114,
2006.970545717, 0.990941553,
2007.031841103, 0.990824932,
2007.052272864, 0.991636020,
2007.072704625, 0.991005080,
2007.093136387, 0.991194015,
2007.113568147, 0.991118889,
2007.133999908, 0.991163324,
2007.154431669, 0.991494160,
2007.174863429, 0.991285174,
2007.195295189, 0.991314572,
2007.215727049, 0.991264260,
2007.236158709, 0.991254426,
2007.256590468, 0.991376629,
2007.277022327, 0.991266149,
2007.297453987, 0.991988834,
2007.317885745, 0.991423491,
2007.338317604, 0.991718094,
2007.358749263, 0.991289510,
2007.399612879, 0.991900478,
2007.420044537, 0.991708913,
2007.440476395, 0.991768002,
2007.460908152, 0.992155427,
2007.522203423, 0.991933676,
2007.542635180, 0.992090460,
2007.563066937, 0.991820834,
2007.583498693, 0.992058266,
2007.603930449, 0.992120383,
2007.624362305, 0.992088573,
2007.644793961, 0.992038434,
2007.665225716, 0.992204907,
2007.685657571, 0.992202226,
2007.706089226, 0.992349478,
2007.726520982, 0.992443234,
2007.746952736, 0.992442571,
2007.767384491, 0.992155095,
2007.787816345, 0.992330868,
2007.808248099, 0.992595598,
2007.828679753, 0.992578089,
2007.849111607, 0.992874433,
2007.869543260, 0.992608389,
2007.889975014, 0.992837744,
2007.910406867, 0.992753448,
2007.930838520, 0.992608799,
2007.951270273, 0.992999895,
2007.971702125, 0.992837230,
2007.992133777, 0.993264550,
2008.012565530, 0.992939770,
2008.032997382, 0.993044994,
2008.053429133, 0.993483115,
2008.073860785, 0.993372979,
2008.094292636, 0.993524157,
2008.114724388, 0.993925607,
2008.135156139, 0.993344806,
2008.155587889, 0.993776764,
2008.176019640, 0.993744522,
2008.196451490, 0.993755066,
2008.257746741, 0.993852719,
2008.278178390, 0.994014656,
2008.298610140, 0.993892957,
2008.319041989, 0.993503899,
2008.339473638, 0.994110686,
2008.359905387, 0.993821558,
2008.380337236, 0.993871901,
2008.400768884, 0.993925418,
2008.421200633, 0.993910033,
2008.441632481, 0.993867893,
2008.523359471, 0.993360802,
2008.543791218, 0.993698346,
2008.564222966, 0.993491480,
2008.584654612, 0.993479567,
2008.605086459, 0.993613217,
2008.625518205, 0.994232398,
2008.645949852, 0.993941684,
2008.666381698, 0.993884595,
2008.686813444, 0.993884338,
2008.707245089, 0.993588938,
2008.727676935, 0.994146638,
2008.748108680, 0.993989338,
2008.768540525, 0.994070481,
2008.788972170, 0.993738670,
2008.809403915, 0.993650923,
2008.829835759, 0.993916321,
2008.850267404, 0.993846577,
2008.870699148, 0.993794545,
2008.891130992, 0.993883844,
2008.911562636, 0.993748061,
2008.931994379, 0.994046158,
2008.952426223, 0.994003130,
2008.972857866, 0.994023942,
2008.993289609, 0.994104918,
2009.013721452, 0.994134419,
2009.034153195, 0.994485482,
2009.054584837, 0.994116321,
2009.095448422, 0.994136683,
2009.115880163, 0.994079441,
2009.136311905, 0.994328103,
2009.156743647, 0.994309213,
2009.177175488, 0.994152441,
2009.238470612, 0.994426267,
2009.258902352, 0.994144916,
2009.279333993, 0.993940903,
2009.299765833, 0.994016239,
2009.320197573, 0.994171947,
2009.340629213, 0.994278903,
2009.361061053, 0.994101086,
2009.381492792, 0.994160416,
2009.401924632, 0.993847151,
2009.422356271, 0.994208451,
2009.442788010, 0.994339690,
2009.463219849, 0.994327559,
2009.483651488, 0.994257135,
2009.504083226, 0.994437225,
2009.524515065, 0.994115804,
2009.544946803, 0.993930919,
2009.565378441, 0.994282286,
2009.585810279, 0.994313076,
2009.606242016, 0.994232560,
2009.626673654, 0.994342697,
2009.647105491, 0.994405006,
2009.667537228, 0.994423318,
2009.687968865, 0.993898499,
2009.708400701, 0.994119498,
2009.728832438, 0.994330552,
2009.749264275, 0.994335703,
2009.769695911, 0.994341578,
2009.790127647, 0.994216662,
2009.810559482, 0.994098608,
2009.830991118, 0.994511740,
2009.851422854, 0.994667215,
2009.871854589, 0.994581957,
2009.892286324, 0.994154890,
2009.912718059, 0.994562406,
2009.974013263, 0.994030773,
2009.994444997, 0.994117950,
2010.014876731, 0.994310806,
2010.035308465, 0.994887101,
2010.055740199, 0.994446315,
2010.076171932, 0.994354396,
2010.096603766, 0.994385404,
2010.117035499, 0.994532738,
2010.137467132, 0.994989689,
2010.157898965, 0.995111033,
2010.178330698, 0.995015231,
2010.198762330, 0.994676518,
2010.219194162, 0.994555157,
2010.239625895, 0.994580246,
2010.260057527, 0.994196351,
2010.280489358, 0.995044545,
2010.300921090, 0.994961993,
2010.321352722, 0.995010580,
2010.341784553, 0.995224575,
2010.362216284, 0.995023136,
2010.382648115, 0.995320199,
2010.403079746, 0.995018346,
2010.464374937, 0.994978614,
2010.484806667, 0.995180849,
2010.505238497, 0.995621336,
2010.525670227, 0.995343661,
2010.546101857, 0.995318828,
2010.566533686, 0.995079452,
2010.586965415, 0.995532511,
2010.607397044, 0.995709066,
2010.627828873, 0.995141910,
2010.648260602, 0.995580954,
2010.668692231, 0.995281471,
2010.689124059, 0.995579209,
2010.709555687, 0.995370376,
2010.729987516, 0.995261695,
2010.750419243, 0.995377365,
2010.770850871, 0.995668987,
2010.791282699, 0.995606440,
2010.811714426, 0.995347457,
2010.832146054, 0.995244246,
2010.852577881, 0.995296944,
2010.873009608, 0.995187997,
2010.893441234, 0.995560557,
2010.913873061, 0.995994605,
2010.934304787, 0.995591033,
2010.954736514, 0.995982302,
2010.975168240, 0.995389100,
2010.995599966, 0.995595420,
2011.016031791, 0.995565259,
2011.036463517, 0.995592072,
2011.056895142, 0.995692539,
2011.077326968, 0.995634975,
2011.097758693, 0.995920935,
2011.118190318, 0.995641442,
2011.138622143, 0.995978161,
2011.179485492, 0.995902721,
2011.199917316, 0.995680202,
2011.220349040, 0.995764567,
2011.240780664, 0.995745085,
2011.261212488, 0.995483799,
2011.281644211, 0.995825953,
2011.302075835, 0.996043008,
2011.322507658, 0.996140954,
2011.342939381, 0.995894784,
2011.363371104, 0.995703283,
2011.383802827, 0.995792105,
2011.445097995, 0.995849822,
2011.465529717, 0.995949342,
2011.485961439, 0.996258974,
2011.506393161, 0.995793208,
2011.526824883, 0.995786363,
2011.547256704, 0.995812717,
2011.567688325, 0.996070900,
2011.588120047, 0.996410760,
2011.608551868, 0.995842489,
2011.628983489, 0.995957789,
2011.649415309, 0.995565347,
2011.669847030, 0.995961124,
2011.690278651, 0.995991429,
2011.710710471, 0.996078648,
2011.731142191, 0.995993597,
2011.751573811, 0.996148518,
2011.772005631, 0.995944028,
2011.792437350, 0.996282954,
2011.812868970, 0.996238695,
2011.833300789, 0.996443533,
2011.853732508, 0.996297870,
2011.874164227, 0.995806391,
2011.894595946, 0.996287840,
2011.915027665, 0.996276292,
2011.935459484, 0.996156036,
2011.955891102, 0.996446821,
2011.976322820, 0.996549299,
2011.996754638, 0.996340276,
2012.017186356, 0.996287632,
2012.037617974, 0.996142668,
2012.058049792, 0.996628207,
2012.078481409, 0.996564345,
2012.098913126, 0.996229943,
2012.119344944, 0.996365257,
2012.139776561, 0.996396113,
2012.160208277, 0.996682563,
2012.180640094, 0.996744361,
2012.201071711, 0.996272024,
2012.221503427, 0.996565734,
2012.241935243, 0.996683506,
2012.282798675, 0.996262574,
2012.303230391, 0.996404120,
2012.323662007, 0.996501626,
2012.344093822, 0.996695091,
2012.364525538, 0.996558603,
2012.425820683, 0.996610667,
2012.446252397, 0.996855528,
2012.466684112, 0.996622911,
2012.487115827, 0.996444323,
2012.507547541, 0.996724741,
2012.527979255, 0.996866841,
2012.548410969, 0.996770618,
2012.568842783, 0.997087294,
2012.589274496, 0.996720152,
2012.609706110, 0.996913508,
2012.630137923, 0.996726309,
2012.650569637, 0.996634854,
2012.671001250, 0.996991552,
2012.691433063, 0.996946229,
2012.711864776, 0.996847017,
2012.732296388, 0.997124442,
2012.752728201, 0.997288417,
2012.773159913, 0.997061157,
2012.793591525, 0.997130234,
2012.814023337, 0.997163521,
2012.834455049, 0.997642195,
2012.854886761, 0.997460816,
2012.916181895, 0.997514803,
2012.936613607, 0.997720096,
2012.957045318, 0.997815872,
2012.977477028, 0.997860594,
2012.997908739, 0.998039974,
2013.018340450, 0.998182166,
2013.038772160, 0.998219407,
2013.059203871, 0.998198352,
2013.079635581, 0.998514954,
2013.100067391, 0.998567852,
2013.120499001, 0.998162128,
2013.140930810, 0.998406185,
2013.161362520, 0.998528268,
2013.181794130, 0.998490561,
2013.202225939, 0.998440906,
2013.222657648, 0.998688700,
2013.243089257, 0.998451295,
2013.263521066, 0.998516678,
2013.283952775, 0.998193703,
2013.304384383, 0.998607843,
2013.324816192, 0.998697018,
2013.345247900, 0.998619563,
2013.365679508, 0.999164714,
2013.386111316, 0.998961563,
2013.406543024, 0.998760120,
2013.426974732, 0.999169662,
2013.447406439, 0.998994566,
2013.467838147, 0.999093352,
2013.488269854, 0.999128929,
2013.508701561, 0.999239383,
2013.529133268, 0.999135814,
2013.549564975, 0.998972425,
2013.569996682, 0.999061926,
2013.590428389, 0.999178766,
2013.610860195, 0.999681794,
2013.631291802, 0.999396595,
2013.651723508, 0.999322854,
2013.672155314, 0.999250518,
2013.692586920, 0.999640774,
2013.713018626, 0.999555242,
2013.733450431, 0.999467891,
2013.753882037, 0.999671463,
2013.774313842, 0.999251966,
2013.794745548, 0.999851674,
2013.815177153, 0.999240692,
2013.835608957, 0.999263876,
2013.896904072, 0.999633225,
2013.917335776, 1.000115737,
2013.937767480, 0.999812006,
2013.958199185, 1.000028565,
2013.978630888, 0.999814328,
2013.999062593, 0.999662758,
2014.019494296, 0.999635072,
2014.039926000, 0.999839127,
2014.060357803, 0.999966330,
2014.080789507, 0.999903205,
2014.101221110, 1.000188284,
2014.121652913, 1.000111017,
2014.142084616, 0.999836765,
2014.162516219, 0.999807917,
2014.182948021, 1.000116267,
2014.203379724, 0.999873809,
2014.223811326, 1.000090770,
2014.244243129, 0.999814069,
2014.264674731, 1.000064028,
2014.285106433, 1.000172844,
2014.305538235, 0.999699363,
2014.325969837, 0.999956494,
2014.346401638, 1.000111983,
2014.366833340, 1.000356241,
2014.387264941, 0.999713276,
2014.407696742, 1.000166549,
2014.428128443, 1.000016109,
2014.448560144, 0.999913564,
2014.468991845, 1.000090717,
2014.489423546, 1.000011129,
2014.509855246, 0.999768833,
2014.530286947, 0.999851377,
2014.550718647, 0.999907872,
2014.571150347, 0.999689908,
2014.591582147, 1.000037121,
2014.612013747, 0.999762470,
2014.632445547, 0.999942995,
2014.652877247, 0.999578717,
2014.673308846, 0.999477781,
2014.693740646, 0.999340783,
2014.714172345, 0.999106735,
2014.734603944, 0.999120555,
2014.755035743, 0.999484372,
2014.775467442, 0.999116105,
2014.795899041, 0.998983117,
2014.816330840, 0.998782212,
2014.877625935, 0.998570811,
2014.898057633, 0.998974460,
2014.918489331, 0.998949362,
2014.938921029, 0.998794137,
2014.959352727, 0.998889342,
2014.979784424, 0.998801442,
2017.860653238, 0.995218505,
2017.881085020, 0.995477925,
2017.901516602, 0.995333108,
2017.921948284, 0.995119943,
2017.962811647, 0.995135996,
2017.983243329, 0.994955128,
2018.003675110, 0.995130225,
2018.024106691, 0.995261877,
2018.044538373, 0.994997261,
2018.064970154, 0.994902674,
2018.085401735, 0.995140504,
2018.105833516, 0.994509267,
2018.126265196, 0.994881499,
2018.146696877, 0.995087626,
2018.167128558, 0.994955174,
2018.187560238, 0.995345932,
2018.207991919, 0.995080867,
2018.228423599, 0.994961791,
2018.248855280, 0.994473696,
2018.269286960, 0.994866962,
2018.289718740, 0.994873909,
2018.310150320, 0.995197687,
2018.330582000, 0.995042296,
2018.351013779, 0.995029555,
2018.371445359, 0.995252026,
2018.391877139, 0.995068166,
2018.412308818, 0.994975033,
2018.432740398, 0.995173372,
2018.453172177, 0.994788561,
2018.473603856, 0.994971898,
2018.494035436, 0.995168979,
2018.514467215, 0.995154487,
2018.534898794, 0.995078384,
2018.555330473, 0.995381866,
2018.575762251, 0.995044534,
2018.596193830, 0.995383879,
2018.616625609, 0.995290477,
2018.637057287, 0.995501331,
2018.657488966, 0.995228731,
2018.677920644, 0.995494229,
2018.698352323, 0.995379640,
2018.718784001, 0.995522861,
2018.739215679, 0.995326987,
2018.800510813, 0.995662361,
2018.820942391, 0.995883535,
2018.841374168, 0.995862950,
2018.861805846, 0.996142207,
2018.882237423, 0.995639949,
2018.902669201, 0.996121192,
2018.923100878, 0.995942851,
2018.943532455, 0.996343704,
2018.963964233, 0.996623592,
2018.984395910, 0.996327570,
2019.004827487, 0.996534538,
2019.025259264, 0.996433182,
2019.045690940, 0.996635780,
2019.066122517, 0.996663593,
2019.086554294, 0.997245087,
2019.106985970, 0.997089167,
2019.127417647, 0.996914521,
2019.147849323, 0.996547935,
2019.168281000, 0.997000944,
2019.188712676, 0.997190342,
2019.209144352, 0.997050150,
2019.229576028, 0.997045166,
2019.250007704, 0.997097511,
2019.270439380, 0.997234891,
2019.290871056, 0.997349329,
2019.311302732, 0.996971101,
2019.331734407, 0.997702188,
2019.352166183, 0.997400994,
2019.372597858, 0.997300132,
2019.393029434, 0.997637184,
2019.413461209, 0.997633866,
2019.433892884, 0.997822832,
2019.454324460, 0.997946669,
2019.474756235, 0.997820875,
2019.495187910, 0.997832146,
2019.515619485, 0.998018840,
2019.536051260, 0.997885238,
2019.556482935, 0.998050439,
2019.576914509, 0.998465613,
2019.597346284, 0.998604171,
2019.617777958, 0.998207963,
2019.638209733, 0.998538234,
2019.658641307, 0.998795552,
2019.679072982, 0.998765945,
2019.699504756, 0.998804116,
2019.719936330, 1.001251853,
2019.781231452, 0.999142439,
2019.801663026, 0.999249355,
2019.822094800, 0.999577464,
2019.842526473, 0.999382122,
2019.862958147, 0.999931193,
2019.883389821, 0.999973143,
2019.903821394, 1.000253951,
2019.924253168, 0.999727748,
2019.944684841, 1.000117663,
2019.965116414, 1.000710345,
2019.985548187, 1.000266708,
2020.005979861, 1.000585601,
2020.026411434, 1.000716025,
2020.046843207, 1.000465059,
2020.067274879, 1.000865373,
2020.087706452, 1.000902765,
2020.108138225, 1.001339196,
2020.128569898, 1.000967016,
2020.149001670, 1.001109267,
2020.169433243, 1.001264549,
2020.189864915, 1.001349294,
2020.210296688, 1.001280805,
2020.230728260, 1.001419443,
2020.251159932, 1.001704117,
2020.271591704, 1.001680793,
2020.292023376, 1.001941641,
2020.312454948, 1.001420758,
2020.332886720, 1.002112347,
2020.353318392, 1.002074279,
2020.373750064, 1.002264410,
2020.394181736, 1.002376680,
2020.435045179, 1.002442054,
2020.455476751, 1.002138533,
2020.475908422, 1.003020558,
2020.496340093, 1.002636113,
2020.516771765, 1.002867112,
2020.537203436, 1.003274111,
2020.557635107, 1.002887787,
2020.598498449, 1.003326791,
2020.618930120, 1.003391049,
2020.639361791, 1.003686377,
2020.659793562, 1.003660023,
2020.680225133, 1.004004002,
2020.700656803, 1.003930475,
2020.721088574, 1.004329343,
2020.741520145, 1.004433419,
2020.761951815, 1.004550047,
2020.782383586, 1.004285889,
2020.823246826, 1.004579862,
2020.843678597, 1.004688553,
2020.864110267, 1.004964530,
2020.884541937, 1.005097106,
2020.904973607, 1.005147879,
2020.925405277, 1.005225145,
2020.945836947, 1.005351360,
2020.966268617, 1.005573372,
2020.986700286, 1.005451667,
2021.007132056, 1.005266747,
2021.027563626, 1.005442737,
2021.047995295, 1.005573946,
2021.068427065, 1.005464526,
2021.088858634, 1.005875706,
2021.109290304, 1.005683246,
2021.129722073, 1.006058458,
2021.150153642, 1.006322496,
2021.170585412, 1.006450247,
2021.191017081, 1.006119962,
2021.211448650, 1.006446832,
2021.231880419, 1.006302204,
2021.252312088, 1.006339254,
2021.272743657, 1.006304113,
2021.293175426, 1.006330332,
2021.313606994, 1.006779337,
2021.334038663, 1.006573482,
2021.354470432, 1.006454942,
2021.374902100, 1.006789728,
2021.395333769, 1.007057022,
2021.415765437, 1.007181143,
2021.436197106, 1.007069857,
2021.456628774, 1.007378112,
2021.477060442, 1.007328194,
2021.497492111, 1.007114637,
2021.517923879, 1.006942273,
2021.538355447, 1.007044293,
2021.558787115, 1.007555595,
2021.579218883, 1.007268350,
2021.599650451, 1.007182290,
2021.620082219, 1.007181262,
2021.640513887, 1.007137819,
2021.660945454, 1.007454828,
2021.681377222, 1.007318903,
2021.722240457, 1.007540161,
2021.742672225, 1.008207937,
2021.763103892, 1.007754626,
2021.783535460, 1.007529621,
2021.803967227, 1.008139120,
2021.844830562, 1.007620677,
2021.865262229, 1.008031535,
2021.885693896, 1.008152888,
2021.906125563, 1.008210617,
2021.926557230, 1.008015189,
2021.946988897, 1.008583802,
2021.967420564, 1.008013920,
2021.987852231, 1.007917605,
2022.008283898, 1.008156281,
2022.028715664, 1.007769467,
2022.049147231, 1.007947020,
2022.069578898, 1.007974649,
2022.090010664, 1.007797709,
2022.110442231, 1.008002293,
2022.130873997, 1.007815918,
2022.151305664, 1.008170626,
2022.171737230, 1.007660998,
2022.192168997, 1.008132511,
2022.212600663, 1.007999808,
2022.233032229, 1.007643236,
2022.253463995, 1.007750416,
2022.273895661, 1.007850672,
2022.294327228, 1.007994756,
2022.314758994, 1.007680257,
2022.335190660, 1.007743725,
2022.355622425, 1.007638039,
2022.376053991, 1.007308282,
2022.396485657, 1.007462184,
2022.416917423, 1.007312528,
2022.478212420, 1.007979421,
2022.498644086, 1.007886916,
2022.519075651, 1.008055348,
2022.539507417, 1.008185341,
2022.559939082, 1.007539801,
2022.580370647, 1.007793381,
2022.600802413, 1.007168136,
2022.621234078, 1.007806809,
2022.641665743, 1.007664645,
2022.662097408, 1.007694166,
2022.682528974, 1.007228847,
2022.702960739, 1.007731006,
2022.723392404, 1.007525144,
2022.743823969, 1.006845940,
2022.764255734, 1.007162195,
2022.784687399, 1.006611901,
2022.805118964, 1.006569422,
2022.825550728, 1.006490473,
2022.845982393, 1.006614848,
2022.866414158, 1.006333600,
2022.886845723, 1.006321370,
2022.907277387, 1.006324862,
2022.927709152, 1.006180475,
2022.948140716, 1.005802418,
2022.968572381, 1.005430936,
2022.989004145, 1.005173061,
2023.009435810, 1.005569721,
2023.029867374, 1.005402367,
2023.050299138, 1.004781585,
2023.070730803, 1.004741250,
2023.091162467, 1.004847311,
2023.111594131, 1.004738759,
2023.132025795, 1.004695070,
2023.152457559, 1.004058513,
2023.193320787, 1.004180587,
2023.234184115, 1.004177999,
2023.254615779, 1.004181839,
2023.295479107, 1.003498430,
2023.315910771, 1.003508837,
2023.336342535, 1.002773285,
2023.356774098, 1.003126332,
2023.377205862, 1.002925444,
2023.397637426, 1.003158431,
2023.438500853, 1.002875490,
2023.458932416, 1.002378912,
2023.479364080, 1.002266308,
2023.499795843, 1.002027298,
2023.520227507, 1.001977258,
2023.540659070, 1.001912759,
2023.561090833, 1.001375671,
2023.581522497, 1.001489879,
2023.601954160, 1.001007459,
2023.622385823, 1.000843406,
2023.642817486, 1.000908858,
2023.724544238, 1.000857899,
2023.744975801, 1.000923301,
2023.765407464, 1.000443014,
2023.785839227, 1.000430896,
2023.806270790, 1.000313645,
2023.826702553, 1.000158179,
2023.847134216, 0.999732404,
2023.867565778, 0.999975508,
2023.887997541, 0.999502027,
2023.908429204, 0.999147242,
2023.928860766, 0.999560015,
2023.949292529, 0.998986122,
2023.969724192, 0.998778814,
2023.990155854, 0.998883465,
2024.010587517, 0.998704298,
2024.031019179, 0.998371837,
2024.051450842, 0.998364439,
2024.071882504, 0.998090946,
2024.092314166, 0.998051585,
2024.112745829, 0.997738450,
2024.133177491, 0.997926067,
2024.174040816, 0.998259450,
2024.194472478, 0.997456345,
2024.214904140, 0.997774503,
2024.235335902, 0.997777401,
2024.255767464, 0.997499535,
2024.276199226, 0.997918991,
2024.296630888, 0.997415755,
2024.317062450, 0.996928658,
2024.337494212, 0.997155064,
2024.357925874, 0.997120772,
2024.378357436, 0.997273574,
2024.419220860, 0.997393049,
2024.439652422, 0.997538181,
2024.460084184, 0.997363957,
2024.480515846, 0.997342768,
2024.500947607, 0.997271826,
2024.521379169, 0.997097991,
2024.541810831, 0.996541322,
2024.562242592, 0.997079544,
2024.582674154, 0.997295824,
2024.603105816, 0.996966765,
2024.623537577, 0.997122197,
2024.664400800, 0.997137776,
2024.684832562, 0.997210217,
2024.705264223, 0.997252180,
2024.725695885, 0.997227420,
2024.746127546, 0.997231721,
2024.766559108, 0.997438909,
2024.786990869, 0.997405490,
2024.807422530, 0.997673065,
2024.827854092, 0.996959287,
2024.848285853, 0.997494796,
2024.868717514, 0.997668141,
2024.909580837, 0.998298096,
2024.930012498, 0.997827625,
2024.950444259, 0.997890225,
2024.970875820, 0.998098814,
2024.991307481, 0.998200146,
2025.011739243, 0.998075541,
2025.032170804, 0.998040791,
2025.052602465, 0.998108309,
2025.073034226, 0.998535631,
2025.093465787, 0.998397240,
2025.113897448, 0.998207717,
2025.154760870, 0.998668667,
2025.175192531, 0.998579328,
2025.195624191, 0.998707831,
2025.216055852, 0.998771115,
2025.236487513, 0.999325922,
2025.256919174, 0.998908166,
2025.277350835, 0.999285354,
2025.297782596, 0.999393761,
2025.318214156, 0.999454205,
2025.338645817, 0.999462226,
2025.359077578, 0.999324293,
2025.399940899, 0.999492078,
2025.420372460, 0.999714799,
2025.440804121, 1.000147082,
2025.461235881, 1.000273501,
2025.481667442, 1.000025043,
2025.502099102, 1.000387906,
2025.522530863, 0.999875783,
2025.542962424, 1.000412944,
2025.563394084, 1.000288353,
2025.583825845, 1.000395937,
2025.604257405, 0.999729908,
2025.685984147, 1.000761683,
2025.706415807, 1.000947170,
2025.726847468, 1.001471434,
2025.747279128, 1.000886709,
2025.767710789, 1.001032422,
2025.788142449, 1.001402679,
2025.808574109, 1.001270417,
2025.829005770, 1.001511934,
2025.849437530, 1.001369587,
2025.890300750, 1.001657529,
2025.910732511, 1.001958462,
2025.931164171, 1.001792191,
2025.951595731, 1.001717303,
2025.972027492, 1.001650540,
2025.992459152, 1.002002646,
2026.012890712, 1.001823260,
2026.033322472, 1.001865825,
2026.053754132, 1.002273619,
2026.074185792, 1.001941747,
2026.094617453, 1.002319593,
2026.155912433, 1.002714768,
2026.176343993, 1.002765462,
2026.196775753, 1.003136776,
2026.217207413, 1.003104064,
2026.237639073, 1.002793474,
2026.258070733, 1.002734030,
2026.278502393, 1.002784549,
2026.298934153, 1.002978525,
2026.319365713, 1.002896309,
2026.339797373, 1.002829466,
2026.401092353, 1.002935841,
2026.421524113, 1.002943221,
2026.441955773, 1.002832407,
2026.462387333, 1.003456937,
2026.482819093, 1.003752323,
2026.503250753, 1.002985994,
2026.523682513, 1.003409268,
2026.544114073, 1.003564186,
2026.564545733, 1.003391983,
2026.584977493, 1.003959028,
2026.605409053, 1.003325615,
2026.625840712, 1.003381077,
2026.646272472, 1.003711282,
2026.666704032, 1.003505430,
2026.687135692, 1.003414537,
2026.707567452, 1.003386263,
2026.727999012, 1.003670845,
2026.748430772, 1.003948632,
2026.768862432, 1.004099011,
2026.789293991, 1.003900186,
2026.809725751, 1.004029757,
2026.830157311, 1.003680717,
2026.871020731, 1.004512700,
2026.891452290, 1.003896959,
2026.911883950, 1.004221312,
2026.932315710, 1.004059444,
2026.952747370, 1.004024745,
2026.973179030, 1.004156252,
2026.993610689, 1.004367326,
2027.014042349, 1.004258716,
2027.034474109, 1.004439065,
2027.054905669, 1.004059297,
2027.075337328, 1.004757778,
2027.116200648, 1.004455743,
2027.136632308, 1.004488441,
2027.157064068, 1.004788683,
2027.177495627, 1.004377322,
2027.197927387, 1.004827583,
2027.218359047, 1.004632566,
2027.238790607, 1.004851542,
2027.259222366, 1.004743223,
2027.279654026, 1.004956169,
2027.300085586, 1.004860487,
2027.320517346, 1.004944828,
2027.381812325, 1.004744875,
2027.402243985, 1.005260723,
2027.422675744, 1.005166189,
2027.443107304, 1.004673030,
2027.463538964, 1.005326516,
2027.483970624, 1.004715488,
2027.504402384, 1.005500406,
2027.524833943, 1.004915533,
2027.545265703, 1.005123267,
2027.565697263, 1.005029443,
2027.626992242, 1.005497696,
2027.647424002, 1.005269455,
2027.667855662, 1.005409368,
2027.688287222, 1.005438727,
2027.708718981, 1.005530935,
2027.729150641, 1.005315047,
2027.749582201, 1.005364858,
2027.770013961, 1.005307433,
2027.790445621, 1.005444654,
2027.810877380, 1.005137093,
2027.872172360, 1.005356889,
2027.892603920, 1.005593138,
2027.913035580, 1.005140825,
2027.933467339, 1.005099016,
2027.953898899, 1.004942512,
2027.974330559, 1.005207570,
2027.994762319, 1.005027819,
2028.015193979, 1.005003566,
2028.035625639, 1.005460844,
2028.056057299, 1.006003588,
2028.076488958, 1.005110247,
2028.096920618, 1.005001232,
2028.178647258, 1.005334498,
2028.199078918, 1.005097634,
2028.219510578, 1.004810318,
2028.239942238, 1.005203744,
2028.260373998, 1.005197888,
2028.280805558, 1.004889820,
2028.301237218, 1.004403174,
2028.342100538, 1.004383232,
2028.362532198, 1.004860626,
2028.382963958, 1.004618197,
2028.403395518, 1.004588348,
2028.423827278, 1.004730455,
2028.444258938, 1.004384969,
2028.464690498, 1.004230094,
2028.485122258, 1.004211523,
2028.505553918, 1.004154082,
2028.525985478, 1.004361338,
2028.546417238, 1.004107580,
2028.607712219, 1.003860229,
2028.628143879, 1.004057905,
2028.648575639, 1.003687224,
2028.669007199, 1.003783608,
2028.689438860, 1.003712059,
2028.709870620, 1.003691544,
2028.750733840, 1.003491842,
2028.771165601, 1.003378439,
2028.791597261, 1.003626176,
2028.852892242, 1.002725815,
2028.873323902, 1.002306405,
2028.893755563, 1.002624430,
2028.934618883, 1.002674840,
2028.955050544, 1.002961462,
2028.975482104, 1.002492879,
2028.995913865, 1.002277809,
2029.016345525, 1.002244170,
2029.036777086, 1.001943251,
2029.057208846, 1.002377940,
2029.077640507, 1.002022035,
2029.098072267, 1.002107849,
2029.118503828, 1.001760695,
2029.138935488, 1.001560399,
2029.159367249, 1.001564826,
2029.179798809, 1.001641017,
2029.200230470, 1.001409859,
2029.220662231, 1.001478961,
2029.241093891, 1.001253732,
2029.261525552, 1.001167757,
2029.281957213, 1.001175565,
2029.343252195, 1.000958525,
2029.363683856, 1.000976929,
2029.384115616, 1.000976477,
2029.404547177, 1.001026969,
2029.424978838, 1.000524459,
2029.445410599, 1.000332221,
2029.465842160, 1.000194186,
2029.486273921, 1.000640552,
2029.506705582, 0.999963571,
2029.527137143, 1.000279003,
2029.588432126, 0.999599971,
2029.629295448, 0.999643366,
2029.649727109, 0.999725179,
2029.670158870, 0.999136599,
2029.690590431, 0.999282022,
2029.711022192, 0.999173783,
2029.731453853, 0.999171211,
2029.751885515, 0.999393654,
2029.772317176, 0.999159138,
2029.833612160, 0.998751222,
2029.874475582, 0.998499839,
2029.894907244, 0.998368613,
2029.915338805, 0.998292409,
2029.935770566, 0.998256932,
2029.956202228, 0.998270051,
2029.976633789, 0.998454555,
2029.997065551, 0.998252582,
2030.017497212, 0.998018310,
2030.078792197, 0.997532610,
2030.099223959, 0.997618223,
2030.119655521, 0.997743079,
2030.140087182, 0.997464580,
2030.160518944, 0.997363235,
2030.180950506, 0.997372617,
2030.201382168, 0.997349597,
2030.221813829, 0.997362117,
2030.242245491, 0.997717081,
2030.262677153, 0.997468073,
2030.283108815, 0.997754288,
2030.303540477, 0.997610382,
2030.323972239, 0.997712896,
2030.344403801, 0.997384872,
2030.364835463, 0.997733082,
2030.385267225, 0.997892020,
2030.405698887, 0.997588764,
2030.426130449, 0.997828274,
2030.446562211, 0.997946108,
2030.466993874, 0.997888038,
2030.487425536, 0.998104269,
2030.507857198, 0.998057926,
2030.548720523, 0.997822977,
2030.569152185, 0.997860907,
2030.589583847, 0.997729004,
2030.610015610, 0.998781430,
2030.630447172, 0.998134498,
2030.650878835, 0.998398079,
2030.671310597, 0.998203754,
2030.691742160, 0.998405610,
2030.712173922, 0.998235950,
2030.732605585, 0.997979448,
2030.753037148, 0.998147367,
2030.793900573, 0.998289210,
2030.814332136, 0.998215742,
2030.834763898, 0.998102889,
2030.855195561, 0.998491890,
2030.875627224, 0.998451330,
2030.896058887, 0.998364906,
2030.916490550, 0.998495264,
2030.936922213, 0.998332598,
2030.957353876, 0.998645625,
2030.977785539, 0.998525292,
2030.998217202, 0.998336593,
2031.059512292, 0.998946536,
2031.079943855, 0.998930820,
2031.100375618, 0.998799595,
2031.120807281, 0.998511164,
2031.141238845, 0.999231565,
2031.161670608, 0.998749708,
2031.182102271, 0.998625844,
2031.202533835, 0.998931339,
2031.222965598, 0.998615089,
2031.243397262, 0.998910479,
2031.284260589, 0.999383844,
2031.304692253, 0.999146603,
2031.325124017, 0.999210516,
2031.345555580, 0.999347949,
2031.365987244, 0.999364987,
2031.386419008, 0.999554230,
2031.406850572, 0.999423691,
2031.427282236, 0.999114026,
2031.447714000, 0.999384792,
2031.468145564, 0.999540835,
2031.488577328, 0.999348473,
2031.549872320, 0.999128527,
2031.570303984, 0.999587961,
2031.590735548, 0.999193755,
2031.611167313, 0.999813012,
2031.631598977, 0.999860070,
2031.652030541, 0.999922705,
2031.672462306, 0.999548971,
2031.692893970, 0.999699781,
2031.713325635, 1.000305852,
2031.733757299, 1.000191044,
2031.795052293, 1.000477094,
2031.815483958, 1.000264128,
2031.835915723, 1.000195046,
2031.856347288, 1.000072506,
2031.876779052, 1.000674482,
2031.897210717, 1.000121478,
2031.917642282, 1.000476943,
2031.938074047, 1.000628458,
2031.958505712, 1.000346991,
2031.978937277, 1.000318816,
2032.019800708, 1.000716278,
2032.040232373, 1.000550082,
2032.060664038, 1.001414556,
2032.081095704, 1.000529610,
2032.101527469, 1.000912503,
2032.121959034, 1.000883284,
2032.142390700, 1.001006005,
2032.162822465, 1.000959394,
2032.183254031, 1.000948612,
2032.203685697, 1.000716273,
2032.224117462, 1.000684126,
2032.285412460, 1.001604343,
2032.305844025, 1.001696764,
2032.326275791, 1.001560742,
2032.346707457, 1.001569822,
2032.387570789, 1.001670179,
2032.408002456, 1.002317140,
2032.428434022, 1.001633142,
2032.448865788, 1.001604937,
2032.469297454, 1.001842046,
2032.489729221, 1.001779367,
2032.510160787, 1.001825971,
2032.530592453, 1.002229357,
2032.551024220, 1.001698707,
2032.571455786, 1.002188219,
2032.591887453, 1.001959449,
2032.612319220, 1.002215846,
2032.632750786, 1.002636879,
2032.653182553, 1.002715401,
2032.673614220, 1.003146583,
2032.694045787, 1.002681301,
2032.714477554, 1.002856982,
2032.755340888, 1.003375984,
2032.775772555, 1.002775291,
2032.796204222, 1.003071991,
2032.816635889, 1.003256142,
2032.837067556, 1.003310772,
2032.857499224, 1.003075234,
2032.877930891, 1.003277344,
2032.898362659, 1.003105665,
2032.918794226, 1.003346220,
2032.939225994, 1.003546017,
2032.959657561, 1.003239530,
2033.000520996, 1.003919987,
2033.020952564, 1.003749467,
2033.041384332, 1.003884313,
2033.061816000, 1.004026604,
2033.082247568, 1.004244282,
2033.102679336, 1.003929530,
2033.123111004, 1.003867758,
2033.143542572, 1.003919859,
2033.163974340, 1.004192693,
2033.184406008, 1.004109018,
2033.204837577, 1.004239219,
2033.245701013, 1.004319343,
2033.266132782, 1.004340852,
2033.286564350, 1.004317115,
2033.306996019, 1.004250518,
2033.327427788, 1.004134911,
2033.347859356, 1.004397220,
2033.368291025, 1.004489027,
2033.388722794, 1.004316791,
2033.409154463, 1.004585902,
2033.429586132, 1.004702831,
2033.450017801, 1.004557796,
2033.511312808, 1.004336552,
2033.531744478, 1.004685126,
2033.552176247, 1.004743017,
2033.572607816, 1.004509838,
2033.593039586, 1.004371335,
2033.613471155, 1.005017131,
2033.633902825, 1.004541666,
2033.654334594, 1.004431218,
2033.674766164, 1.004373660,
2033.695197834, 1.004264057,
2033.736061174, 1.006379426,
2033.756492844, 1.004155228,
2033.776924614, 1.004422330,
2033.797356184, 1.004290351,
2033.817787954, 1.004145847,
2033.838219624, 1.003955629,
2033.858651194, 1.003853152,
2033.879082965, 1.004120576,
2033.919946306, 1.003910887,
2033.940377976, 1.004098526,
2033.981241418, 1.003584124,
2034.001672988, 1.003589904,
2034.022104659, 1.003726297,
2034.042536430, 1.003361964,
2034.062968101, 1.003664138,
2034.083399672, 1.003748147,
2034.103831443, 1.003467182,
2034.124263114, 1.003502868,
2034.144694686, 1.003492651,
2034.165126457, 1.003595512,
2034.185558128, 1.003342966,
2034.246853143, 1.003277476,
2034.267284814, 1.003239113,
2034.287716486, 1.003143938,
2034.308148158, 1.002998594,
2034.328579830, 1.003292985,
2034.349011502, 1.003118410,
2034.369443274, 1.003215881,
2034.389874846, 1.003230253,
2034.410306518, 1.003333932,
2034.430738290, 1.003111959,
2034.471601535, 1.003372715,
2034.492033307, 1.003172572,
2034.512464880, 1.003275134,
2034.532896552, 1.003062797,
2034.553328325, 1.002812636,
2034.573759898, 1.003212728,
2034.594191671, 1.002991537,
2034.614623343, 1.002999772,
2034.635055016, 1.003124047,
2034.655486689, 1.002866199,
2034.675918363, 1.002981100,
2034.737213382, 1.002941849,
2034.757645156, 1.003045119,
2034.778076829, 1.003141719,
2034.798508403, 1.003442018,
2034.818940176, 1.003127582,
2034.839371850, 1.003282104,
2034.859803424, 1.003306474,
2034.880235198, 1.003473711,
2034.900666872, 1.003461775,
2034.921098446, 1.003352498,
2034.982393568, 1.003481358,
2035.002825242, 1.003728074,
2035.023256817, 1.003419715,
2035.043688591, 1.003803713,
2035.064120266, 1.003757276,
2035.084551840, 1.003639016,
2035.104983615, 1.003278906,
2035.125415290, 1.003831812,
2035.145847065, 1.003243461,
2035.166278640, 1.003442330,
2035.207142090, 1.003570386,
2035.227573665, 1.003568611,
2035.248005340, 1.003152074,
2035.268437116, 1.003814545,
2035.288868791, 1.003672395,
2035.309300466, 1.003657302,
2035.329732142, 1.003752624,
2035.350163818, 1.003673593,
2035.370595493, 1.003527243,
2035.391027169, 1.003163754,
2035.411458845, 1.003358040,
2035.472753873, 1.003205760,
2035.493185650, 1.003124955,
2035.513617226, 1.003397881,
2035.534049002, 1.003330338,
2035.554480679, 1.003187551,
2035.574912255, 1.003232319,
2035.595344032, 1.003236735,
2035.615775709, 1.002923687,
2035.636207285, 1.002726206,
2035.656639062, 1.002615826,
2035.717934094, 1.002586187,
2035.738365671, 1.002215873,
2035.758797448, 1.002213256,
2035.779229126, 1.002480438,
2035.799660803, 1.002229599,
2035.820092481, 1.002101938,
2035.840524158, 1.002829731,
2035.860955936, 1.002148043,
2035.881387514, 1.002106230,
2035.901819192, 1.001760584,
2035.963114226, 1.001279268,
2035.983546004, 1.001344882,
2036.003977683, 1.001459261,
2036.024409261, 1.001275364,
2036.044841040, 1.001103469,
2036.065272718, 1.000867722,
2036.085704497, 1.001195858,
2036.106136076, 1.001388650,
2036.126567755, 1.000625337,
2036.146999534, 1.000905777,
2036.187862792, 1.000098948,
2036.208294571, 1.000553642,
2036.228726150, 1.000226752,
2036.249157930, 1.000440994,
2036.269589509, 1.000274762,
2036.290021189, 0.999935104,
2036.310452969, 1.000162064,
2036.351316228, 0.999629180,
2036.371748008, 0.999804065,
2036.392179588, 0.999820485,
2036.453474629, 0.999191974,
2036.473906409, 0.999217783,
2036.494338090, 0.999421234,
2036.514769771, 0.999618079,
2036.535201451, 0.998817218,
2036.555633132, 0.998849327,
2036.576064813, 0.998979766,
2036.596496594, 0.998724222,
2036.616928175, 0.998528848,
2036.637359956, 0.998666176,
2036.698655000, 0.998656478,
2036.719086682, 0.998371292,
2036.739518263, 0.998415487,
2036.759950045, 0.998499195,
2036.780381727, 0.998054864,
2036.800813509, 0.998225136,
2036.821245091, 0.998307483,
2036.841676773, 0.997976363,
2036.862108555, 0.998213141,
2036.882540138, 0.997931823,
2036.943835185, 0.998084616,
2036.964266868, 0.997815331,
2036.984698651, 0.997844403,
2037.005130234, 0.998009880,
2037.025562017, 0.997880069,
2037.045993600, 0.997799266,
2037.066425283, 0.997701539,
2037.086857066, 0.997717057,
2037.107288749, 0.998022335,
2037.127720333, 0.997693882,
2037.189015484, 0.997251958,
2037.209447168, 0.998008205,
2037.229878852, 0.997623936,
2037.250310536, 0.997667483,
2037.270742220, 0.997444538,
2037.311605689, 0.997167509,
2037.332037273, 0.997405310,
2037.352469058, 0.997625452,
2037.372900743, 0.997196838,
2037.434195797, 0.997388145,
2037.454627382, 0.997455624,
2037.475059168, 0.997341954,
2037.495490853, 0.996879887,
2037.536354224, 0.997036503,
2037.556785909, 0.996960533,
2037.577217695, 0.996611178,
2037.597649281, 0.997134454,
2037.618080967, 0.996708612,
2037.679376025, 0.996866101,
2037.699807711, 0.996484399,
2037.720239398, 0.996613612,
2037.740671184, 0.996351688,
2037.761102771, 0.996438465,
2037.781534458, 0.996151315,
2037.801966245, 0.995876966,
2037.822397932, 0.996352758,
2037.842829519, 0.995943501,
2037.863261306, 0.995917103,
2037.924556368, 0.995751761,
2037.944988056, 0.995514350,
2037.965419843, 0.995825821,
2037.985851431, 0.995408571,
2038.006283119, 0.995432814,
2038.026714907, 0.995260682,
2038.047146495, 0.995219414,
2038.067578184, 0.995512879,
2038.088009972, 0.995504858,
2038.108441560, 0.995011652,
2038.169736626, 0.994530674,
2038.190168415, 0.994737394,
2038.210600104, 0.995004620,
2038.251463483, 0.994525860,
2038.271895172, 0.994725001,
2038.292326861, 0.994529855,
2038.312758551, 0.994440516,
2038.333190241, 0.994584360,
2038.353621930, 0.994646360,
2038.374053620, 0.994585676,
2038.394485310, 0.994257758,
2038.414917001, 0.993777178,
2038.435348691, 0.994456830,
2038.455780481, 0.994440250,
2038.476212172, 0.994612966,
2038.496643762, 0.994199462,
2038.517075553, 0.994286584,
2038.537507244, 0.994072012,
2038.557938834, 0.994332633,
2038.578370626, 0.994343077,
2038.598802317, 0.994411108,
2038.660097391, 0.994376706,
2038.680529182, 0.994267849,
2038.700960774, 0.994088813,
2038.721392466, 0.994276294,
2038.741824258, 0.994113058,
2038.762255850, 0.994387254,
2038.782687542, 0.994118528,
2038.803119334, 0.993947665,
2038.823550927, 0.994366230,
2038.843982719, 0.994329689,
2038.884846005, 0.994235818,
2038.905277797, 0.994635972,
2038.925709490, 0.994661467,
2038.946141183, 0.994172997,
2038.966572877, 0.994327612,
2038.987004570, 0.994450457,
2039.007436263, 0.994702286,
2039.027867957, 0.994449521,
2039.048299651, 0.995183854,
2039.068731345, 0.994656616,
2039.089163038, 0.994576708,
2039.130026527, 0.994651304,
2039.150458121, 0.994874867,
2039.170889815, 0.994719144,
2039.191321610, 0.995008185,
2039.211753204, 0.994648950,
2039.232184999, 0.994703816,
2039.252616694, 0.995253886,
2039.273048289, 0.995314591,
2039.293480084, 0.994634875,
2039.313911779, 0.994794725,
2039.334343375, 0.994796690,
2039.416070257, 0.995277403,
2039.436501953, 0.995344527,
2039.456933749, 0.995058828,
2039.477365346, 0.994841629,
2039.497797042, 0.995455047,
2039.518228838, 0.995137306,
2039.538660435, 0.995598619,
2039.559092132, 0.995515263,
2039.579523929, 0.995321564,
2039.599955625, 0.995164966,
2039.620387323, 0.995212386,
2039.640819020, 0.995232233,
2039.661250617, 0.995399441,
2039.681682414, 0.995486025,
2039.702114112, 0.995596961,
2039.722545710, 0.995562024,
2039.742977508, 0.995282189,
2039.763409206, 0.996051942,
2039.783841004, 0.995859060,
2039.804272602, 0.995854878,
2039.824704300, 0.995849564,
2039.885999396, 0.995823785,
2039.906431195, 0.995802689,
2039.926862794, 0.996396190,
2039.947294493, 0.996396072,
2039.967726292, 0.996247184,
2039.988157891, 0.996529760,
2040.008589691, 0.996087500,
2040.029021390, 0.996363652,
2040.049452990, 0.996971476,
2040.069884790, 0.996967643,
2040.110748090, 0.996537292,
2040.131179890, 0.996842712,
2040.151611590, 0.996869606,
2040.172043391, 0.997526531,
2040.192474992, 0.997196273,
2040.212906692, 0.997459287,
2040.233338493, 0.997036838,
2040.253770194, 0.997438898,
2040.274201795, 0.997745746,
2040.294633597, 0.997466459,
2040.315065298, 0.997888459,
2040.376360403, 0.997459106,
2040.396792105, 0.997853604,
2040.417223807, 0.997929544,
2040.437655409, 0.997800481,
2040.458087211, 0.997898771,
2040.478518914, 0.997890814,
2040.498950516, 0.997967109,
2040.519382319, 0.997954806,
2040.539814022, 0.997879870,
2040.560245825, 0.997962999,
2040.621540935, 0.997917284,
2040.641972538, 0.998411388,
2040.662404242, 0.998660833,
2040.682836046, 0.997988734,
2040.703267650, 0.998414290,
2040.723699454, 0.998407026,
2040.744131158, 0.998042575,
2040.764562862, 0.998220043,
2040.784994567, 0.998704260,
2040.846289681, 0.998521152,
2040.866721386, 0.998302278,
2040.887153191, 0.998314024,
2040.907584796, 0.998467423,
2040.928016502, 0.998898771,
2040.948448307, 0.998150855,
2040.968880013, 0.998349640,
2040.989311619, 0.998600431,
2041.009743425, 0.998600085,
2041.030175031, 0.998765793,
2041.050606737, 0.998485583,
2041.091470150, 0.998663666,
2041.111901957, 0.998492721,
2041.132333663, 0.998560619,
2041.152765270, 0.998702104,
2041.173197077, 0.998654125,
2041.193628784, 0.998742574,
2041.214060392, 0.998883719,
2041.234492199, 0.998949668,
2041.254923907, 0.999156537,
2041.275355715, 0.998818041,
2041.295787323, 0.998697916,
2041.377514156, 0.998864675,
2041.397945964, 0.998663337,
2041.418377573, 0.998767507,
2041.438809282, 0.998541381,
2041.459241091, 0.998612159,
2041.479672800, 0.998561943,
2041.500104509, 0.998553625,
2041.520536219, 0.998899889,
2041.540967928, 0.998620846,
2041.561399638, 0.998792252,
2041.581831348, 0.999112840,
2041.602263058, 1.001076538,
2041.622694868, 0.998772507,
2041.643126479, 0.998801641,
2041.663558289, 0.998770140,
2041.683989900, 0.999104252,
2041.704421611, 0.998916786,
2041.745285032, 0.998805365,
2041.765716744, 0.998908649,
2041.786148555, 0.999219068,
2041.827011978, 0.999050314,
2041.847443690, 0.998728068,
2041.867875302, 0.999016937,
2041.888307114, 0.999547752,
2041.908738826, 0.999067379,
2041.929170438, 0.998827529,
2041.949602251, 0.999168273,
2041.970033964, 0.999249483,
2041.990465676, 0.999082337,
2042.010897389, 0.998971450,
2042.031329102, 0.998996547,
2042.092624243, 0.998966298,
2042.113056056, 0.999164792,
2042.133487770, 0.998751859,
2042.153919384, 0.999058829,
2042.174351198, 0.999015446,
2042.194782912, 0.998914534,
2042.215214627, 0.999084110,
2042.235646342, 0.999027605,
2042.256078056, 0.998632139,
2042.276509871, 0.998836553,
2042.337804917, 0.997899702,
2042.358236632, 0.998438268,
2042.378668448, 0.998424772,
2042.399100064, 0.998450685,
2042.419531780, 0.998292133,
2042.439963596, 0.998514438,
2042.460395212, 0.997982608,
2042.480826928, 0.998894736,
2042.501258745, 0.998388774,
2042.521690362, 0.998117399,
2042.542122078, 0.998266634,
2042.562553895, 0.998367187,
2042.582985513, 0.997872181,
2042.603417330, 0.998375278,
2042.623849047, 0.997626717,
2042.644280765, 0.998251697,
2042.664712483, 0.998274562,
2042.685144201, 0.997868993,
2042.705575919, 0.998005742,
2042.726007637, 0.997625107,
2042.746439355, 0.997945055,
2042.766871174, 0.998088541,
2042.828166330, 0.997510682,
2042.848598050, 0.997711337,
2042.869029669, 0.997821034,
2042.889461488, 0.997682499,
2042.909893208, 0.997802248,
2042.930324928, 0.997706718,
2042.950756648, 0.997795029,
2042.971188368, 0.997657257,
2042.991620088, 0.997646981,
2043.012051809, 0.997619613,
2043.073346971, 0.997211904,
2043.093778592, 0.997161372,
2043.114210413, 0.997510055,
2043.134642134, 0.997688179,
2043.155073956, 0.997786594,
2043.175505578, 0.998292605,
2043.195937300, 0.997532595,
2043.216369122, 0.997492154,
2043.236800744, 0.997472326,
2043.257232466, 0.997650035,
2043.318527734, 0.997407317,
2043.338959457, 0.997637414,
2043.359391180, 0.997451072,
2043.379822903, 0.997151158,
2043.400254627, 0.997572415,
2043.420686350, 0.997502298,
2043.441118174, 0.997401781,
2043.461549798, 0.997756701,
2043.502413346, 0.997284435,
2043.543276796, 0.997388239,
2043.563708520, 0.997213969,
2043.584140145, 0.997237979,
2043.604571970, 0.997036690,
2043.625003695, 0.997167082,
2043.645435521, 0.997070873,
2043.665867146, 0.997275992,
2043.686298872, 0.997200214,
2043.706730598, 0.997409556,
2043.727162324, 0.997280356,
2043.747593950, 0.997030058,
2043.788457503, 0.997248157,
2043.808889130, 0.997129298,
2043.829320957, 0.996975041,
2043.849752684, 0.997431827,
2043.870184511, 0.997165398,
2043.890616139, 0.997084076,
2043.911047866, 0.996824408,
2043.931479694, 0.997159408,
2043.951911322, 0.997210349,
2043.972343050, 0.996971932,
2043.992774878, 0.997103630,
2044.033638335, 0.996788385,
2044.054070064, 0.996925716,
2044.074501792, 0.997280293,
2044.094933522, 0.997111464,
2044.115365251, 0.997326208,
2044.135796980, 0.996975177,
2044.156228810, 0.996798711,
2044.176660439, 0.997057102,
2044.197092269, 0.996637339,
2044.217523999, 0.996810618,
2044.237955630, 0.996928853,
2044.299250821, 0.996795640,
2044.319682652, 0.996917903,
2044.340114383, 0.996971123,
2044.360546015, 0.997041317,
2044.380977846, 0.996572165,
2044.401409478, 0.997006059,
2044.421841309, 0.996631480,
2044.442273041, 0.996977199,
2044.462704673, 0.996730142,
2044.483136506, 0.996729621,
2044.544431704, 0.997256189,
2044.585295270, 0.996453212,
2044.605726903, 0.996744359,
2044.626158637, 0.996713406,
2044.646590470, 0.996950484,
2044.667022204, 0.996861809,
2044.687453838, 0.996464649,
2044.707885672, 0.996802965,
2044.728317407, 0.996545941,
2044.748749141, 0.996367350,
2044.769180876, 0.996491906,
2044.789612611, 0.996368085,
2044.810044446, 0.996383632,
2044.830476081, 0.996244471,
2044.850907817, 0.996315139,
2044.871339652, 0.996609494,
2044.891771288, 0.996134529,
2044.932634860, 0.996216444,
2044.953066496, 0.996268345,
2044.973498333, 0.996443512,
2045.034793543, 0.996141684,
2045.055225280, 0.996713866,
2045.075656918, 0.996271797,
2045.096088755, 0.996440429,
2045.116520393, 0.996525524,
2045.136952231, 0.996065847,
2045.157383969, 0.996122836,
2045.177815607, 0.995801216,
2045.198247446, 0.996203223,
2045.218679184, 0.995905746,
2045.279974401, 0.996271034,
2045.300406240, 0.995817637,
2045.320837980, 0.995990120,
2045.341269620, 0.996071545,
2045.361701459, 0.996142737,
2045.382133199, 0.996252309,
2045.402564840, 1.013902916,
2045.422996680, 0.995877608,
2045.443428421, 0.996360959,
2045.463860061, 0.995879825,
2045.525155485, 0.996295683,
2045.545587126, 0.996163778,
2045.566018868, 0.996238128,
2045.586450710, 0.995906750,
2045.606882352, 0.996011036,
2045.627314094, 0.995893599,
2045.647745937, 0.995893644,
2045.668177579, 0.996297602,
2045.688609422, 0.995546857,
2045.709041165, 0.995869404,
2045.729472808, 0.995589896,
2045.749904651, 0.995658570,
2045.770336295, 0.995825548,
2045.790768039, 0.995655470,
2045.811199883, 0.995977179,
2045.831631627, 0.995830206,
2045.852063371, 0.995867659,
2045.872495115, 0.995435997,
2045.892926860, 0.995477942,
2045.913358605, 0.995485173,
2045.933790350, 0.995652750,
2045.954222095, 0.995300390,
2046.015517432, 0.996038081,
2046.035949178, 0.995539226,
2046.056380824, 0.995781592,
2046.076812670, 0.995931408,
2046.097244417, 0.995777112,
2046.117676063, 0.995949143,
2046.138107910, 0.995929823,
2046.158539657, 0.995836437,
2046.178971304, 0.995643899,
2046.199403152, 0.995827778,
2046.260698395, 0.995772934,
2046.281130144, 0.995863827,
2046.301561992, 0.995851284,
2046.321993640, 0.995762128,
2046.342425389, 0.995462170,
2046.362857138, 0.996013764,
2046.383288887, 0.995437033,
2046.403720737, 0.995384825,
2046.424152386, 0.995516060,
2046.444584136, 0.995578418,
2046.485447636, 0.995876834,
2046.505879386, 0.995522016,
2046.526311237, 0.995446345,
2046.546742987, 0.995558516,
2046.567174738, 0.995511507,
2046.587606489, 0.995331983,
2046.608038241, 0.995593739,
2046.628469992, 0.995672975,
2046.669333496, 0.995467887,
2046.689765348, 0.995265510,
2046.730628752, 0.995605033,
2046.751060605, 0.995329040,
2046.771492258, 0.994846419,
2046.791924111, 0.995493044,
2046.812355864, 0.995431800,
2046.832787517, 0.995128433,
2046.853219371, 0.995224175,
2046.873651125, 0.995342133,
2046.894082779, 0.994715098,
2046.914514633, 0.995062572,
2046.934946387, 0.995461162,
2046.996241651, 0.995404639,
2047.016673407, 0.995448966,
2047.037105162, 0.995462694,
2047.057536917, 0.995064707,
2047.077968673, 0.995468629,
2047.098400429, 0.995500083,
2047.118832285, 0.995122591,
2047.139263942, 0.995456628,
2047.159695698, 0.995001254,
2047.180127555, 0.995141159,
2047.241422826, 0.994930959,
2047.261854584, 0.995341239,
2047.282286242, 0.995395416,
2047.302718100, 0.995556554,
2047.323149858, 0.995030063,
2047.343581716, 0.995604579,
2047.364013374, 0.995521712,
2047.384445133, 0.995188564,
2047.404876992, 0.995346626,
2047.425308651, 0.995410826,
2047.486603930, 0.995489978,
2047.507035790, 0.995097067,
2047.527467550, 0.995083238,
2047.547899210, 0.995593755,
2047.568331071, 0.995494017,
2047.588762832, 0.995210728,
2047.609194492, 0.995271342,
2047.629626354, 0.995273803,
2047.650058115, 0.995442298,
2047.670489877, 0.995484770,
2047.690921638, 0.995728250,
2047.711353400, 0.995408583,
2047.731785262, 0.995378855,
2047.752216925, 0.995658474,
2047.772648687, 0.995137823,
2047.793080450, 0.995314741,
2047.813512213, 0.995400335,
2047.833943976, 0.995396510,
2047.854375840, 0.995187004,
2047.874807503, 0.995353231,
2047.895239367, 0.995567074,
2047.915671131, 0.995382323,
2047.976966424, 0.995837938,
2047.997398089, 0.995442130,
2048.017829954, 0.995713072,
2048.038261719, 0.995622104,
2048.058693585, 0.995437568,
2048.079125251, 0.995488947,
2048.099557016, 0.995431080,
2048.119988882, 0.995688394,
2048.140420549, 0.995713453,
2048.160852315, 0.995451608,
2048.181284182, 0.995107877,
2048.201715849, 0.995473871,
2048.222147716, 0.995427558,
2048.242579483, 0.995653240,
2048.263011151, 0.995492988,
2048.283443019, 0.995741981,
2048.303874786, 0.995217205,
2048.324306555, 0.995398860,
2048.344738323, 0.995993292,
2048.365170092, 0.995542064,
2048.385601760, 0.995584672,
2048.406033629, 0.995369398,
2048.467328938, 0.995070966,
2048.508192577, 0.994949228,
2048.528624248, 0.995333031,
2048.549056018, 0.995843189,
2048.569487889, 0.995398457,
2048.589919560, 0.995201359,
2048.610351431, 0.995143812,
2048.630783202, 0.995584692,
2048.651214874, 0.995283310,
2048.712510190, 0.995410990,
2048.732942062, 0.995852880,
2048.753373835, 0.995221319,
2048.773805707, 0.995312299,
2048.794237380, 0.995613930,
2048.814669154, 0.995237822,
2048.835101027, 0.994939292,
2048.855532701, 0.995185813,
2048.875964475, 0.994696797,
2048.896396349, 0.995031507,
2048.916828023, 0.995151997,
2048.937259798, 0.994959271,
2048.957691672, 0.994948018,
2048.978123447, 0.994881362,
2048.998555223, 0.994937112,
2049.018986998, 0.995031276,
2049.039418774, 0.995073823,
2049.059850549, 0.994688964,
2049.080282325, 0.994626797,
2049.100714102, 0.995075771,
2049.121145878, 0.995223259,
2049.141577655, 0.995032311,
2049.202872986, 0.994758816,
2049.223304864, 0.994839464,
2049.243736542, 0.994569790,
2049.264168320, 0.994619520,
2049.284600198, 0.994511412,
2049.305031876, 0.994431603,
2049.325463655, 0.994585539,
2049.345895534, 0.994755792,
2049.366327213, 0.994538735,
2049.386759092, 0.994816860,
2049.407190872, 0.994834621,
2049.427622551, 0.994141144,
2049.448054432, 0.994560763,
2049.468486212, 0.994790407,
2049.488917992, 0.994948999,
2049.509349773, 0.994960901,
2049.529781554, 0.994895589,
2049.550213435, 0.994766012,
2049.570645116, 0.994803053,
2049.591076898, 0.994997056,
2049.611508779, 0.994921466,
2049.631940461, 0.995054591,
2049.672804126, 0.994855287,
2049.693235908, 0.994716530,
2049.713667691, 0.995258506,
2049.734099474, 0.995237487,
2049.754531158, 0.995248123,
2049.774963041, 0.995231089,
2049.795394825, 0.995345365,
2049.815826509, 0.995488849,
2049.836258393, 0.995588174,
2049.856690178, 0.995463958,
2049.877121862, 0.995637653,
2049.917985532, 0.996308196,
2049.938417418, 0.995725639,
2049.958849103, 0.996017670,
2049.979280889, 0.996291966,
2049.999712775, 0.996075506,
2050.020144461, 0.995870065,
2050.040576248, 0.995798795,
2050.061008134, 0.996378743,
2050.081439821, 0.995965505,
2050.101871708, 0.995932420,
2050.122303496, 0.996077738,
2050.163167071, 0.996136565,
2050.183598859, 0.996516163,
2050.204030647, 0.996760418,
2050.224462436, 0.996483827,
2050.244894225, 0.996713422,
2050.265326114, 0.997059376,
2050.285757803, 0.996974572,
2050.306189592, 0.996879090,
2050.326621482, 0.997259370,
2050.347053272, 0.997051378,
2050.367484962, 0.996985491,
2050.408348543, 0.997434473,
2050.428780333, 0.997429413,
2050.449212224, 0.997164329,
2050.469643916, 0.997360821,
2050.490075807, 0.997129930,
2050.510507599, 0.997410023,
2050.530939291, 0.997315522,
2050.551371183, 0.997812033,
2050.571802975, 0.997648670,
2050.592234668, 0.997684542,
2050.612666561, 0.997524929,
2050.653530247, 0.997837844,
2050.673961941, 0.997650171,
2050.694393735, 0.997914706,
2050.714825629, 0.997640850,
2050.735257323, 0.998142962,
2050.755689117, 0.997598376,
2050.776121012, 0.998441105,
2050.796552707, 0.998384091,
2050.816984602, 0.998932101,
2050.837416398, 0.998352648,
2050.857848193, 0.998596484,
2050.919143582, 0.997304066,
2050.939575378, 0.998512190,
2050.960007175, 0.999054058,
2050.980438972, 0.998973546,
2051.000870869, 0.999083061,
2051.021302567, 0.998626571,
2051.041734465, 0.999072418,
2051.062166163, 0.999437315,
2051.082597961, 0.999131866,
2051.103029859, 0.999199862,
2051.143893357, 0.999090152,
2051.164325256, 0.999519124,
2051.184756956, 0.999225251,
2051.205188855, 0.999619981,
2051.225620655, 0.999891269,
2051.246052355, 1.000166583,
2051.266484256, 0.999440225,
2051.286916056, 0.999590395,
2051.307347757, 0.999676970,
2051.327779658, 0.999730480,
2051.348211460, 1.000215369,
2051.368643361, 1.000008360,
2051.389075063, 1.000386767,
2051.409506865, 1.000271358,
2051.429938767, 0.999972536,
2051.450370470, 0.999852303,
2051.470802273, 0.999985013,
2051.491234176, 1.000138877,
2051.511665979, 1.000041655,
2051.532097682, 1.000127445,
2051.552529586, 0.999850938,
2051.572961390, 1.002016618,
2051.593393194, 1.000012295,
2051.634256803, 1.000047797,
2051.654688608, 0.999819226,
2051.675120414, 1.000712363,
2051.695552219, 1.000273959,
2051.715984025, 1.000313988,
2051.736415830, 0.999929136,
2051.756847737, 1.000190014,
2051.777279443, 1.000249978,
2051.797711250, 0.999884418,
2051.818143156, 1.000219500,
2051.838574864, 1.000187604,
2051.879438578, 0.999969575,
2051.899870286, 0.999706408,
2051.920302194, 1.000724345,
2051.940734003, 0.999939428,
2051.961165711, 0.999928273,
2051.981597620, 1.000007449,
2052.002029429, 0.999697739,
2052.022461139, 1.000080805,
2052.063324858, 0.999876683,
2052.083756768, 0.999954932,
2052.124620289, 0.999569690,
2052.145052199, 0.999275078,
2052.165484011, 0.999821531,
2052.185915722, 0.999666579,
2052.206347633, 0.999515131,
2052.226779445, 0.999510808,
2052.247211157, 0.999509426,
2052.267643069, 0.999423771,
2052.288074882, 0.999409610,
2052.308506795, 0.999693923,
2052.328938508, 0.999763381,
2052.369802234, 0.999672766,
2052.390233948, 0.999681049,
2052.410665762, 0.999458055,
2052.431097576, 0.999660477,
2052.451529391, 0.999561659,
2052.471961306, 0.999450846,
2052.492393021, 0.999442808,
2052.512824836, 0.999261553,
2052.533256751, 0.999866110,
2052.553688467, 1.000129484,
2052.574120283, 0.999725794,
2052.614983916, 0.999960212,
2052.635415833, 0.999456821,
2052.655847650, 0.999616862,
2052.676279367, 0.999505427,
2052.696711284, 0.999713330,
2052.717143102, 0.999769331,
2052.737574920, 0.999834865,
2052.758006738, 1.000015667,
2052.778438557, 0.999486016,
2052.798870376, 0.999688015,
2052.819302195, 0.999778279,
2052.860165933, 1.000109556,
2052.880597753, 0.999623974,
2052.901029473, 0.999866698,
2052.921461394, 0.999673300,
2052.962324935, 0.999828876,
2052.982756856, 0.999660971,
2053.003188677, 0.999760821,
2053.023620599, 0.999755996,
2053.044052321, 0.999463377,
2053.064484143, 0.999971845,
2053.146211433, 0.999697351,
2053.166643257, 0.999962780,
2053.187075180, 0.999575321,
2053.207506904, 0.999780856,
2053.227938728, 0.999779508,
2053.248370653, 0.999711743,
2053.268802377, 1.000054245,
2053.289234202, 0.999946184,
2053.309666127, 0.999698687,
2053.350529778, 0.999546357,
2053.370961604, 0.999593634,
2053.391393430, 0.999900453,
2053.411825257, 0.999221535,
2053.432257083, 0.999724189,
2053.452688910, 0.999934664,
2053.473120738, 1.000196802,
2053.493552565, 1.000123817,
2053.513984393, 1.000019131,
2053.534416321, 1.000054572,
2053.554848049, 0.999876469,
2053.595711806, 0.999806696,
2053.616143535, 1.000440803,
2053.636575465, 1.000124534,
2053.657007294, 1.000054326,
2053.677439024, 0.999957817,
2053.697870954, 1.000353606,
2053.718302784, 1.000591709,
2053.738734615, 1.000319979,
2053.759166446, 1.000256781,
2053.779598277, 1.000530848,
2053.800030108, 1.000346151,
2053.840893672, 1.000455292,
2053.861325604, 1.000192788,
2053.881757436, 1.000439099,
2053.902189369, 0.999877027,
2053.922621102, 1.000197181,
2053.943052935, 1.000425375,
2053.963484868, 1.000493629,
2053.983916602, 1.000046240,
2054.004348436, 1.000283033,
2054.024780370, 1.000722262,
2054.045212205, 1.000114764,
2054.086075875, 1.000490613,
2054.106507710, 1.000273663,
2054.126939546, 1.000341307,
2054.147371382, 1.000586517,
2054.167803218, 1.000234556,
2054.188235154, 1.000268824,
2054.208666891, 1.000411296,
2054.229098728, 1.000269032,
2054.249530665, 1.000404681,
2054.269962402, 1.000466283,
2054.290394340, 1.000260218,
2054.331257916, 1.000195442,
2054.351689855, 1.000084416,
2054.372121693, 1.000810259,
2054.392553432, 1.000551870,
2054.412985372, 1.000240991,
2054.433417211, 1.000648943,
2054.474280891, 1.000356847,
2054.494712632, 1.000374161,
2054.515144572, 1.000129623,
2054.535576413, 1.000653003,
2054.576440096, 1.000527933,
2054.596871938, 1.000428085,
2054.617303880, 1.000720440,
2054.637735622, 1.000387713,
2054.658167464, 1.000627029,
2054.678599407, 1.001202996,
2054.699031150, 1.000680367,
2054.719462994, 1.000895358,
2054.739894937, 1.000661901,
2054.760326781, 1.000805491,
2054.780758625, 1.001038134,
2054.821622314, 1.000766442,
2054.842054159, 1.000702647,
2054.862486005, 1.001088922,
2054.882917850, 1.000663265,
2054.903349796, 1.001189901,
2054.923781542, 1.001330964,
2054.944213388, 1.001229731,
2054.964645335, 1.001168621,
2054.985077082, 1.001530208,
2055.005509029, 1.001421156,
2055.025940876, 1.001533152,
2055.087236320, 1.001519273,
2055.107668169, 1.001261591,
2055.128100118, 1.001160942,
2055.148531867, 1.001867572,
2055.168963816, 1.001467101,
2055.189395666, 1.001289576,
2055.209827416, 1.001461197,
2055.230259366, 1.001434763,
2055.250691216, 1.001413613,
2055.271123067, 1.001627389,
2055.291554918, 1.001856111,
2055.311986769, 1.002135899,
2055.332418721, 1.002041321,
2055.352850473, 1.002183320,
2055.373282325, 1.002274090,
2055.393714277, 1.002064446,
2055.414146130, 1.001930978,
2055.434577883, 1.001990298,
2055.455009836, 1.002533375,
2055.475441689, 1.001936568,
2055.495873543, 1.002017833,
2055.516305397, 1.002507593,
2055.557169206, 1.002451176,
2055.577600961, 1.002097651,
2055.598032816, 1.002332362,
2055.618464772, 1.002082456,
2055.638896527, 1.002253793,
2055.659328383, 1.002537585,
2055.679760340, 1.002559214,
2055.700192096, 1.002144684,
2055.720624053, 1.002108485,
2055.741055810, 1.002246428,
2055.761487668, 1.002274981,
2055.802351383, 1.002783294,
2055.822783241, 1.002539067,
2055.843215200, 1.002698243,
2055.863646959, 1.002594970,
2055.884078918, 1.002628309,
2055.904510777, 1.003036146,
2055.924942637, 1.002914681,
2055.945374497, 1.002739903,
2055.965806357, 1.003150256,
2055.986238218, 1.003044884,
2056.006670078, 1.003133882,
2056.067965762, 1.003164610,
2056.088397524, 1.003086181,
2056.108829486, 1.003171807,
2056.129261349, 1.002934834,
2056.149693112, 1.003402815,
2056.170125075, 1.002997291,
2056.190556938, 1.003253390,
2056.210988902, 1.003446158,
2056.231420666, 1.003692518,
2056.251852530, 1.003502714,
2056.272284494, 1.003025687,
2056.292716259, 1.003579052,
2056.313148124, 1.003261885,
2056.333580089, 1.003793202,
2056.354011855, 1.003803136,
2056.374443721, 1.003672505,
2056.394875587, 1.003520543,
2056.415307453, 1.003559077,
2056.435739420, 1.003814601,
2056.456171287, 1.003998111,
2056.476603055, 1.004120294,
2056.497035022, 1.004088862,
2056.537898658, 1.003923629,
2056.558330627, 1.004018586,
2056.578762496, 1.004346075,
2056.599194365, 1.004138010,
2056.619626234, 1.004205179,
2056.640058104, 1.004136180,
2056.660489974, 1.004528196,
2056.680921844, 1.004229838,
2056.701353714, 1.004522587,
2056.721785585, 1.004757678,
2056.742217456, 1.004746309,
2056.783081299, 1.004656682,
2056.803513071, 1.004663443,
2056.823945043, 1.004249903,
2056.844376916, 1.004416112,
2056.864808689, 1.004574389,
2056.885240662, 1.004769578,
2056.905672535, 1.004191920,
2056.926104509, 1.004848236,
2056.946536283, 1.005185955,
2056.966968157, 1.005359680,
2056.987400132, 1.005358812,
2057.028263782, 1.004665979,
2057.048695757, 1.004996454,
2057.069127533, 1.005363623,
2057.089559409, 1.005369760,
2057.109991285, 1.005253963,
2057.130423162, 1.005283094,
2057.150855139, 1.005096235,
2057.171286916, 1.005164138,
2057.191718794, 1.005116867,
2057.212150771, 1.005275124,
2057.232582649, 1.005062181,
2057.293878285, 1.005236892,
2057.314310165, 1.005000438,
2057.334742044, 1.005128255,
