BJD - 2454833, Corrected Flux
1977.262459578, 1.051124436,
1977.282891845, 1.051230381,
1977.303324012, 1.052177145,
1977.364620908, 1.045283266,
1977.385053173, 1.043361219,
1977.405485437, 1.044313175,
1977.425917701, 1.045230898,
1977.446350064, 1.044310204,
1977.466782227, 1.044511472,
1977.487214589, 1.045255407,
1977.507646851, 1.043512659,
1977.528079012, 1.044174031,
1977.548511373, 1.046147836,
1977.568943633, 1.044933699,
1977.589375793, 1.044580473,
1977.609808153, 1.044574239,
1977.630240412, 1.044142669,
1977.650672570, 1.045030065,
1977.671104928, 1.043712817,
1977.691537185, 1.044331703,
1977.711969343, 1.042525919,
1977.732401699, 1.045225123,
1977.752833955, 1.045457087,
1977.773266111, 1.044703733,
1977.793698466, 1.044845694,
1977.814130721, 1.044243220,
1977.834562975, 1.045243777,
1977.854995229, 1.046226460,
1977.875427482, 1.045913264,
1977.895859735, 1.046394335,
1977.916291987, 1.045406173,
1977.936724239, 1.044467461,
1977.957156591, 1.044372317,
1977.977588742, 1.044833921,
1977.998020992, 1.046093922,
1978.018453342, 1.045769436,
1978.038885491, 1.044648919,
1978.059317740, 1.044407000,
1978.079750089, 1.044259068,
1978.100182237, 1.045189515,
1978.120614485, 1.048495201,
1978.141046832, 1.045237347,
1978.161478979, 1.045212933,
1978.181911225, 1.043067275,
1978.202343571, 1.044825699,
1978.222775716, 1.044901984,
1978.243208061, 1.046945697,
1978.263640305, 1.045518150,
1978.284072549, 1.045451275,
1978.304504793, 1.045079077,
1978.324937036, 1.046096166,
1978.345369278, 1.046772004,
1978.365801520, 1.047998485,
1978.386233762, 1.046383659,
1978.406666003, 1.047473203,
1978.427098243, 1.045068537,
1978.447530484, 1.046956026,
1978.467962724, 1.046257027,
1978.488394963, 1.047252848,
1978.508827202, 1.045654058,
1978.529259340, 1.043390961,
1978.590556052, 1.047604082,
1978.610988389, 1.047377357,
1978.631420625, 1.045431641,
1978.651852960, 1.046513777,
1978.672285095, 1.048610717,
1978.692717330, 1.045660633,
1978.713149664, 1.047494881,
1978.733581798, 1.046145277,
1978.754014031, 1.046904784,
1978.774446364, 1.047985508,
1978.794878596, 1.046882173,
1978.815310728, 1.049136462,
1978.835743059, 1.048744121,
1978.856175290, 1.048168298,
1978.876607420, 1.048896906,
1978.917471980, 1.048616555,
1978.937904109, 1.048170578,
1978.958336438, 1.046759705,
1978.978768666, 1.047633865,
1978.999200794, 1.046157626,
1979.019633121, 1.046660921,
1979.060497474, 1.050213803,
1979.080929800, 1.047674372,
1979.101362025, 1.050332816,
1979.121794350, 1.048794338,
1979.142226474, 1.048390441,
1979.162658698, 1.049652337,
1979.183090922, 1.049326348,
1979.203523145, 1.050202064,
1979.223955367, 1.048237722,
1979.244387590, 1.049775402,
1979.264819811, 1.047751981,
1979.285252033, 1.048731530,
1979.305684254, 1.046859239,
1979.326116474, 1.048054748,
1979.346548694, 1.047871998,
1979.366981013, 1.049099533,
1979.387413132, 1.048232763,
1979.407845351, 1.048589063,
1979.428277669, 1.047766841,
1979.448709786, 1.048735687,
1979.469142003, 1.048475429,
1979.489574320, 1.048852450,
1979.510006436, 1.048032443,
1979.530438652, 1.048470093,
1979.550870967, 1.048137245,
1979.571303082, 1.048900001,
1979.591735396, 1.048928982,
1979.612167610, 1.049127180,
1979.632599823, 1.046952334,
1979.653032037, 1.048516146,
1979.673464249, 1.047854589,
1979.693896461, 1.047095655,
1979.714328673, 1.048939115,
1979.734760884, 1.047532767,
1979.775625305, 1.048696577,
1979.796057515, 1.047114003,
1979.816489724, 1.049038803,
1979.836922033, 1.046513693,
1979.857354142, 1.050104871,
1979.877786350, 1.050093101,
1979.898218557, 1.048908594,
1979.918650764, 1.049881967,
1979.939082971, 1.048589120,
1979.959515177, 1.050763512,
1979.979947383, 1.048381454,
1980.000379588, 1.048383540,
1980.020811793, 1.048137359,
1980.041243997, 1.048847154,
1980.061676301, 1.049685312,
1980.082108405, 1.048510519,
1980.102540608, 1.046788222,
1980.122972910, 1.047069148,
1980.143405013, 1.049954414,
1980.163837214, 1.048703848,
1980.204701716, 1.049663586,
1980.225133816, 1.051298091,
1980.245566116, 1.049290825,
1980.265998316, 1.049425005,
1980.286430415, 1.048056419,
1980.306862713, 1.048037792,
1980.327294911, 1.048523509,
1980.347727009, 1.048793963,
1980.368159306, 1.048510432,
1980.388591503, 1.049061958,
1980.409023599, 1.048236162,
1980.429455895, 1.048326732,
1980.449888090, 1.049276370,
1980.470320285, 1.048418089,
1980.490752480, 1.048639019,
1980.511184673, 1.049099064,
1980.531616967, 1.049183082,
1980.552049060, 1.046766882,
1980.572481253, 1.048906258,
1980.592913545, 1.048032675,
1980.613345637, 1.049987744,
1980.633777828, 1.049356693,
1980.654210119, 1.046514155,
1980.674642209, 1.047860117,
1980.695074399, 1.048164201,
1980.715506689, 1.048155595,
1980.735938778, 1.047135712,
1980.756370966, 1.051510050,
1980.776803255, 1.046414152,
1980.797235343, 1.049854941,
1980.817667530, 1.048434804,
1980.838099817, 1.047874508,
1980.858531903, 1.045969997,
1980.878964089, 1.049107954,
1980.899396374, 1.048069836,
1980.919828460, 1.047289948,
1980.940260644, 1.049075726,
1980.960692929, 1.047678149,
1980.981125012, 1.045942214,
1981.042421660, 1.049123172,
1981.062853843, 1.048493431,
1981.083286024, 1.049070166,
1981.103718205, 1.050835704,
1981.124150386, 1.049740797,
1981.144582566, 1.050435375,
1981.165014746, 1.050884357,
1981.185447025, 1.050237181,
1981.205879104, 1.048729139,
1981.226311282, 1.047842166,
1981.246743560, 1.050023708,
1981.267175638, 1.048937404,
1981.287607815, 1.049236864,
1981.308040091, 1.050652215,
1981.328472167, 1.049451794,
1981.348904343, 1.049455059,
1981.369336619, 1.048629496,
1981.389768694, 1.047447560,
1981.410200868, 1.048648182,
1981.430633042, 1.048281132,
1981.451065216, 1.048588086,
1981.471497489, 1.047700587,
1981.594090518, 1.046527383,
1981.614522688, 1.048572140,
1981.634954758, 1.048066095,
1981.655387027, 1.048661457,
1981.675819196, 1.047420324,
1981.696251264, 1.047747983,
1981.716683531, 1.050034560,
1981.737115699, 1.047836792,
1981.757547766, 1.047467294,
1981.777980033, 1.050129673,
1981.798412199, 1.047851651,
1981.818844264, 1.047687224,
1981.839276529, 1.048841137,
1981.859708694, 1.048755790,
1981.880140859, 1.046940455,
1981.900573022, 1.048004711,
1981.921005186, 1.049445107,
1981.941437449, 1.048727385,
1981.961869511, 1.048387026,
1981.982301673, 1.048070081,
1982.002733935, 1.048995268,
1982.023166097, 1.048099978,
1982.043598157, 1.048034878,
1982.064030418, 1.048079783,
1982.084462578, 1.047810288,
1982.104894637, 1.048760939,
1982.125326896, 1.049308351,
1982.145758955, 1.049130782,
1982.166191113, 1.046937800,
1982.186623371, 1.048369939,
1982.207055428, 1.047386982,
1982.227487585, 1.048802649,
1982.247919842, 1.048403548,
1982.268351898, 1.046897068,
1982.288784053, 1.047610443,
1982.309216308, 1.049210590,
1982.329648363, 1.047751218,
1982.350080517, 1.048387598,
1982.370512771, 1.048385676,
1982.390944925, 1.048886812,
1982.411377077, 1.049765028,
1982.431809230, 1.048057956,
1982.452241382, 1.047485504,
1982.472673534, 1.048703920,
1982.513537836, 1.047899460,
1982.533970086, 1.048848395,
1982.554402137, 1.047471706,
1982.574834286, 1.047829189,
1982.595266535, 1.046846499,
1982.615698584, 1.048839854,
1982.636130732, 1.047879527,
1982.656562980, 1.048109635,
1982.676995027, 1.046994594,
1982.697427174, 1.048089551,
1982.717859421, 1.046741992,
1982.738291467, 1.046195555,
1982.758723613, 1.047928055,
1982.779155858, 1.046641129,
1982.799587902, 1.048420385,
1982.820020047, 1.047616190,
1982.840452291, 1.047768969,
1982.860884434, 1.047638398,
1982.881316577, 1.047024741,
1982.901748720, 1.046752765,
1982.922180762, 1.047868235,
1982.942613004, 1.048236286,
1982.983477187, 1.046753580,
1983.003909427, 1.048084964,
1983.024341567, 1.046010808,
1983.044773607, 1.048273455,
1983.065205846, 1.047243135,
1983.085637985, 1.047335973,
1983.106070023, 1.046887417,
1983.126502261, 1.047217605,
1983.146934398, 1.047344818,
1983.167366436, 1.047592720,
1983.187798672, 1.046671774,
1983.208230809, 1.048203406,
1983.228662944, 1.046777222,
1983.249095080, 1.049135423,
1983.269527215, 1.047320281,
1983.289959349, 1.048863696,
1983.310391483, 1.048825888,
1983.330823617, 1.047273249,
1983.351255850, 1.046873729,
1983.371687983, 1.046257149,
1983.392120016, 1.046646527,
1983.412552247, 1.044762364,
1983.432984379, 1.048421079,
1983.473848641, 1.046995143,
1983.494280771, 1.048355538,
1983.514712801, 1.048201567,
1983.535145031, 1.046086835,
1983.555577159, 1.047786388,
1983.576009188, 1.047587399,
1983.596441416, 1.045941469,
1983.616873544, 1.046790060,
1983.637305571, 1.048223864,
1983.657737798, 1.047279212,
1983.678169825, 1.045070769,
1983.698602051, 1.046118616,
1983.719034176, 1.046425158,
1983.739466202, 1.047341532,
1983.759898326, 1.047477380,
1983.780330551, 1.047521427,
1983.800762675, 1.052305762,
1983.821194798, 1.047853282,
1983.841626921, 1.046744901,
1983.862059044, 1.045913703,
1983.882491266, 1.047329120,
1983.902923288, 1.047345989,
1983.923355410, 1.047701858,
1983.943787630, 1.047630865,
1983.964219651, 1.045897469,
1983.984651772, 1.046370078,
1984.005083991, 1.045444886,
1984.025516010, 1.043611411,
1984.045948129, 1.045005418,
1984.066380348, 1.047115318,
1984.086812366, 1.047196413,
1984.107244484, 1.046490313,
1984.127676701, 1.046833748,
1984.148108718, 1.045798929,
1984.168540834, 1.045705852,
1984.188973050, 1.047934742,
1984.209405166, 1.046023069,
1984.229837181, 1.045870445,
1984.250269396, 1.045651337,
1984.270701510, 1.047029560,
1984.291133624, 1.044277498,
1984.311565737, 1.045069153,
1984.331997850, 1.043525130,
1984.352430063, 1.045834391,
1984.372862075, 1.043056703,
1984.393294087, 1.046205250,
1984.413726298, 1.045686379,
1984.475022630, 1.046038226,
1984.495454739, 1.046170723,
1984.515886749, 1.044944101,
1984.536318958, 1.046488121,
1984.556751066, 1.047488502,
1984.577183074, 1.046730487,
1984.597615282, 1.045739539,
1984.618047389, 1.045781399,
1984.638479496, 1.046005616,
1984.679343708, 1.045698877,
1984.699775814, 1.045022190,
1984.720208019, 1.046847154,
1984.740640024, 1.044285526,
1984.761072228, 1.045490966,
1984.781504332, 1.043256605,
1984.801936335, 1.041919070,
1984.822368539, 1.045564596,
1984.842800641, 1.044735851,
1984.863232644, 1.043922401,
1984.883664846, 1.043829909,
1984.904096947, 1.046376017,
1984.985825248, 1.045304284,
1985.006257448, 1.046367084,
1985.026689547, 1.046331466,
1985.047121645, 1.046807640,
1985.067553744, 1.046560848,
1985.087985842, 1.073672316,
1985.108417939, 1.045829367,
1985.128850036, 1.045076695,
1985.149282132, 1.047738193,
1985.169714128, 1.045870937,
1985.190146324, 1.046042012,
1985.210578419, 1.046267784,
1985.231010614, 1.045335908,
1985.251442608, 1.043599783,
1985.271874702, 1.044009341,
1985.292306896, 1.046794992,
1985.312738890, 1.044905362,
1985.333170982, 1.043317950,
1985.353603175, 1.047097985,
1985.374035167, 1.044802998,
1985.455763531, 1.045137688,
1985.476195721, 1.045188927,
1985.496627710, 1.045926053,
1985.517059799, 1.044673070,
1985.537491988, 1.044783184,
1985.557924077, 1.043121385,
1985.578356065, 1.044149536,
1985.598788252, 1.043855377,
1985.619220339, 1.046148014,
1985.639652326, 1.044148761,
1985.660084512, 1.043306387,
1985.680516598, 1.043350875,
1985.700948784, 1.045773702,
1985.721380769, 1.045129270,
1985.741812853, 1.044818230,
1985.762245038, 1.043909195,
1985.782677022, 1.043907331,
1985.803109105, 1.043887899,
1985.823541288, 1.045487247,
1985.843973271, 1.043804808,
1985.864405353, 1.044816129,
1985.946133678, 1.043648631,
1985.966565758, 1.042112986,
1985.986997839, 1.042134942,
1986.007429918, 1.042571711,
1986.027861997, 1.043904424,
1986.048294076, 1.044835965,
1986.068726254, 1.046679718,
1986.089158232, 1.042977654,
1986.109590309, 1.041857551,
1986.130022486, 1.042347483,
1986.150454463, 1.042267534,
1986.170886639, 1.042134974,
1986.191318715, 1.042558854,
1986.211750691, 1.044159734,
1986.232182866, 1.043027662,
1986.252614940, 1.043786528,
1986.273046915, 1.043049707,
1986.293479088, 1.043230612,
1986.313911162, 1.044672863,
1986.334343135, 1.041650889,
1986.354775307, 1.041203719,
1986.375207380, 1.041132097,
1986.395639451, 1.042525745,
1986.416071523, 1.041728119,
1986.436503594, 1.039327340,
1986.456935664, 1.043605733,
1986.477367735, 1.041941870,
1986.497799805, 1.042906694,
1986.518231874, 1.039504957,
1986.538664043, 1.041505833,
1986.559096012, 1.042428748,
1986.579528080, 1.035433856,
1986.599960148, 1.035955490,
1986.681688415, 1.042779652,
1986.702120581, 1.041740877,
1986.722552547, 1.042018524,
1986.742984612, 1.042886958,
1986.763416777, 1.042207300,
1986.783848741, 1.041361313,
1986.804280805, 1.039955826,
1986.824712968, 1.040830150,
1986.845144931, 1.042906338,
1986.865576994, 1.041207508,
1986.926873180, 1.043984912,
1986.947305341, 1.041340167,
1986.967737401, 1.042955161,
1986.988169362, 1.042352663,
1987.008601522, 1.043637168,
1987.029033582, 1.043859362,
1987.049465541, 1.043431387,
1987.069897699, 1.043130240,
1987.090329758, 1.043956749,
1987.110761916, 1.043798698,
1987.172058087, 1.042059932,
1987.192490044, 1.041339176,
1987.212922100, 1.043745019,
1987.233354255, 1.043559928,
1987.253786211, 1.043562732,
1987.274218266, 1.043024033,
1987.294650420, 1.042754131,
1987.315082374, 1.042379705,
1987.335514428, 1.041945881,
1987.355946581, 1.041687710,
1987.376378534, 1.043913076,
1987.396810586, 1.043369299,
1987.417242638, 1.041617893,
1987.437674690, 1.044147071,
1987.458106741, 1.041774141,
1987.478538893, 1.041215093,
1987.498970843, 1.040855132,
1987.519402993, 1.040983191,
1987.539835043, 1.043285827,
1987.560266992, 1.041568577,
1987.580699141, 1.042315915,
1987.601131190, 1.041756713,
1987.662427333, 1.040428850,
1987.682859280, 1.040209202,
1987.703291427, 1.040516790,
1987.723723474, 1.042110440,
1987.744155519, 1.039809570,
1987.764587565, 1.040891869,
1987.785019610, 1.039986610,
1987.805451655, 1.040733534,
1987.825883699, 1.040689980,
1987.846315743, 1.040679081,
1987.907611873, 1.040937231,
1987.928043915, 1.040126446,
1987.948476057, 1.041039075,
1987.968907999, 1.040668414,
1987.989340140, 1.041480118,
1988.009772181, 1.040738411,
1988.030204121, 1.041067272,
1988.050636261, 1.040810262,
1988.071068301, 1.041839684,
1988.091500240, 1.040127750,
1988.111932379, 1.041232876,
1988.132364318, 1.041247019,
1988.152796356, 1.040518773,
1988.173228494, 1.038908925,
1988.193660431, 1.039760224,
1988.214092468, 1.039870741,
1988.234524605, 1.041827887,
1988.254956541, 1.039156296,
1988.275388577, 1.038868149,
1988.295820713, 1.039367535,
1988.316252748, 1.038757151,
1988.397980784, 1.040489335,
1988.418412917, 1.041075233,
1988.438844951, 1.039725071,
1988.459277083, 1.039364226,
1988.479709015, 1.039389782,
1988.500141046, 1.038077248,
1988.520573178, 1.040513381,
1988.541005109, 1.039899113,
1988.561437139, 1.039080075,
1988.581869269, 1.040202139,
1988.643165358, 1.038789676,
1988.663597286, 1.038370788,
1988.684029315, 1.039362679,
1988.704461442, 1.036372884,
1988.724893370, 1.038261970,
1988.745325397, 1.039174955,
1988.765757524, 1.037564511,
1988.786189550, 1.039513519,
1988.806621476, 1.036257387,
1988.827053602, 1.037291409,
1988.908781600, 1.039773115,
1988.929213724, 1.039134994,
1988.949645747, 1.038262672,
1988.970077671, 1.040241580,
1988.990509793, 1.038845294,
1989.010941815, 1.038595912,
1989.031373737, 1.040957634,
1989.051805859, 1.040030261,
1989.072237880, 1.039682135,
1989.092669800, 1.037181267,
1989.113101921, 1.038488884,
1989.133533941, 1.037778345,
1989.153965960, 1.038118304,
1989.174397980, 1.038375124,
1989.194829999, 1.040160793,
1989.215262017, 1.038596822,
1989.235694035, 1.039362331,
1989.256126053, 1.037555186,
1989.276558070, 1.037530920,
1989.378718151, 1.038845877,
1989.399150266, 1.037945015,
1989.419582281, 1.038519501,
1989.440014195, 1.038834143,
1989.460446309, 1.038090123,
1989.480878323, 1.038493909,
1989.501310236, 1.040013429,
1989.521742349, 1.038389600,
1989.542174362, 1.038238811,
1989.562606274, 1.038824989,
1989.583038386, 1.038847600,
1989.603470397, 1.036187761,
1989.623902308, 1.037277691,
1989.644334419, 1.037930017,
1989.664766429, 1.037424487,
1989.685198339, 1.038958061,
1989.705630449, 1.040585179,
1989.726062458, 1.036939397,
1989.746494367, 1.039666694,
1989.766926475, 1.037739465,
1989.787358483, 1.037958196,
1989.869086611, 1.038664046,
1989.889518518, 1.037829823,
1989.909950523, 1.039358702,
1989.930382629, 1.037523694,
1989.950814534, 1.037759463,
1989.971246539, 1.038935848,
1989.991678643, 1.039056550,
1990.012110548, 1.038749446,
1990.032542551, 1.036241930,
1990.052974654, 1.037467156,
1990.073406557, 1.036916556,
1990.093838560, 1.035578894,
1990.114270662, 1.036456604,
1990.134702664, 1.036244293,
1990.155134565, 1.037523046,
1990.175566666, 1.035603574,
1990.195998667, 1.034558450,
1990.216430567, 1.035514411,
1990.236862667, 1.037214125,
1990.277726666, 1.038731647,
1990.298158665, 1.035462633,
1990.359454659, 1.035570902,
1990.379886557, 1.038243679,
1990.400318654, 1.036316939,
1990.441182547, 1.034098674,
1990.461614643, 1.035972080,
1990.482046639, 1.036003305,
1990.502478634, 1.036506485,
1990.522910629, 1.037784959,
1990.543342623, 1.040325109,
1990.604638605, 1.036171758,
1990.625070598, 1.034533706,
1990.645502691, 1.035787407,
1990.665934583, 1.033241033,
1990.686366575, 1.038923913,
1990.706798667, 1.033148365,
1990.727230558, 1.033947544,
1990.747662649, 1.035869607,
1990.768094639, 1.035326226,
1990.788526530, 1.034081971,
1990.849822498, 1.037022275,
1990.870254587, 1.037317863,
1990.890686575, 1.038361656,
1990.911118463, 1.034820873,
1990.931550551, 1.036963873,
1990.951982538, 1.036365217,
1990.972414525, 1.035517349,
1990.992846512, 1.037669742,
1991.013278498, 1.037152263,
1991.033710484, 1.036407363,
1991.054142469, 1.035527276,
1991.074574454, 1.036219223,
1991.095006340, 1.035513551,
1991.115438424, 1.035706687,
1991.135870408, 1.035608094,
1991.156302492, 1.036193429,
1991.176734375, 1.037888496,
1991.197166358, 1.036087090,
1991.217598441, 1.035640789,
1991.238030323, 1.034811575,
1991.258462305, 1.035826498,
1991.278894387, 1.034882461,
1991.340190329, 1.034785531,
1991.360622209, 1.035310832,
1991.381054189, 1.035323947,
1991.401486269, 1.035545308,
1991.421918148, 1.036066627,
1991.442350127, 1.036430261,
1991.462782205, 1.037194412,
1991.503646061, 1.035434853,
1991.524078138, 1.034877763,
1991.544510115, 1.033877454,
1991.564941992, 1.035746130,
1991.585374068, 1.036277241,
1991.605806044, 1.034300682,
1991.626238120, 1.035526202,
1991.646669995, 1.036220896,
1991.667101970, 1.034852362,
1991.687534045, 1.034696268,
1991.707965918, 1.038721322,
1991.728397892, 1.035491967,
1991.748829866, 1.034415368,
1991.769261839, 1.032591969,
1991.789693812, 1.034529391,
1991.810125784, 1.036325491,
1991.830557756, 1.035970788,
1991.850989728, 1.036930001,
1991.871421699, 1.035262046,
1991.891853670, 1.034762563,
1991.912285641, 1.033667091,
1991.932717611, 1.034058691,
1991.953149581, 1.033410868,
1991.973581551, 1.036882203,
1992.075741393, 1.034687862,
1992.096173461, 1.033843895,
1992.116605428, 1.035520925,
1992.137037295, 1.034552010,
1992.157469362, 1.034881267,
1992.177901328, 1.035422639,
1992.198333194, 1.033591340,
1992.218765259, 1.034887799,
1992.239197224, 1.032905762,
1992.300493117, 1.034225390,
1992.320925081, 1.034780165,
1992.341357044, 1.034349473,
1992.361789007, 1.034624857,
1992.382220970, 1.034171018,
1992.402652932, 1.034052731,
1992.423084894, 1.035050956,
1992.443516956, 1.035684620,
1992.463948917, 1.035508079,
1992.484380778, 1.031914503,
1992.504812839, 1.035536752,
1992.525244699, 1.034899954,
1992.545676659, 1.034131519,
1992.566108718, 1.033596673,
1992.586540578, 1.032904982,
1992.606972536, 1.033518795,
1992.647836453, 1.032518391,
1992.668268411, 1.034851064,
1992.688700468, 1.032081701,
1992.709132326, 1.033621318,
1992.729564283, 1.033643045,
1992.749996339, 1.033412622,
1992.811292206, 1.035207679,
1992.831724161, 1.034703580,
1992.852156116, 1.034637860,
1992.872588070, 1.034604314,
1992.893020025, 1.035696389,
1992.913451978, 1.036154732,
1992.933883932, 1.033943586,
1992.954315885, 1.035637256,
1992.974747938, 1.034895660,
1992.995179790, 1.034160174,
1993.015611742, 1.034865161,
1993.036043794, 1.033869830,
1993.056475645, 1.033378585,
1993.076907596, 1.031240955,
1993.097339647, 1.034051189,
1993.117771497, 1.034590147,
1993.138203447, 1.035547986,
1993.158635497, 1.034289379,
1993.179067346, 1.035120175,
1993.199499295, 1.035115710,
1993.219931344, 1.035644269,
1993.240363192, 1.031599637,
1993.301659035, 1.034597696,
1993.322091082, 1.032856069,
1993.342523028, 1.036231766,
1993.362954875, 1.033498407,
1993.383386921, 1.033421930,
1993.403818866, 1.033700327,
1993.424250712, 1.032758389,
1993.444682756, 1.034013880,
1993.465114701, 1.033521272,
1993.485546545, 1.034186214,
1993.546842376, 1.032599899,
1993.567274419, 1.034046707,
1993.587706362, 1.033407604,
1993.608138204, 1.035030536,
1993.628570246, 1.033327790,
1993.649002187, 1.032497515,
1993.669434229, 1.033003828,
1993.689866069, 1.033576379,
1993.710298010, 1.033721447,
1993.730730050, 1.033172894,
1993.751161890, 1.033286104,
1993.771593830, 1.034191279,
1993.792025869, 1.033433963,
1993.812457808, 1.033953735,
1993.832889646, 1.033600632,
1993.853321685, 1.032283954,
1993.873753623, 1.033667614,
1993.894185460, 1.033865384,
1993.914617498, 1.032049320,
1993.935049434, 1.034594386,
1993.955481271, 1.034770307,
1994.037209114, 1.033825195,
1994.057640949, 1.032014007,
1994.078072984, 1.032375109,
1994.098504918, 1.032986161,
1994.118936752, 1.033796079,
1994.139368786, 1.033337562,
1994.159800719, 1.032842898,
1994.180232652, 1.032227767,
1994.200664584, 1.033585837,
1994.221096517, 1.032331592,
1994.282392312, 1.033930244,
1994.302824243, 1.032991152,
1994.323256173, 1.032341933,
1994.343688104, 1.033157968,
1994.364120034, 1.032075231,
1994.384552063, 1.034046134,
1994.404983893, 1.034987273,
1994.425415822, 1.034210906,
1994.445847850, 1.032202727,
1994.466279679, 1.032601339,
1994.486711707, 1.032230088,
1994.507143634, 1.031467853,
1994.527575462, 1.034786246,
1994.548007489, 1.030839838,
1994.568439416, 1.031911499,
1994.588871242, 1.030188007,
1994.609303268, 1.033647416,
1994.629735194, 1.029454663,
1994.650167119, 1.029996353,
1994.670599045, 1.031110909,
1994.691030969, 1.032788983,
1994.711462794, 1.031398420,
1994.772758565, 1.034432382,
1994.793190588, 1.033499978,
1994.813622511, 1.034017184,
1994.834054334, 1.032940582,
1994.854486356, 1.032210440,
1994.874918278, 1.035531597,
1994.895350299, 1.034137439,
1994.915782121, 1.034648743,
1994.936214041, 1.033809842,
1995.017941822, 1.032353780,
1995.038373641, 1.032943704,
1995.058805560, 1.032385917,
1995.099669397, 1.033598102,
1995.120101315, 1.033313779,
1995.140533333, 1.032140927,
1995.160965150, 1.030243177,
1995.181397067, 1.031317619,
1995.201829084, 1.033804119,
1995.263124832, 1.032056432,
1995.283556748, 1.031859456,
1995.303988663, 1.032989748,
1995.324420578, 1.032979871,
1995.344852492, 1.032792071,
1995.365284406, 1.032701883,
1995.385716320, 1.034834961,
1995.406148234, 1.032967888,
1995.426580147, 1.030458777,
1995.447012060, 1.031621137,
1995.467443972, 1.033225274,
1995.487875885, 1.033175548,
1995.508307797, 1.032018028,
1995.528739608, 1.031070561,
1995.549171620, 1.032220647,
1995.569603531, 1.033189352,
1995.590035441, 1.035127508,
1995.610467352, 1.033106344,
1995.630899262, 1.033003699,
1995.651331172, 1.034136037,
1995.671763081, 1.034243037,
1995.753490715, 1.031909567,
1995.773922723, 1.033092079,
1995.794354631, 1.031719341,
1995.814786438, 1.031800825,
1995.835218445, 1.034932248,
1995.855650352, 1.032226888,
1995.876082158, 1.028918661,
1995.896514164, 1.030340027,
1995.916946070, 1.032229180,
1995.937377875, 1.029904878,
1995.998673589, 1.031772717,
1996.019105593, 1.032061887,
1996.039537497, 1.032556243,
1996.059969400, 1.030099541,
1996.080401304, 1.033147977,
1996.100833206, 1.031829005,
1996.121265109, 1.031706962,
1996.141697011, 1.032234194,
1996.162128913, 1.031272323,
1996.182560815, 1.032407673,
1996.202992716, 1.032261510,
1996.223424617, 1.032090323,
1996.243856618, 1.031007944,
1996.264288418, 1.031429765,
1996.284720318, 1.031316812,
1996.305152318, 1.029796237,
1996.325584117, 1.031960317,
1996.346016016, 1.030237251,
1996.366448015, 1.030252573,
1996.407311712, 1.037509700,
1996.489039401, 1.031541783,
1996.509471198, 1.030374276,
1996.529903194, 1.030444588,
1996.550335090, 1.029542634,
1996.570766986, 1.028710791,
1996.591198882, 1.026776617,
1996.611630777, 1.029798448,
1996.632062671, 1.027924690,
1996.652494566, 1.033239697,
1996.672926460, 1.033854710,
1996.734222141, 1.032095241,
1996.754654034, 1.031166125,
1996.775086026, 1.031842734,
1996.795517819, 1.031130976,
1996.815949711, 1.031867620,
1996.836381703, 1.031319155,
1996.856813494, 1.031530367,
1996.877245385, 1.032274359,
1996.897677276, 1.032646650,
1996.918109167, 1.033736699,
1996.979404836, 1.030197577,
1996.999836826, 1.031010258,
1997.020268615, 1.031516205,
1997.040700503, 1.031993348,
1997.061132492, 1.032437667,
1997.101996168, 1.032276630,
1997.122428155, 1.031653304,
1997.142860043, 1.028261328,
1997.163291829, 1.030137543,
1997.224587488, 1.030658725,
1997.245019474, 1.031440119,
1997.265451359, 1.030743532,
1997.285883145, 1.030406186,
1997.306315129, 1.030705362,
1997.326747014, 1.030705342,
1997.347178998, 1.032552803,
1997.367610782, 1.031022291,
1997.388042665, 1.031681515,
1997.408474649, 1.030315138,
1997.428906432, 1.031866243,
1997.449338315, 1.032264849,
1997.469770297, 1.031674522,
1997.490202079, 1.030415599,
1997.510633961, 1.034639886,
1997.531065942, 1.030846656,
1997.551497824, 1.028569460,
1997.571929605, 1.032380159,
1997.592361585, 1.031300019,
1997.612793365, 1.032431442,
1997.633225245, 1.030479351,
1997.714952863, 1.030769285,
1997.735384641, 1.031245966,
1997.755816619, 1.031774703,
1997.776248497, 1.030265961,
1997.796680275, 1.030458006,
1997.817112252, 1.030571336,
1997.837544129, 1.031487051,
1997.857975906, 1.033337049,
1997.878407882, 1.030912225,
1997.960135385, 1.030899645,
1997.980567261, 1.031764265,
1998.000999135, 1.030408614,
1998.021431009, 1.030903321,
1998.041862884, 1.030781646,
1998.062294858, 1.032132335,
1998.082726631, 1.032313868,
1998.103158604, 1.030162984,
1998.123590477, 1.029112089,
1998.144022250, 1.031218693,
1998.164454222, 1.027477955,
1998.184886094, 1.028137018,
1998.205317866, 1.031461798,
1998.225749837, 1.032472357,
1998.246181709, 1.030052115,
1998.266613480, 1.028924659,
1998.287045450, 1.030206928,
1998.307477320, 1.030771507,
1998.348341060, 1.030320367,
1998.368772830, 1.029116082,
1998.389204799, 1.029464579,
1998.450500305, 1.028768548,
1998.470932273, 1.029467478,
1998.491364140, 1.030386968,
1998.511796008, 1.029657948,
1998.532227875, 1.030456745,
1998.552659742, 1.028714774,
1998.573091708, 1.030263896,
1998.593523475, 1.028676702,
1998.613955341, 1.028123645,
1998.634387306, 1.028131282,
1998.695682902, 1.030977213,
1998.716114666, 1.031526380,
1998.736546530, 1.032020136,
1998.756978494, 1.030475260,
1998.777410258, 1.030248205,
1998.797842122, 1.031639501,
1998.818274085, 1.031717449,
1998.838705847, 1.031205084,
1998.859137710, 1.030987843,
1998.879569672, 1.031953401,
1998.900001534, 1.032229356,
1998.920433396, 1.031365582,
1998.940865257, 1.031938636,
1998.961297118, 1.030077921,
1998.981728979, 1.030666949,
1999.002160840, 1.029410947,
1999.022592700, 1.030925295,
1999.043024660, 1.030240322,
1999.063456420, 1.031451286,
1999.083888279, 1.031784719,
1999.104320138, 1.028792347,
1999.124751997, 1.032051067,
1999.186047572, 1.031137726,
1999.206479330, 1.030811430,
1999.226911287, 1.029553370,
1999.247343144, 1.030989436,
1999.267775101, 1.029117130,
1999.288206858, 1.029503549,
1999.308638714, 1.029795513,
1999.329070670, 1.030459557,
1999.349502426, 1.030906476,
1999.369934281, 1.030478533,
1999.390366236, 1.030781433,
1999.410798091, 1.029131178,
1999.431229846, 1.030397833,
1999.451661800, 1.032961187,
1999.472093654, 1.029622013,
1999.492525408, 1.032554086,
1999.512957362, 1.029812943,
1999.533389215, 1.028085694,
1999.553820968, 1.030359812,
1999.574252920, 1.032232464,
1999.594684773, 1.030597813,
1999.615116525, 1.033699454,
1999.676412279, 1.030382188,
1999.696844031, 1.029941771,
1999.717275881, 1.028452068,
1999.737707832, 1.029358069,
1999.758139582, 1.029103064,
1999.778571432, 1.029299856,
1999.799003381, 1.031706535,
1999.819435131, 1.031877738,
1999.839866980, 1.032700079,
1999.921594373, 1.028534825,
1999.942026221, 1.029279668,
1999.962458068, 1.031108388,
1999.982890015, 1.029397882,
2000.003321762, 1.027992444,
2000.023753709, 1.028608806,
2000.044185555, 1.028664949,
2000.064617301, 1.031119553,
2000.085049247, 1.029333212,
2000.105481092, 1.030489282,
2000.125912838, 1.029670140,
2000.146344783, 1.029204754,
2000.166776627, 1.029430003,
2000.187208372, 1.029253606,
2000.207640316, 1.029192609,
2000.228072160, 1.029320188,
2000.248504003, 1.030522208,
2000.268935846, 1.027441522,
2000.289367690, 1.029866445,
2000.309799532, 1.027956831,
2000.330231375, 1.029414198,
2000.350663217, 1.031641793,
2000.411958742, 1.030141788,
2000.432390683, 1.029993784,
2000.452822524, 1.029967854,
2000.473254265, 1.027126795,
2000.493686205, 1.028703449,
2000.514118045, 1.030768695,
2000.534549785, 1.029958539,
2000.554981724, 1.029435637,
2000.575413563, 1.027529787,
2000.595845303, 1.027128546,
2000.636708980, 1.030648723,
2000.657140818, 1.030150145,
2000.677572756, 1.031680524,
2000.698004493, 1.028780104,
2000.718436331, 1.031197609,
2000.738868268, 1.030689008,
2000.759300005, 1.031879074,
2000.779731941, 1.029889145,
2000.800163778, 1.030621557,
2000.820595613, 1.028456258,
2000.841027449, 1.029904971,
2000.861459285, 1.029017678,
2000.881891120, 1.028547455,
2000.902322955, 1.029711822,
2000.922754790, 1.028802438,
2000.963618558, 1.031371431,
2000.984050292, 1.030730847,
2001.004482126, 1.029296672,
2001.024914059, 1.030995359,
2001.045345792, 1.032767136,
2001.065777625, 1.030737744,
2001.086209558, 1.033528741,
2001.147505054, 1.029743624,
2001.167936785, 1.028925833,
2001.188368716, 1.030455284,
2001.208800548, 1.030783100,
2001.229232378, 1.030303266,
2001.249664209, 1.028553373,
2001.270095939, 1.029124332,
2001.290527869, 1.030648918,
2001.310959698, 1.027676234,
2001.331391528, 1.028933094,
2001.351823257, 1.028288895,
2001.372255186, 1.029484116,
2001.392687015, 1.028366106,
2001.413118743, 1.031561883,
2001.433550671, 1.029522746,
2001.453982499, 1.029886451,
2001.474414226, 1.030636165,
2001.494846154, 1.030139605,
2001.515277981, 1.030805883,
2001.535709908, 1.030028513,
2001.556141634, 1.029549080,
2001.576573460, 1.028900827,
2001.637868938, 1.030306306,
2001.658300863, 1.028706499,
2001.678732588, 1.029577163,
2001.699164413, 1.028199205,
2001.719596337, 1.027213362,
2001.740028062, 1.030181815,
2001.760459886, 1.028702708,
2001.780891809, 1.027203855,
2001.801323633, 1.027737424,
2001.821755356, 1.028408278,
2001.842187279, 1.029621980,
2001.862619101, 1.028474563,
2001.883051024, 1.029733693,
2001.903482746, 1.029551112,
2001.923914568, 1.027399490,
2001.944346490, 1.028007244,
2001.964778211, 1.028818668,
2001.985210032, 1.029454648,
2002.005641853, 1.028889559,
2002.026073674, 1.029069261,
2002.046505494, 1.030083515,
2002.066937314, 1.029806767,
2002.128232773, 1.029961111,
2002.148664592, 1.027350465,
2002.169096411, 1.028335775,
2002.189528229, 1.027884362,
2002.209960048, 1.028898765,
2002.230391966, 1.027814999,
2002.250823684, 1.028021923,
2002.271255501, 1.027774228,
2002.291687419, 1.029439173,
2002.312119236, 1.027291987,
2002.332550952, 1.026871079,
2002.352982869, 1.028043160,
2002.373414685, 1.026226265,
2002.393846401, 1.028315528,
2002.414278317, 1.028995302,
2002.434710133, 1.026721626,
2002.455141848, 1.027328691,
2002.475573763, 1.028132451,
2002.496005578, 1.027337245,
2002.516437293, 1.025673728,
2002.536869207, 1.026813397,
2002.557301021, 1.027422691,
2002.639028374, 1.028046836,
2002.679891900, 1.029662080,
2002.700323812, 1.026566301,
2002.720755524, 1.028122785,
2002.741187336, 1.027951054,
2002.761619148, 1.028380886,
2002.782050959, 1.026892792,
2002.802482770, 1.028847127,
2002.822914681, 1.027805508,
2002.843346391, 1.028546193,
2002.863778202, 1.027327335,
2002.884210112, 1.026035068,
2002.904641822, 1.029015163,
2002.925073631, 1.028620972,
2002.945505540, 1.026201544,
2002.965937250, 1.028626860,
2002.986369159, 1.024607528,
2003.006800967, 1.026353468,
2003.027232676, 1.028148127,
2003.129391813, 1.027901431,
2003.149823620, 1.024702641,
2003.170255427, 1.026714204,
2003.190687233, 1.027578512,
2003.211119040, 1.028621265,
2003.231550846, 1.026917471,
2003.251982651, 1.027998235,
2003.272414457, 1.027343485,
2003.292846362, 1.025820041,
2003.313278067, 1.025635362,
2003.333709971, 1.026621720,
2003.354141776, 1.026208797,
2003.374573480, 1.027695511,
2003.395005384, 1.026249978,
2003.415437188, 1.025588891,
2003.435868891, 1.027286866,
2003.456300795, 1.027159759,
2003.476732498, 1.028700488,
2003.497164300, 1.026654735,
2003.517596203, 1.023619545,
2003.599323310, 1.025250514,
2003.619755112, 1.027376050,
2003.640187013, 1.027777131,
2003.660618814, 1.027404618,
2003.681050614, 1.035397529,
2003.701482415, 1.025934019,
2003.721914215, 1.026520088,
2003.742346015, 1.024118473,
2003.762777814, 1.027055742,
2003.783209614, 1.026527483,
2003.803641513, 1.026982755,
2003.824073212, 1.025123846,
2003.844505010, 1.025754285,
2003.864936909, 1.025649944,
2003.885368607, 1.028105844,
2003.905800405, 1.025938569,
2003.926232303, 1.026081474,
2003.946664000, 1.024960984,
2003.967095798, 1.024871790,
2003.987527695, 1.027102413,
2004.089686676, 1.025147435,
2004.110118472, 1.040451379,
2004.130550267, 1.024304512,
2004.150982062, 1.027041034,
2004.171413857, 1.025820403,
2004.191845652, 1.026945180,
2004.212277446, 1.025417835,
2004.232709241, 1.025580207,
2004.253140935, 1.024537631,
2004.273572828, 1.026565788,
2004.294004622, 1.024822631,
2004.314436315, 1.024418999,
2004.334868208, 1.023780182,
2004.355300001, 1.026304206,
2004.375731894, 1.024309595,
2004.396163586, 1.025455545,
2004.416595378, 1.022238681,
2004.437027270, 1.025931610,
2004.457458962, 1.025119131,
2004.477890753, 1.027176302,
2004.498322644, 1.029864460,
2004.518754335, 1.035073217,
2004.580049707, 1.023426242,
2004.600481497, 1.025235188,
2004.620913386, 1.025653648,
2004.641345176, 1.025534065,
2004.661776865, 1.025577102,
2004.682208754, 1.025063727,
2004.702640543, 1.022932752,
2004.723072332, 1.025070689,
2004.743504120, 1.025881770,
2004.763935908, 1.026280415,
2004.825231272, 1.023032160,
2004.845663059, 1.026071155,
2004.866094846, 1.023990768,
2004.886526633, 1.026075178,
2004.906958419, 1.025762754,
2004.927390206, 1.024327419,
2004.947821992, 1.024009245,
2004.968253778, 1.027070197,
2004.988685564, 1.025073438,
2005.009117349, 1.023731050,
2005.029549134, 1.024838925,
2005.049980919, 1.024036638,
2005.070412804, 1.024391720,
2005.090844489, 1.025051497,
2005.111276273, 1.026245204,
2005.131708157, 1.025805070,
2005.152139941, 1.023120961,
2005.172571625, 1.025095271,
2005.193003508, 1.022954769,
2005.213435291, 1.024272279,
2005.233866974, 1.023493229,
2005.254298857, 1.023425785,
2005.295162322, 1.024035359,
2005.315594204, 1.025452799,
2005.336025986, 1.025345974,
2005.356457668, 1.023843931,
2005.376889549, 1.024858797,
2005.397321330, 1.023405264,
2005.417753211, 1.023738187,
2005.438184892, 1.025689171,
2005.458616672, 1.024943361,
2005.479048553, 1.025073409,
2005.499480233, 1.022147378,
2005.519912013, 1.023675511,
2005.540343892, 1.022307449,
2005.560775572, 1.023451653,
2005.581207351, 1.023785094,
2005.601639230, 1.022189687,
2005.622070909, 1.025286576,
2005.642502687, 1.021410261,
2005.662934466, 1.023844196,
2005.683366244, 1.022070132,
2005.703798022, 1.023695265,
2005.724229899, 1.024170537,
2005.744661577, 1.024759610,
2005.805956908, 1.021539182,
2005.826388784, 1.024659523,
2005.846820561, 1.023764198,
2005.867252237, 1.021980375,
2005.887684113, 1.023334739,
2005.908115888, 1.024101732,
2005.928547564, 1.022450313,
2005.948979439, 1.024769166,
2005.969411214, 1.022516339,
2005.989842989, 1.022127617,
2006.010274763, 1.020719797,
2006.030706538, 1.022339762,
2006.051138312, 1.022349226,
2006.071570086, 1.022442903,
2006.092001860, 1.022029523,
2006.112433733, 1.021407980,
2006.132865407, 1.022326463,
2006.153297180, 1.021722766,
2006.173729053, 1.020616722,
2006.194160825, 1.021750196,
2006.214592498, 1.022823276,
2006.235024370, 1.022255468,
2006.255456142, 1.022008828,
2006.275887814, 1.021092609,
2006.296319685, 1.021605967,
2006.316751457, 1.020729831,
2006.337183128, 1.019621818,
2006.357614999, 1.023811002,
2006.378046670, 1.019251816,
2006.398478440, 1.020100368,
2006.418910310, 1.022957383,
2006.439341981, 1.021984891,
2006.459773851, 1.023335866,
2006.480205620, 1.028232690,
2006.541500928, 1.021153225,
2006.561932697, 1.022003289,
2006.582364465, 1.021619661,
2006.602796234, 1.021441132,
2006.623228002, 1.021041038,
2006.643659870, 1.022678266,
2006.664091538, 1.021217766,
2006.684523305, 1.020235057,
2006.704955173, 1.022789310,
2006.725386840, 1.021458135,
2006.745818607, 1.020933459,
2006.766250474, 1.023097966,
2006.786682140, 1.020668907,
2006.807114006, 1.019690209,
2006.827545772, 1.021086538,
2006.847977438, 1.021793901,
2006.868409304, 1.021876411,
2006.888841070, 1.022244560,
2006.909272735, 1.019275157,
2006.929704600, 1.022617627,
2006.950136365, 1.021051312,
2007.031863422, 1.019672246,
2007.052295186, 1.021469474,
2007.072726950, 1.020683070,
2007.093158713, 1.020402873,
2007.113590476, 1.019850920,
2007.134022239, 1.020358569,
2007.154454002, 1.020939113,
2007.174885765, 1.019820422,
2007.195317527, 1.021491653,
2007.215749389, 1.022173539,
2007.236181051, 1.021884414,
2007.256612813, 1.020974538,
2007.277044674, 1.020294297,
2007.297476336, 1.022028527,
2007.317908097, 1.020591052,
2007.338339958, 1.020155173,
2007.358771619, 1.020221873,
2007.379203379, 1.018136590,
2007.399635240, 1.022654487,
2007.420066900, 1.020593614,
2007.440498760, 1.020068943,
2007.522225797, 1.021000224,
2007.542657556, 1.019556404,
2007.563089315, 1.020008428,
2007.583521074, 1.020684693,
2007.603952832, 1.022541865,
2007.624384690, 1.020876466,
2007.644816348, 1.020219967,
2007.665248106, 1.019816029,
2007.685679963, 1.020319960,
2007.706111621, 1.019579211,
2007.726543378, 1.020367977,
2007.746975135, 1.020752421,
2007.767406891, 1.021545509,
2007.787838748, 1.019967151,
2007.808270504, 1.019251836,
2007.828702160, 1.019900138,
2007.849134016, 1.017686511,
2007.869565672, 1.019682514,
2007.889997428, 1.019940109,
2007.910429283, 1.019015283,
2007.930860938, 1.017760737,
2007.951292693, 1.018138688,
2007.971724548, 1.019897806,
2007.992156202, 1.019494864,
2008.012587957, 1.016911910,
2008.033019811, 1.019776075,
2008.053451565, 1.021075908,
2008.073883219, 1.017436429,
2008.094315072, 1.017985139,
2008.114746826, 1.021452206,
2008.135178579, 1.017120508,
2008.155610332, 1.017945539,
2008.176042084, 1.019005410,
2008.257769193, 1.019037300,
2008.278200845, 1.018521077,
2008.298632597, 1.017845969,
2008.319064448, 1.019114830,
2008.339496100, 1.018723464,
2008.359927851, 1.018914230,
2008.380359701, 1.017736979,
2008.400791352, 1.018008556,
2008.421223103, 1.019656291,
2008.441654953, 1.018944835,
2008.523381952, 1.017809365,
2008.543813701, 1.019298255,
2008.564245450, 1.019734891,
2008.584677099, 1.019070396,
2008.605108948, 1.019228756,
2008.625540697, 1.017999714,
2008.645972345, 1.019277095,
2008.666404193, 1.018832763,
2008.686835941, 1.017663305,
2008.707267589, 1.017356407,
2008.727699436, 1.017463584,
2008.748131184, 1.018353113,
2008.768563031, 1.019985055,
2008.788994678, 1.017160433,
2008.809426425, 1.019248429,
2008.829858271, 1.018370818,
2008.850289918, 1.019392819,
2008.870721664, 1.018240844,
2008.891153510, 1.019339241,
2008.911585156, 1.018690151,
2008.932016902, 1.017746632,
2008.952448747, 1.018507829,
2008.972880393, 1.018817310,
2008.993312138, 1.016604173,
2009.013743983, 1.018055303,
2009.034175727, 1.018818121,
2009.054607372, 1.018898564,
2009.075039216, 1.019997194,
2009.095470961, 1.016279443,
2009.115902705, 1.015978479,
2009.136334448, 1.017319098,
2009.156766192, 1.017590630,
2009.238493165, 1.016430602,
2009.258924907, 1.017835810,
2009.279356550, 1.016655011,
2009.299788392, 1.017823645,
2009.320220134, 1.017976886,
2009.340651776, 1.018262231,
2009.361083618, 1.017694371,
2009.381515360, 1.018127018,
2009.401947201, 1.019477846,
2009.422378843, 1.018599875,
2009.442810584, 1.017950085,
2009.463242425, 1.017354244,
2009.483674065, 1.015740562,
2009.504105806, 1.017734482,
2009.524537646, 1.017602559,
2009.544969386, 1.017110075,
2009.565401026, 1.016308050,
2009.585832866, 1.016648558,
2009.606264606, 1.017104508,
2009.626696245, 1.016854995,
2009.647128084, 1.018026300,
2009.667559823, 1.015895003,
2009.687991462, 1.017016501,
2009.708423301, 1.016860425,
2009.728855039, 1.017366308,
2009.749286878, 1.017740400,
2009.769718516, 1.015352142,
2009.790150254, 1.017833469,
2009.810582092, 1.017043813,
2009.831013729, 1.018637177,
2009.851445467, 1.016309957,
2009.871877204, 1.017359136,
2009.892308941, 1.017292545,
2009.974035888, 1.016740626,
2009.994467624, 1.017017179,
2010.014899360, 1.015472464,
2010.035331096, 1.016417423,
2010.055762832, 1.016124236,
2010.076194567, 1.016440187,
2010.096626402, 1.015903106,
2010.117058137, 1.016139904,
2010.137489772, 1.015736222,
2010.157921607, 1.014975909,
2010.178353342, 1.015851362,
2010.198784976, 1.015067879,
2010.219216810, 1.014095033,
2010.239648544, 1.015462368,
2010.260080179, 1.014919663,
2010.280512012, 1.014335240,
2010.300943746, 1.015459383,
2010.321375379, 1.015006115,
2010.341807212, 1.014652492,
2010.362238945, 1.015580347,
2010.382670778, 1.018199424,
2010.403102411, 1.014964618,
2010.464397608, 1.015413909,
2010.484829340, 1.016346282,
2010.505261172, 1.016257525,
2010.525692903, 1.015588343,
2010.546124535, 1.015462004,
2010.566556366, 1.014788895,
2010.586988097, 1.013955525,
2010.607419728, 1.014153589,
2010.627851559, 1.014166005,
2010.648283290, 1.015274002,
2010.668714920, 1.015587604,
2010.689146751, 1.016756140,
2010.709578381, 1.014499165,
2010.730010211, 1.016454212,
2010.750441941, 1.015486529,
2010.770873570, 1.014631927,
2010.791305399, 1.014708484,
2010.811737129, 1.014562623,
2010.832168758, 1.015461870,
2010.852600587, 1.013888435,
2010.873032316, 1.012649732,
2010.893463944, 1.012706977,
2010.913895773, 1.013279994,
2010.934327501, 1.013659041,
2010.954759229, 1.015361622,
2010.975190957, 1.013971723,
2010.995622685, 1.015048298,
2011.016054512, 1.014452725,
2011.036486240, 1.012328155,
2011.056917867, 1.014798953,
2011.077349694, 1.015376894,
2011.097781421, 1.014777945,
2011.118213048, 1.012562826,
2011.138644874, 1.013631948,
2011.179508227, 1.014899282,
2011.199940053, 1.015472522,
2011.220371779, 1.014725010,
2011.240803405, 1.013744255,
2011.261235230, 1.015245370,
2011.281666956, 1.015706794,
2011.302098581, 1.014651537,
2011.322530406, 1.012854245,
2011.342962131, 1.013480881,
2011.363393856, 1.013261909,
2011.383825580, 1.012742464,
2011.445120753, 1.012448211,
2011.485984201, 1.012976172,
2011.506415925, 1.015568898,
2011.526847648, 1.013448529,
2011.547279472, 1.014153010,
2011.567711095, 1.012570277,
2011.588142818, 1.014174302,
2011.608574640, 1.014540254,
2011.629006263, 1.012813440,
2011.649438086, 1.013192745,
2011.669869808, 1.014000667,
2011.690301430, 1.014619669,
2011.710733252, 1.012466053,
2011.731164974, 1.013508358,
2011.751596596, 1.013935861,
2011.772028417, 1.014125748,
2011.792460139, 1.011556288,
2011.812891760, 1.013168517,
2011.833323581, 1.012665029,
2011.853755302, 1.012931568,
2011.874187022, 1.013737045,
2011.894618743, 1.011673013,
2011.915050464, 1.012018007,
2011.935482284, 1.011538269,
2011.955913904, 1.011558228,
2011.976345624, 1.010694197,
2011.996777444, 1.012060355,
2012.017209163, 1.011968313,
2012.037640783, 1.010805166,
2012.058072602, 1.012798676,
2012.078504221, 1.012354150,
2012.098935940, 1.012453111,
2012.119367759, 1.010944171,
2012.139799378, 1.011837744,
2012.160231096, 1.009815320,
2012.180662915, 1.012477559,
2012.201094533, 1.012047138,
2012.221526251, 1.011269034,
2012.241958069, 1.011909595,
2012.262389687, 1.011760555,
2012.282821504, 1.009254894,
2012.303253222, 1.010980772,
2012.323684839, 1.010670819,
2012.344116656, 1.010696222,
2012.364548373, 1.010393439,
2012.425843523, 1.012668514,
2012.446275240, 1.013774915,
2012.466706956, 1.013636698,
2012.487138672, 1.010813987,
2012.507570388, 1.012229253,
2012.528002104, 1.012347955,
2012.548433819, 1.012207522,
2012.568865635, 1.014373285,
2012.589297350, 1.012311434,
2012.609728965, 1.014273528,
2012.630160780, 1.012057141,
2012.650592495, 1.008932036,
2012.671024110, 1.013683971,
2012.691455924, 1.011068172,
2012.711887639, 1.011396903,
2012.732319253, 1.013524577,
2012.752751067, 1.011993232,
2012.773182781, 1.010190922,
2012.793614395, 1.012003365,
2012.814046209, 1.011965567,
2012.834477922, 1.013236752,
2012.854909636, 1.012485257,
2012.916204775, 1.011508996,
2012.936636488, 1.012399741,
2012.957068200, 1.011204056,
2012.977499913, 1.012127030,
2012.997931625, 1.012649766,
2013.018363337, 1.011378969,
2013.038795049, 1.011277190,
2013.059226761, 1.011493093,
2013.079658473, 1.011371271,
2013.100090284, 1.011958306,
2013.120521896, 1.010779303,
2013.140953707, 1.012396841,
2013.161385419, 1.011978324,
2013.181817029, 1.011698320,
2013.222680551, 1.010806029,
2013.243112162, 1.009745675,
2013.263543972, 1.012581443,
2013.283975682, 1.010871681,
2013.304407293, 1.011399880,
2013.324839103, 1.010085439,
2013.345270812, 1.011307466,
2013.365702422, 1.009269478,
2013.386134232, 1.008815197,
2013.406565941, 1.010263728,
2013.426997650, 1.011226134,
2013.447429359, 1.010528135,
2013.467861068, 1.009094581,
2013.488292777, 1.010024970,
2013.508724486, 1.011690940,
2013.529156195, 1.010098483,
2013.549587903, 1.010035063,
2013.570019611, 1.009680558,
2013.590451320, 1.011680523,
2013.610883128, 1.009821992,
2013.631314735, 1.011177315,
2013.651746443, 1.010942854,
2013.672178251, 1.010315429,
2013.692609858, 1.010389215,
2013.713041565, 1.009347986,
2013.733473372, 1.011036162,
2013.753904980, 1.012840274,
2013.774336786, 1.009665909,
2013.794768493, 1.010513432,
2013.815200100, 1.010689023,
2013.835631906, 1.010037053,
2013.896927025, 1.008478940,
2013.917358731, 1.008569519,
2013.937790437, 1.010370496,
2013.958222142, 1.007721980,
2013.978653847, 1.009277875,
2013.999085553, 1.008347380,
2014.019517258, 1.010484646,
2014.039948963, 1.009016594,
2014.060380768, 1.007135953,
2014.080812473, 1.008452560,
2014.101244078, 1.008720362,
2014.121675882, 1.009335691,
2014.142107586, 1.007840381,
2014.162539191, 1.008836938,
2014.182970995, 1.007531738,
2014.203402699, 1.008450220,
2014.223834303, 1.008345847,
2014.244266107, 1.007472908,
2014.264697710, 1.007359187,
2014.285129413, 1.006471776,
2014.305561217, 1.007555563,
2014.325992820, 1.006963548,
2014.346424623, 1.008265341,
2014.366856326, 1.008504559,
2014.387287929, 1.007500993,
2014.407719732, 1.009469714,
2014.428151434, 1.007702942,
2014.448583136, 1.005989376,
2014.469014839, 1.006953947,
2014.489446541, 1.007149459,
2014.509878243, 1.008738174,
2014.530309944, 1.006045364,
2014.550741646, 1.006989124,
2014.571173348, 1.006749215,
2014.591605149, 1.003445235,
2014.612036751, 1.007114022,
2014.632468552, 1.005747436,
2014.652900253, 1.005742491,
2014.673331854, 1.006600047,
2014.693763655, 1.007202976,
2014.714195355, 1.007419543,
2014.734626956, 1.005975723,
2014.755058756, 1.007124542,
2014.775490457, 1.007597743,
2014.795922057, 1.004645982,
2014.816353857, 1.006887011,
2014.877648956, 1.006514396,
2014.898080656, 1.005495346,
2014.918512355, 1.004792709,
2014.938944054, 1.007206229,
2014.959375753, 1.005817156,
2014.979807452, 1.006063570,
2017.860676431, 0.998562952,
2017.881108214, 1.001216773,
2017.901539797, 1.000886194,
2017.921971480, 0.998709883,
2017.942403262, 0.999667543,
2017.962834845, 0.998199961,
2017.983266527, 1.000085133,
2018.003698310, 1.000363392,
2018.024129892, 0.998470649,
2018.044561574, 1.000227669,
2018.064993356, 1.000786707,
2018.085424938, 0.998473009,
2018.105856720, 0.999270335,
2018.126288402, 1.000853770,
2018.146720084, 0.999555582,
2018.167151765, 1.000150285,
2018.187583447, 0.998296374,
2018.208015128, 0.998797157,
2018.228446809, 0.998932635,
2018.248878491, 0.999993985,
2018.269310172, 0.999427888,
2018.289741953, 0.999312871,
2018.310173534, 1.000037493,
2018.330605215, 1.000621299,
2018.351036995, 1.000373873,
2018.371468576, 0.999521645,
2018.391900357, 0.998109487,
2018.412332037, 0.998753529,
2018.432763618, 0.999144757,
2018.453195398, 0.999312012,
2018.473627078, 0.999411910,
2018.494058658, 0.999815042,
2018.514490438, 0.999831691,
2018.534922018, 1.000390858,
2018.555353698, 1.000432365,
2018.575785477, 0.999955905,
2018.596217057, 0.999293899,
2018.616648837, 0.999544878,
2018.637080516, 0.998768084,
2018.657512196, 0.999841942,
2018.677943875, 0.999138734,
2018.698375554, 0.997209350,
2018.718807233, 0.994572864,
2018.739238912, 0.994928212,
2018.800534049, 1.000927543,
2018.820965627, 1.000064501,
2018.841397406, 0.999356293,
2018.861829084, 1.001502335,
2018.882260663, 1.000899554,
2018.902692441, 1.001468429,
2018.923124119, 0.999965463,
2018.943555697, 1.000264240,
2018.963987475, 1.000377837,
2018.984419153, 1.001052609,
2019.004850731, 0.998094956,
2019.025282509, 1.000737689,
2019.045714187, 1.001045979,
2019.066145764, 0.998998350,
2019.086577542, 0.999176500,
2019.107009219, 0.999556254,
2019.127440897, 0.999616268,
2019.147872574, 1.000790985,
2019.168304251, 0.998600124,
2019.188735928, 0.999616522,
2019.209167605, 1.000232575,
2019.229599282, 1.000006140,
2019.250030959, 1.000371733,
2019.270462636, 0.999981824,
2019.290894312, 1.002011043,
2019.311325989, 0.998678227,
2019.331757665, 0.999906721,
2019.352189442, 0.999821090,
2019.372621118, 1.001187300,
2019.393052694, 1.001572493,
2019.413484470, 1.002780604,
2019.433916147, 0.998871061,
2019.454347723, 1.000295175,
2019.474779498, 1.000567377,
2019.495211174, 0.999784277,
2019.515642750, 1.000284637,
2019.536074526, 1.000404606,
2019.556506201, 1.000046442,
2019.576937777, 1.000565880,
2019.597369552, 1.000333591,
2019.617801228, 1.001873993,
2019.638233003, 1.000258333,
2019.658664578, 1.002285507,
2019.679096253, 1.000658895,
2019.699528028, 1.002814580,
2019.719959603, 1.001981355,
2019.781254727, 0.999976190,
2019.801686302, 1.001332184,
2019.822118077, 1.000707729,
2019.842549751, 0.999734455,
2019.862981425, 0.998790810,
2019.883413100, 1.000424617,
2019.903844674, 1.000243135,
2019.924276448, 1.000609668,
2019.944708122, 0.999273785,
2019.965139696, 0.998990217,
2019.985571470, 0.998013389,
2020.006003144, 0.998648836,
2020.026434718, 0.999903122,
2020.046866492, 1.000261685,
2020.067298165, 0.999443339,
2020.087729739, 0.998448104,
2020.108161512, 0.998817431,
2020.128593186, 0.997269068,
2020.149024959, 0.997599309,
2020.169456532, 0.998857497,
2020.189888205, 0.999576960,
2020.210319978, 0.999965480,
2020.230751551, 0.999173288,
2020.251183224, 0.997043765,
2020.271614997, 0.999367388,
2020.292046670, 0.999218195,
2020.312478243, 0.997899144,
2020.332910015, 1.000090970,
2020.353341688, 0.997474513,
2020.373773360, 0.999881545,
2020.394205033, 0.998791835,
2020.414636705, 0.997312267,
2020.435068477, 0.997859613,
2020.455500050, 0.998287477,
2020.475931722, 0.999366173,
2020.496363394, 0.997540578,
2020.516795066, 0.995581726,
2020.537226738, 1.000655436,
2020.557658410, 0.998478675,
2020.578090081, 0.997778174,
2020.618953425, 0.998061941,
2020.639385096, 0.997577050,
2020.659816868, 0.999609312,
2020.680248439, 0.997063702,
2020.700680111, 0.999013394,
2020.721111882, 0.998896919,
2020.741543453, 0.999121914,
2020.761975124, 0.998501182,
2020.782406895, 0.998875446,
2020.802838566, 0.998230951,
2020.823270137, 0.997681155,
2020.843701908, 0.997293006,
2020.864133579, 0.998818676,
2020.884565250, 0.998419834,
2020.904996920, 0.997173176,
2020.925428591, 0.998147817,
2020.945860261, 0.997411944,
2020.966291932, 0.998598879,
2020.986723602, 0.998188617,
2021.007155373, 0.996342469,
2021.027586943, 0.997631930,
2021.048018613, 0.995334089,
2021.068450383, 0.997686982,
2021.088881953, 0.996678218,
2021.109313623, 0.998236221,
2021.129745393, 0.997188925,
2021.150176963, 0.998222493,
2021.170608733, 0.996873952,
2021.191040403, 0.996650988,
2021.211471972, 0.995953843,
2021.231903742, 0.997128195,
2021.252335411, 0.996846134,
2021.272766981, 0.997357644,
2021.293198750, 0.997177428,
2021.313630320, 0.996058411,
2021.334061989, 0.996854900,
2021.354493758, 0.997037010,
2021.374925427, 0.996959875,
2021.395357096, 0.996745782,
2021.415788766, 0.997324867,
2021.436220434, 0.996132826,
2021.456652103, 0.998780615,
2021.477083772, 0.996913204,
2021.497515441, 0.998658318,
2021.517947210, 0.997941825,
2021.538378778, 0.999650119,
2021.558810447, 0.997796214,
2021.579242216, 0.998503583,
2021.599673784, 0.996833097,
2021.620105552, 0.997566531,
2021.640537221, 0.997021847,
2021.660968789, 0.997781114,
2021.681400557, 0.997472420,
2021.722263794, 0.996017138,
2021.742695562, 0.996519094,
2021.763127230, 0.996362807,
2021.783558798, 0.997987453,
2021.803990566, 0.999474932,
2021.824422233, 0.996904790,
2021.844853901, 0.997587057,
2021.865285569, 0.996019036,
2021.885717237, 0.996226091,
2021.906148904, 0.997085169,
2021.926580572, 0.995267859,
2021.947012239, 0.995900388,
2021.967443907, 0.995363035,
2021.987875574, 0.995195503,
2022.008307241, 0.996060156,
2022.028739009, 0.995093268,
2022.049170576, 0.994296413,
2022.069602243, 0.995680240,
2022.090034010, 0.996053568,
2022.110465577, 0.995278191,
2022.130897344, 0.995803561,
2022.151329011, 0.994576185,
2022.171760578, 0.995644754,
2022.192192344, 0.995319857,
2022.212624011, 0.994163679,
2022.233055578, 0.994773491,
2022.253487345, 0.996204294,
2022.273919011, 0.993969924,
2022.294350578, 0.995187561,
2022.314782344, 0.995971442,
2022.335214011, 0.995424160,
2022.355645777, 0.997305843,
2022.376077343, 0.994462177,
2022.396509010, 0.993384482,
2022.416940776, 0.996129588,
2022.478235774, 0.993198699,
2022.498667440, 0.995376581,
2022.519099006, 0.995220333,
2022.539530772, 0.994928777,
2022.559962438, 0.993605816,
2022.580394004, 0.993725342,
2022.600825769, 0.994375926,
2022.621257435, 0.994860212,
2022.641689101, 0.993980434,
2022.662120766, 0.995232870,
2022.682552332, 0.994367660,
2022.702984097, 0.995954707,
2022.723415763, 0.996532447,
2022.743847328, 0.998636953,
2022.764279094, 0.995309474,
2022.784710759, 0.993586766,
2022.805142324, 0.993947936,
2022.825574089, 0.991489513,
2022.846005755, 0.994294521,
2022.866437520, 0.994686052,
2022.886869085, 0.995652767,
2022.907300750, 0.993551194,
2022.927732515, 0.993720761,
2022.948164080, 0.994326481,
2022.968595745, 0.994122127,
2022.989027509, 0.993920966,
2023.009459174, 0.993162961,
2023.029890739, 0.994404877,
2023.050322504, 0.993585311,
2023.070754168, 0.993219526,
2023.091185833, 0.994682784,
2023.111617497, 0.992121634,
2023.132049162, 0.990321661,
2023.152480926, 0.993107809,
2023.193344155, 0.992857684,
2023.213775920, 0.992465895,
2023.234207484, 0.993543187,
2023.254639148, 0.993111028,
2023.275070912, 0.994178421,
2023.295502476, 0.993533830,
2023.315934141, 0.991977048,
2023.336365905, 0.993037909,
2023.356797469, 0.993259224,
2023.377229233, 0.993056176,
2023.397660797, 0.995144656,
2023.438524224, 0.994246915,
2023.458955788, 0.993698685,
2023.479387452, 0.994343697,
2023.499819216, 0.993384590,
2023.520250880, 0.993965122,
2023.540682443, 0.993756971,
2023.561114207, 0.993330050,
2023.581545870, 0.992486525,
2023.601977534, 0.993915268,
2023.622409197, 0.994072098,
2023.642840861, 0.995357646,
2023.724567614, 0.990016491,
2023.744999177, 0.991401425,
2023.765430841, 0.992913591,
2023.785862604, 0.991587632,
2023.806294167, 0.991827419,
2023.826725930, 0.993361720,
2023.847157593, 0.992272526,
2023.867589156, 0.990957466,
2023.888020919, 0.992351192,
2023.908452582, 0.992176300,
2023.928884145, 0.990974279,
2023.949315908, 0.989703755,
2023.969747571, 0.992293406,
2023.990179234, 0.990862044,
2024.010610896, 0.987835802,
2024.031042559, 0.990529719,
2024.051474222, 0.991970760,
2024.071905884, 0.991117157,
2024.092337547, 0.991623580,
2024.112769209, 0.992534575,
2024.133200872, 0.989756789,
2024.174064197, 0.990542052,
2024.194495859, 0.990347624,
2024.214927522, 0.991918006,
2024.235359284, 0.991151006,
2024.255790847, 0.989423396,
2024.276222609, 0.991196840,
2024.296654271, 0.991073161,
2024.317085833, 0.990840569,
2024.337517596, 0.990183189,
2024.357949258, 0.991329516,
2024.378380820, 0.989567015,
2024.419244244, 0.990046748,
2024.439675806, 0.990704497,
2024.460107568, 0.990165015,
2024.480539230, 0.990333196,
2024.500970992, 0.989972309,
2024.521402554, 0.988173200,
2024.541834216, 0.990362995,
2024.562265978, 0.989889822,
2024.582697540, 0.988270648,
2024.603129201, 0.990688762,
2024.623560963, 0.991098876,
2024.664424186, 0.990044043,
2024.684855948, 0.991031875,
2024.705287610, 0.989993603,
2024.725719271, 0.989568209,
2024.746150933, 0.989157436,
2024.766582495, 0.990129839,
2024.787014256, 0.989746395,
2024.807445918, 0.988935355,
2024.827877479, 0.989394141,
2024.848309241, 0.989715216,
2024.868740902, 0.989912990,
2024.909604225, 0.990266556,
2024.930035886, 0.990124106,
2024.950467647, 0.989153151,
2024.970899209, 0.988261611,
2024.991330870, 0.990161842,
2025.011762631, 0.988840108,
2025.032194192, 0.989324123,
2025.052625853, 0.983836011,
2025.073057615, 0.989795789,
2025.093489176, 0.988907646,
2025.113920837, 0.987864166,
2025.154784259, 0.988002320,
2025.175215920, 0.987681472,
2025.195647581, 0.988312246,
2025.216079242, 0.990232207,
2025.236510903, 0.987818363,
2025.256942564, 0.990640124,
2025.277374225, 0.987549910,
2025.297805986, 0.987948903,
2025.318237547, 0.989929242,
2025.338669207, 0.989178229,
2025.359100968, 0.986114866,
2025.399964290, 0.989367324,
2025.420395850, 0.986343114,
2025.440827511, 0.988299079,
2025.461259272, 0.989437761,
2025.481690833, 0.988269126,
2025.502122493, 0.988492966,
2025.522554254, 0.990445660,
2025.542985815, 0.990944149,
2025.563417475, 0.984344404,
2025.583849236, 0.984996478,
2025.604280796, 0.993463628,
2025.686007538, 0.988068569,
2025.706439199, 0.987939817,
2025.726870859, 0.988470455,
2025.747302520, 0.983897220,
2025.767734180, 0.987952347,
2025.788165840, 0.987764102,
2025.808597501, 0.989755902,
2025.829029161, 0.989027785,
2025.849460921, 0.988275708,
2025.890324142, 0.988336701,
2025.910755902, 0.987734730,
2025.931187563, 0.984830401,
2025.951619123, 0.980770170,
2025.972050883, 0.986931213,
2025.992482543, 0.986445694,
2026.012914103, 0.986822119,
2026.033345864, 0.986065136,
2026.053777524, 0.986864614,
2026.074209184, 0.986203707,
2026.094640844, 0.986904906,
2026.155935824, 0.985097974,
2026.176367385, 0.985554821,
2026.196799145, 0.986219407,
2026.217230805, 0.986274658,
2026.237662465, 0.985704015,
2026.258094125, 0.986310102,
2026.278525785, 0.985121217,
2026.298957545, 0.984789707,
2026.319389105, 0.984935346,
2026.339820765, 0.985847062,
2026.401115744, 0.982949660,
2026.421547504, 0.983734961,
2026.441979164, 0.985046359,
2026.462410724, 0.985296702,
2026.482842484, 0.984872508,
2026.503274144, 0.984283750,
2026.523705904, 0.985602892,
2026.544137464, 0.984964272,
2026.564569124, 0.985107308,
2026.585000883, 0.985442175,
2026.605432443, 0.986871318,
2026.625864103, 0.983907754,
2026.646295863, 0.985710018,
2026.666727423, 0.986760472,
2026.687159082, 0.984150111,
2026.707590842, 0.984988995,
2026.728022402, 0.982600165,
2026.748454162, 0.984960141,
2026.768885821, 0.984318056,
2026.789317381, 0.985136205,
2026.809749141, 0.983181135,
2026.830180701, 0.983257677,
2026.871044120, 0.983015586,
2026.891475680, 0.984940501,
2026.911907339, 0.983987589,
2026.932339099, 0.981993631,
2026.952770759, 0.983608169,
2026.973202418, 0.983531715,
2026.993634078, 0.985374916,
2027.014065738, 0.982950955,
2027.034497497, 0.975418899,
2027.054929057, 0.987772675,
2027.075360717, 0.985309855,
2027.116224036, 0.985214653,
2027.136655696, 0.983452892,
2027.157087455, 0.983494671,
2027.177519015, 0.982627783,
2027.197950775, 0.984110957,
2027.218382434, 0.982636277,
2027.238813994, 0.982042153,
2027.259245753, 0.986067970,
2027.279677413, 0.984485938,
2027.300108973, 0.985003637,
2027.320540732, 0.984739521,
2027.381835711, 0.982071379,
2027.402267371, 0.983070858,
2027.422699130, 0.983337487,
2027.443130690, 0.984326380,
2027.463562349, 0.982695325,
2027.483994009, 0.984700772,
2027.504425769, 0.983720409,
2027.524857328, 0.982511631,
2027.545289088, 0.981957465,
2027.565720647, 0.983392023,
2027.627015626, 0.983026037,
2027.647447386, 0.983085935,
2027.667879045, 0.982092604,
2027.688310605, 0.981974905,
2027.708742364, 0.981914142,
2027.729174024, 0.982547073,
2027.749605584, 0.980426950,
2027.770037343, 0.982075343,
2027.790469003, 0.986785853,
2027.810900762, 0.981511295,
2027.872195741, 0.980364803,
2027.892627301, 0.982092098,
2027.913058960, 0.980820794,
2027.933490720, 0.977709712,
2027.953922280, 0.977907819,
2027.974353939, 0.980507710,
2027.994785699, 0.980676819,
2028.015217358, 0.980291707,
2028.035649018, 0.981097648,
2028.056080678, 0.979114486,
2028.076512337, 0.979101671,
2028.096943997, 0.980890867,
2028.178670636, 0.980004661,
2028.199102295, 0.979193690,
2028.219533955, 0.976506305,
2028.239965615, 0.979921363,
2028.260397374, 0.980048092,
2028.280828934, 0.982823940,
2028.301260594, 0.982889855,
2028.342123913, 0.978896437,
2028.362555573, 0.980161177,
2028.382987333, 0.979690969,
2028.403418892, 0.979139774,
2028.423850652, 0.977866076,
2028.444282312, 0.979278410,
2028.464713872, 0.980194216,
2028.485145632, 0.979245211,
2028.505577291, 0.976879460,
2028.526008851, 0.979440843,
2028.546440611, 0.979472691,
2028.607735590, 0.979099087,
2028.628167250, 0.978126388,
2028.648599010, 0.978772801,
2028.669030570, 0.979706957,
2028.689462230, 0.977777093,
2028.709893990, 0.978896190,
2028.750757210, 0.978015313,
2028.771188970, 0.976670371,
2028.791620630, 0.977688799,
2028.852915609, 0.975907076,
2028.873347269, 0.975612041,
2028.893778929, 0.977269814,
2028.914210490, 0.977012649,
2028.934642250, 0.977168240,
2028.955073910, 0.978423101,
2028.975505470, 0.976435962,
2028.995937230, 0.977083987,
2029.016368890, 0.976013793,
2029.036800450, 0.976992345,
2029.057232210, 0.977077446,
2029.077663870, 0.978254572,
2029.098095630, 0.978581963,
2029.138958851, 0.975446795,
2029.159390611, 0.976363875,
2029.179822171, 0.977632050,
2029.200253831, 0.975610549,
2029.220685592, 0.976548486,
2029.241117252, 0.977857497,
2029.261548912, 0.976054377,
2029.281980572, 0.979334799,
2029.343275553, 0.975964634,
2029.363707214, 0.978664169,
2029.384138974, 0.975769451,
2029.404570535, 1.014607787,
2029.425002195, 0.976249440,
2029.445433955, 0.975911920,
2029.465865516, 0.977385336,
2029.486297276, 0.975034819,
2029.506728937, 0.978101741,
2029.527160497, 0.976626855,
2029.588455479, 0.975784396,
2029.608887240, 0.975110474,
2029.629318800, 0.976051884,
2029.649750461, 0.976506817,
2029.670182222, 0.975588663,
2029.690613782, 0.972862293,
2029.711045543, 0.976109539,
2029.731477204, 0.974616301,
2029.751908864, 0.976996960,
2029.772340525, 0.975509824,
2029.833635508, 0.975031159,
2029.854067168, 0.974677122,
2029.894930590, 0.973868016,
2029.915362151, 0.974071959,
2029.935793912, 0.973996043,
2029.956225573, 0.973783427,
2029.976657134, 0.975976402,
2029.997088895, 0.973679960,
2030.017520556, 0.974879148,
2030.058383878, 0.971355304,
2030.078815539, 0.973471632,
2030.099247301, 0.973832498,
2030.119678862, 0.970919833,
2030.140110523, 0.972061886,
2030.160542284, 0.971678010,
2030.180973846, 0.979833804,
2030.201405507, 0.974677975,
2030.221837168, 0.973595712,
2030.283132152, 0.974124104,
2030.303563814, 0.974389294,
2030.323995575, 0.974066776,
2030.344427137, 0.972953183,
2030.364858798, 0.973725319,
2030.385290560, 0.971475824,
2030.405722221, 0.972242629,
2030.426153783, 0.973991205,
2030.446585544, 0.972676785,
2030.467017206, 0.971164484,
2030.487448868, 0.970389891,
2030.507880529, 0.975333961,
2030.548743853, 0.973463973,
2030.569175515, 0.973175285,
2030.589607176, 0.970338291,
2030.610038938, 0.972166332,
2030.630470500, 0.972178626,
2030.650902162, 0.971317784,
2030.671333924, 0.970752557,
2030.691765486, 0.972167747,
2030.732628910, 0.972394270,
2030.753060472, 0.972906751,
2030.793923896, 0.972524455,
2030.814355459, 0.970474124,
2030.834787221, 0.970933887,
2030.855218883, 0.972132043,
2030.875650545, 0.972264121,
2030.896082208, 0.971190694,
2030.916513870, 0.972204221,
2030.936945532, 0.972923161,
2030.957377195, 0.967185085,
2030.977808857, 0.972627916,
2030.998240520, 0.971565932,
2031.059535607, 0.972620826,
2031.079967170, 0.970586093,
2031.100398932, 0.971040806,
2031.120830595, 0.971459080,
2031.141262158, 0.970563221,
2031.161693921, 0.968702424,
2031.182125583, 0.970558257,
2031.202557146, 0.971162168,
2031.222988909, 0.971637933,
2031.243420572, 0.970119665,
2031.284283898, 0.972512733,
2031.304715561, 0.971744585,
2031.325147324, 0.970252935,
2031.345578887, 0.971655220,
2031.366010550, 0.970625095,
2031.386442313, 0.971368652,
2031.406873877, 0.972395576,
2031.427305540, 0.972336258,
2031.447737303, 0.969966966,
2031.468168866, 0.971745438,
2031.488600630, 0.970861941,
2031.570327284, 0.968445794,
2031.590758847, 0.968377095,
2031.611190611, 0.969788109,
2031.631622274, 0.969756830,
2031.652053838, 0.971479371,
2031.672485602, 0.967671514,
2031.692917266, 0.967660045,
2031.713348929, 0.971615389,
2031.733780593, 0.968917061,
2031.795075585, 0.970614593,
2031.815507249, 0.968993888,
2031.835939013, 0.967334752,
2031.856370577, 0.968869387,
2031.876802341, 0.968117705,
2031.897234006, 0.970120776,
2031.917665570, 0.968746757,
2031.938097334, 0.968437194,
2031.958528998, 0.969479145,
2031.978960563, 0.969565886,
2032.019823992, 0.969879630,
2032.040255656, 0.968551386,
2032.060687321, 0.967322748,
2032.081118985, 0.966569415,
2032.101550750, 0.968588184,
2032.121982315, 0.969926062,
2032.142413979, 0.970237021,
2032.162845744, 0.969489823,
2032.183277309, 0.969024802,
2032.203708974, 0.968292961,
2032.224140739, 0.967107204,
2032.285435734, 0.964698483,
2032.305867299, 0.969327829,
2032.326299064, 0.965798885,
2032.346730729, 0.969022883,
2032.367162295, 0.968855081,
2032.387594060, 0.967193815,
2032.408025725, 0.966639221,
2032.428457291, 0.968494194,
2032.489752487, 0.969223153,
2032.510184053, 0.968979689,
2032.530615718, 0.969214165,
2032.551047484, 0.968098328,
2032.571479050, 0.968312008,
2032.591910716, 0.967765290,
2032.612342481, 0.970801366,
2032.632774047, 0.970912189,
2032.653205813, 0.968579274,
2032.673637479, 0.968710461,
2032.694069045, 0.964758710,
2032.714500811, 0.968742580,
2032.755364144, 0.969978065,
2032.775795810, 0.969429462,
2032.796227476, 0.968515260,
2032.816659143, 0.968329075,
2032.837090809, 0.966633840,
2032.857522476, 0.966497308,
2032.877954142, 0.967211190,
2032.898385909, 0.966595370,
2032.918817475, 0.969422829,
2032.939249242, 0.967370729,
2032.959680809, 0.967476359,
2033.000544242, 0.968248941,
2033.020975809, 0.969397592,
2033.041407576, 0.966992771,
2033.061839243, 0.967851603,
2033.082270810, 0.966632264,
2033.102702578, 0.966748014,
2033.123134245, 0.970147872,
2033.143565812, 0.969438778,
2033.163997579, 0.964775033,
2033.184429247, 0.964808834,
2033.204860814, 0.967114048,
2033.245724249, 0.970394666,
2033.286587584, 0.968677506,
2033.307019252, 0.970365676,
2033.327451020, 0.968752819,
2033.347882588, 0.969453141,
2033.368314255, 0.966589290,
2033.388746023, 0.968286113,
2033.409177691, 0.965982973,
2033.429609359, 0.968797948,
2033.450041027, 0.965779572,
2033.511336032, 0.966943506,
2033.531767701, 0.968832778,
2033.552199469, 0.969416766,
2033.572631037, 0.968103602,
2033.593062806, 0.968617643,
2033.613494375, 0.969452625,
2033.633926043, 0.967270318,
2033.654357812, 0.968886609,
2033.674789381, 0.968373235,
2033.695221050, 0.969590454,
2033.736084387, 0.965084415,
2033.756516056, 0.967589111,
2033.776947825, 0.967896735,
2033.797379395, 0.969165090,
2033.817811164, 0.965420093,
2033.838242833, 0.968012999,
2033.858674402, 0.968740533,
2033.879106172, 0.967489776,
2033.899537841, 0.967935084,
2033.919969511, 0.967635589,
2033.940401180, 0.968074506,
2033.981264620, 0.969643300,
2034.001696190, 0.969286742,
2034.022127859, 0.967661375,
2034.042559629, 0.967793152,
2034.062991299, 0.969703728,
2034.083422869, 0.969436616,
2034.103854640, 0.968951009,
2034.124286310, 0.965972659,
2034.144717880, 0.966835675,
2034.165149650, 0.966973263,
2034.185581321, 0.968188638,
2034.246876332, 0.970017273,
2034.267308003, 0.969819357,
2034.287739674, 0.969186826,
2034.308171344, 0.967660889,
2034.328603015, 0.967707620,
2034.349034686, 0.967221697,
2034.369466457, 0.969087081,
2034.389898028, 0.968521669,
2034.410329699, 0.969708902,
2034.430761471, 0.969740239,
2034.471624713, 0.966661987,
2034.492056485, 0.968892110,
2034.512488056, 0.968469296,
2034.532919728, 0.968854964,
2034.553351499, 0.968932503,
2034.573783071, 0.969859025,
2034.594214843, 0.968481009,
2034.614646514, 0.967488060,
2034.635078186, 0.968159271,
2034.655509858, 0.967224608,
2034.675941530, 0.968786263,
2034.737236547, 0.968988220,
2034.757668319, 0.967757733,
2034.778099992, 0.969183204,
2034.798531564, 0.968263307,
2034.818963337, 0.968939720,
2034.839395009, 0.967359810,
2034.859826582, 0.968373538,
2034.880258355, 0.968210725,
2034.900690028, 0.968340653,
2034.921121601, 0.968730918,
2034.982416720, 0.968030351,
2035.002848393, 0.969023352,
2035.023279966, 0.969184011,
2035.043711740, 0.966859420,
2035.064143413, 0.968716781,
2035.084574987, 0.968174289,
2035.105006760, 0.966707513,
2035.125438434, 0.968247699,
2035.145870208, 0.970292073,
2035.166301781, 0.968485611,
2035.207165229, 0.968229215,
2035.227596803, 0.968766646,
2035.248028478, 0.969404502,
2035.268460252, 0.969201875,
2035.288891926, 0.969461576,
2035.309323600, 0.968626776,
2035.329755275, 0.969117525,
2035.350186949, 0.970294035,
2035.370618624, 0.969712006,
2035.391050299, 0.968679859,
2035.411481973, 0.969724121,
2035.472776998, 0.969238883,
2035.493208773, 0.968878891,
2035.513640348, 0.968567813,
2035.554503799, 0.968471626,
2035.574935374, 0.967097375,
2035.595367150, 0.969919585,
2035.615798825, 0.967189803,
2035.636230401, 0.970269018,
2035.656662177, 0.968313014,
2035.717957204, 0.969100527,
2035.738388780, 0.968256347,
2035.758820557, 0.966066651,
2035.779252233, 0.967166808,
2035.799683909, 0.968435123,
2035.820115586, 0.967767004,
2035.840547262, 0.969033515,
2035.860979039, 0.965652226,
2035.881410615, 0.970860936,
2035.901842292, 0.965637648,
2035.963137323, 0.967887880,
2035.983569100, 0.967654331,
2036.004000777, 0.969545407,
2036.024432354, 0.969339864,
2036.044864131, 0.968616434,
2036.065295809, 0.969361926,
2036.085727586, 0.966572595,
2036.126590841, 0.968525272,
2036.147022619, 0.967811514,
2036.187885875, 0.968827146,
2036.208317653, 0.968595057,
2036.228749231, 0.969236993,
2036.249181009, 0.966664678,
2036.269612587, 0.968405216,
2036.290044266, 0.968756289,
2036.310476044, 0.969174904,
2036.330907723, 0.967585938,
2036.351339301, 0.966622862,
2036.371771080, 0.969185043,
2036.392202659, 0.967977814,
2036.453497696, 0.969048348,
2036.473929475, 0.969739142,
2036.494361154, 0.969657123,
2036.514792834, 0.967958646,
2036.535224513, 0.968547597,
2036.555656192, 0.968053385,
2036.576087872, 0.970103184,
2036.596519652, 0.966252926,
2036.616951232, 0.969752171,
2036.637383011, 0.968201826,
2036.698678052, 0.968003442,
2036.719109732, 0.968336076,
2036.739541312, 0.968242083,
2036.759973093, 0.968650881,
2036.780404773, 0.967733083,
2036.800836554, 0.968300243,
2036.821268135, 0.969324153,
2036.841699815, 0.970782499,
2036.862131596, 0.968605544,
2036.882563177, 0.969320500,
2036.943858221, 0.967593134,
2036.964289902, 0.970870078,
2036.984721684, 0.970605493,
2037.005153265, 0.969532023,
2037.025585047, 0.970072226,
2037.046016629, 0.968360078,
2037.066448310, 0.971483175,
2037.086880092, 0.969976710,
2037.107311774, 0.969612505,
2037.127743357, 0.969182294,
2037.189038503, 0.968443000,
2037.209470186, 0.968533539,
2037.229901869, 0.967944947,
2037.250333551, 0.968758188,
2037.270765234, 0.969153715,
2037.291196917, 0.969550470,
2037.311628700, 0.970705069,
2037.332060283, 0.967761723,
2037.352492066, 0.970037926,
2037.372923750, 0.970541470,
2037.434218800, 0.969241408,
2037.454650384, 0.969875709,
2037.475082168, 0.969515435,
2037.495513852, 0.970609387,
2037.515945436, 0.968562857,
2037.536377220, 0.967764006,
2037.556808904, 0.969643643,
2037.577240688, 0.969088903,
2037.597672273, 0.971212550,
2037.618103957, 0.968899003,
2037.679399011, 0.968689737,
2037.699830696, 0.967371262,
2037.720262381, 0.968393884,
2037.740694166, 0.967930309,
2037.761125752, 0.969234137,
2037.781557437, 0.969866510,
2037.801989222, 0.968482105,
2037.822420908, 0.966136366,
2037.842852494, 0.969143232,
2037.863284279, 0.969679799,
2037.904147651, 0.970110602,
2037.924579337, 0.968576567,
2037.945011023, 0.967115468,
2037.965442809, 0.970276864,
2037.985874396, 0.968811260,
2038.006306082, 0.967501254,
2038.026737869, 0.969772058,
2038.047169456, 0.965880551,
2038.067601142, 0.968398396,
2038.088032929, 0.969771482,
2038.108464516, 0.967990402,
2038.169759578, 0.967296845,
2038.190191365, 0.969089100,
2038.210623053, 0.967062033,
2038.231054640, 0.968525621,
2038.251486428, 0.969483716,
2038.271918116, 0.970163681,
2038.292349804, 0.968452561,
2038.312781492, 0.968794335,
2038.333213180, 0.969731091,
2038.374076557, 0.969827902,
2038.394508246, 0.965763717,
2038.414939934, 0.970668632,
2038.435371623, 0.970968958,
2038.455803412, 0.968694824,
2038.476235101, 0.968622126,
2038.496666690, 0.968744778,
2038.517098479, 0.968958146,
2038.537530168, 0.967997249,
2038.557961758, 0.968430728,
2038.578393547, 0.969299128,
2038.598825237, 0.967380062,
2038.660120306, 0.968389223,
2038.680552096, 0.967506474,
2038.700983686, 0.968549858,
2038.721415377, 0.969145965,
2038.741847167, 0.969334965,
2038.762278757, 0.968988782,
2038.782710448, 0.968530710,
2038.803142239, 0.964316107,
2038.823573830, 0.969725620,
2038.844005621, 0.968778423,
2038.884868903, 0.970616474,
2038.905300694, 0.969669660,
2038.925732386, 0.967969782,
2038.946164077, 0.968021270,
2038.966595769, 0.969965565,
2038.987027461, 0.968925369,
2039.007459152, 0.965671563,
2039.027890844, 0.970545212,
2039.048322536, 0.967141703,
2039.068754229, 0.969114863,
2039.089185921, 0.968521394,
2039.130049406, 0.967345968,
2039.150480999, 0.968865283,
2039.170912692, 0.969398583,
2039.191344484, 0.970171170,
2039.211776078, 0.966618416,
2039.232207871, 0.970174230,
2039.252639564, 0.968714914,
2039.273071157, 0.969066196,
2039.293502951, 0.967262357,
2039.313934644, 0.971405449,
2039.334366238, 0.979887767,
2039.416093114, 0.968903806,
2039.436524809, 0.969859069,
2039.456956603, 0.969669349,
2039.477388198, 0.970267665,
2039.518251687, 0.967510937,
2039.538683282, 0.968157978,
2039.559114977, 0.969239387,
2039.579546772, 0.969344323,
2039.599978468, 0.970220288,
2039.620410163, 0.967346748,
2039.640841859, 0.968697741,
2039.661273454, 0.969593675,
2039.681705250, 0.969959938,
2039.702136946, 0.965895866,
2039.722568542, 0.962350420,
2039.743000338, 0.966274113,
2039.763432034, 0.968398217,
2039.783863831, 0.970276561,
2039.804295427, 0.967404938,
2039.824727124, 0.966785276,
2039.886022215, 0.968803051,
2039.906454012, 0.967149305,
2039.926885609, 0.969258108,
2039.947317307, 0.968612612,
2039.967749104, 0.969602954,
2039.988180702, 0.968268842,
2040.008612499, 0.968133032,
2040.029044197, 0.967351143,
2040.049475795, 0.967244546,
2040.069907593, 0.966335044,
2040.110770890, 0.968605721,
2040.131202689, 0.969372674,
2040.151634387, 0.968921747,
2040.172066186, 0.969315517,
2040.192497785, 0.968527493,
2040.212929484, 0.971002715,
2040.233361283, 0.966991119,
2040.253792982, 0.970157859,
2040.274224582, 0.969424919,
2040.294656381, 0.968874249,
2040.315088081, 0.972460285,
2040.376383181, 0.968062056,
2040.396814881, 0.970132755,
2040.417246581, 0.966107925,
2040.437678182, 0.969929409,
2040.458109982, 0.969402295,
2040.478541683, 0.969099774,
2040.498973284, 0.969906498,
2040.519405085, 0.970028854,
2040.539836786, 0.967235470,
2040.560268587, 0.968317022,
2040.601131890, 0.966792997,
2040.621563692, 0.969254365,
2040.641995293, 0.968046561,
2040.662426995, 0.968303868,
2040.682858797, 0.967351290,
2040.703290399, 0.966743402,
2040.723722202, 0.969824115,
2040.744153904, 0.968000272,
2040.764585607, 0.966144267,
2040.785017309, 0.967624669,
2040.846312418, 0.969178997,
2040.866744121, 0.966035214,
2040.887175925, 0.966546740,
2040.907607528, 0.967010251,
2040.928039232, 0.966633793,
2040.948471035, 0.965705419,
2040.968902739, 0.969132883,
2040.989334343, 0.966912964,
2041.009766147, 0.968820751,
2041.030197752, 0.965794557,
2041.050629456, 0.967265490,
2041.091492865, 0.965758498,
2041.111924670, 0.968010885,
2041.132356375, 0.971010389,
2041.152787980, 0.967764348,
2041.173219786, 0.967627985,
2041.193651491, 0.967541951,
2041.214083096, 0.966633935,
2041.234514902, 0.968220754,
2041.254946608, 0.971264118,
2041.275378414, 0.964061789,
2041.295810020, 0.969719133,
2041.377536845, 0.966473818,
2041.397968652, 0.966970060,
2041.418400259, 0.967599717,
2041.459263773, 0.963464009,
2041.479695481, 0.968647430,
2041.500127188, 0.962494104,
2041.520558896, 0.966020533,
2041.540990603, 0.968105333,
2041.561422311, 0.967158234,
2041.581854019, 0.963584288,
2041.602285727, 0.966531294,
2041.622717536, 0.964515311,
2041.643149144, 0.965056800,
2041.663580953, 0.965301155,
2041.684012561, 0.966714188,
2041.704444270, 0.967307726,
2041.745307688, 0.967586352,
2041.765739398, 0.965127506,
2041.786171207, 0.966876947,
2041.827034626, 0.965745910,
2041.847466336, 0.969182644,
2041.867897946, 0.965451068,
2041.888329756, 0.965857308,
2041.908761467, 0.966709753,
2041.929193077, 0.966620569,
2041.949624888, 0.963647571,
2041.970056598, 0.966422146,
2041.990488309, 0.966483617,
2042.010920020, 0.968034301,
2042.031351732, 0.965936567,
2042.092646866, 0.965469766,
2042.113078678, 0.966834109,
2042.133510390, 0.965379435,
2042.153942002, 0.963848522,
2042.174373814, 0.964860919,
2042.194805526, 0.962395409,
2042.215237239, 0.967371644,
2042.235668951, 0.966155310,
2042.256100664, 0.966985484,
2042.276532477, 0.964016313,
2042.337827517, 0.963802135,
2042.358259230, 0.965875671,
2042.378691044, 0.965124114,
2042.399122657, 0.963764381,
2042.419554371, 0.966220266,
2042.439986186, 0.964233723,
2042.460417800, 0.965404905,
2042.480849514, 0.965015480,
2042.501281329, 0.966325061,
2042.521712944, 0.965788279,
2042.542144658, 0.965249186,
2042.562576473, 0.964830408,
2042.583008089, 0.964176919,
2042.603439904, 0.965943313,
2042.623871619, 0.965513210,
2042.644303335, 0.962554877,
2042.664735051, 0.966015318,
2042.685166767, 0.965271328,
2042.705598483, 0.964722839,
2042.726030199, 0.963774535,
2042.746461915, 0.966568497,
2042.766893732, 0.966387973,
2042.828188882, 0.963347640,
2042.848620599, 0.963700305,
2042.869052217, 0.965552531,
2042.889484034, 0.965035813,
2042.909915752, 0.966581658,
2042.930347469, 0.968566818,
2042.950779187, 0.965201139,
2042.971210905, 0.967530988,
2042.991642624, 0.963039832,
2043.012074342, 0.963155468,
2043.073369498, 0.961962909,
2043.093801117, 0.963026368,
2043.114232936, 0.964517377,
2043.134664656, 0.966093475,
2043.155096475, 0.964366231,
2043.175528095, 0.965807752,
2043.195959814, 0.965246112,
2043.216391634, 0.965069613,
2043.236823254, 0.966313069,
2043.257254975, 0.965703820,
2043.318550236, 0.963353240,
2043.338981957, 0.964170092,
2043.359413678, 0.965687011,
2043.379845399, 0.964737002,
2043.400277121, 0.964701905,
2043.420708842, 0.961867746,
2043.441140664, 0.964962263,
2043.461572286, 0.963747248,
2043.482004108, 0.963652234,
2043.502435830, 0.963497595,
2043.543299275, 0.962781326,
2043.563730997, 0.962116782,
2043.584162620, 0.963656518,
2043.604594443, 0.959831408,
2043.625026166, 0.966362130,
2043.645457990, 0.965583337,
2043.665889613, 0.963669377,
2043.686321337, 0.962213800,
2043.706753060, 0.960619744,
2043.727184784, 0.961963904,
2043.747616408, 0.965050467,
2043.788479957, 0.963829150,
2043.808911582, 0.962354244,
2043.829343406, 0.963060323,
2043.849775131, 0.964089003,
2043.870206956, 0.961669658,
2043.890638582, 0.965492268,
2043.911070307, 0.962673337,
2043.931502133, 0.962972650,
2043.951933758, 0.962700483,
2043.972365484, 0.961928399,
2043.992797310, 0.962984455,
2044.033660763, 0.963183820,
2044.054092489, 0.962606431,
2044.074524216, 0.966511205,
2044.094955943, 0.963397881,
2044.115387670, 0.964253822,
2044.135819397, 0.964854752,
2044.156251225, 0.964082221,
2044.176682852, 0.963497895,
2044.217546408, 0.973671713,
2044.237978036, 0.966325967,
2044.299273221, 0.963700589,
2044.319705049, 0.963351593,
2044.340136778, 0.963291190,
2044.360568407, 0.961091204,
2044.381000237, 0.962458846,
2044.401431866, 0.963774820,
2044.421863696, 0.963785221,
2044.442295425, 0.964608742,
2044.462727055, 0.962667339,
2044.483158885, 0.962594813,
2044.544454077, 0.965660635,
2044.585317638, 0.963642573,
2044.605749269, 0.963509582,
2044.626181000, 0.963639931,
2044.646612832, 0.963079177,
2044.667044563, 0.963800438,
2044.687476195, 0.964326269,
2044.707908027, 0.963232855,
2044.728339759, 0.962118454,
2044.748771492, 0.963901832,
2044.769203224, 0.964646065,
2044.789634957, 0.962479555,
2044.810066789, 0.961231306,
2044.830498422, 0.960485399,
2044.850930156, 0.961817675,
2044.871361989, 0.962304139,
2044.891793622, 0.961395938,
2044.912225356, 0.960370273,
2044.932657190, 0.962617488,
2044.953088824, 0.962735925,
2044.973520658, 0.961610057,
2045.034815862, 0.963142805,
2045.055247597, 0.963410545,
2045.075679232, 0.962369778,
2045.096111067, 0.963561568,
2045.116542702, 0.963253149,
2045.136974538, 0.962733436,
2045.157406274, 0.963263427,
2045.177837910, 0.962236907,
2045.198269746, 0.965352408,
2045.218701482, 0.961292079,
2045.279996692, 0.958462200,
2045.300428529, 0.949550944,
2045.320860266, 0.961698664,
2045.341291904, 0.962774982,
2045.361723741, 0.962681646,
2045.382155479, 0.963204151,
2045.402587117, 0.964674677,
2045.423018955, 0.961893923,
2045.443450693, 0.964186135,
2045.463882332, 0.963667851,
2045.525177748, 0.962576998,
2045.545609387, 0.962228546,
2045.566041126, 0.963246817,
2045.586472966, 0.962592235,
2045.606904606, 0.958377974,
2045.627336345, 0.961936071,
2045.647768186, 0.960553846,
2045.668199826, 0.962311089,
2045.688631666, 0.961638975,
2045.709063407, 0.961283852,
2045.729495048, 0.958190872,
2045.749926889, 0.959957444,
2045.770358530, 0.959930634,
2045.790790271, 0.961953028,
2045.811222113, 0.962831839,
2045.831653854, 0.962127176,
2045.852085596, 0.960485493,
2045.872517338, 0.962130976,
2045.892949080, 0.964049246,
2045.913380823, 0.959997054,
2045.933812565, 0.962668625,
2045.954244308, 0.963202410,
2046.015539638, 0.962895643,
2046.035971381, 0.962807854,
2046.056403025, 0.963437513,
2046.076834869, 0.963335953,
2046.097266613, 0.960069744,
2046.117698257, 0.963770904,
2046.138130102, 0.961120997,
2046.158561846, 0.962728014,
2046.178993491, 0.960622570,
2046.199425336, 0.961859692,
2046.260720572, 0.963453747,
2046.281152318, 0.961386933,
2046.301584164, 0.961584861,
2046.322015810, 0.962931974,
2046.342447557, 0.963800670,
2046.362879303, 0.963109304,
2046.383311050, 0.962530012,
2046.403742897, 0.963080719,
2046.424174544, 0.961921936,
2046.444606291, 0.961200787,
2046.485469786, 0.961004307,
2046.505901534, 0.962558829,
2046.526333382, 0.962530660,
2046.546765130, 0.963140228,
2046.567196879, 0.963265648,
2046.587628627, 0.960976982,
2046.608060376, 0.963393062,
2046.628492125, 0.960928971,
2046.648923874, 0.960836437,
2046.669355624, 0.962082046,
2046.689787473, 0.960790512,
2046.730650873, 0.962965776,
2046.751082723, 0.960693586,
2046.771514373, 0.962591363,
2046.791946224, 0.961574475,
2046.812377974, 0.961867834,
2046.832809625, 0.963018581,
2046.853241476, 0.962313295,
2046.873673228, 0.962560966,
2046.894104879, 0.962047687,
2046.914536731, 0.961758154,
2046.934968483, 0.961792798,
2046.996263739, 0.962527213,
2047.016695492, 0.962108638,
2047.037127245, 0.961527031,
2047.077990751, 0.961845014,
2047.098422504, 0.961845132,
2047.118854358, 0.960327591,
2047.139286012, 0.961580011,
2047.159717766, 0.960837977,
2047.180149620, 0.960913189,
2047.241444884, 0.962709280,
2047.261876639, 0.965167945,
2047.282308294, 0.962680229,
2047.302740149, 0.962726307,
2047.323171905, 0.964395668,
2047.343603761, 0.961125637,
2047.364035417, 0.962874839,
2047.384467173, 0.963198361,
2047.404899029, 0.960870730,
2047.425330686, 0.958634878,
2047.486625957, 0.962570445,
2047.507057814, 0.962335831,
2047.527489572, 0.961428371,
2047.547921229, 0.959138698,
2047.568353087, 0.961577548,
2047.588784845, 0.961477884,
2047.609216504, 0.961327259,
2047.629648362, 0.960252624,
2047.650080121, 0.963566883,
2047.670511880, 0.960789960,
2047.690943639, 0.961966828,
2047.711375399, 0.961682773,
2047.731807258, 0.960976571,
2047.752238918, 0.962815624,
2047.772670678, 0.960676827,
2047.793102438, 0.963010105,
2047.813534199, 0.959537349,
2047.833965959, 0.961831545,
2047.854397820, 0.960028573,
2047.874829481, 0.961463164,
2047.895261342, 0.962190108,
2047.915693103, 0.959011026,
2047.976988389, 0.961788183,
2047.997420051, 0.960372239,
2048.017851913, 0.961833665,
2048.038283676, 0.963100720,
2048.058715539, 0.963663022,
2048.079147202, 0.960382298,
2048.099578965, 0.961881703,
2048.120010828, 0.962776275,
2048.140442492, 0.961759844,
2048.160874256, 0.959532425,
2048.181306120, 0.962106101,
2048.201737784, 0.961849378,
2048.222169649, 0.961939996,
2048.242601413, 0.960329060,
2048.283464943, 0.963364182,
2048.303896709, 0.956853328,
2048.324328474, 0.961833757,
2048.344760240, 0.962149195,
2048.365192006, 0.964778731,
2048.385623672, 0.961790994,
2048.406055538, 0.963918252,
2048.467350838, 0.960763772,
2048.487782605, 0.961901251,
2048.508214473, 0.960572345,
2048.528646140, 0.961334265,
2048.549077908, 0.961222083,
2048.569509776, 0.961529313,
2048.589941444, 0.962308098,
2048.610373313, 0.961165404,
2048.630805081, 0.962359804,
2048.651236750, 0.961269795,
2048.712532058, 0.967829303,
2048.732963928, 0.960362956,
2048.753395698, 0.961642087,
2048.773827568, 0.961893911,
2048.794259238, 0.962369127,
2048.814691008, 0.960615470,
2048.835122879, 0.962275593,
2048.855554550, 0.963791256,
2048.875986321, 0.960735102,
2048.896418193, 0.962717565,
2048.916849864, 0.961033274,
2048.937281636, 0.962451320,
2048.957713508, 0.960823648,
2048.978145280, 0.960806660,
2048.998577053, 0.961311816,
2049.019008825, 0.961094797,
2049.039440598, 0.963037997,
2049.059872371, 0.961462275,
2049.080304144, 0.960113301,
2049.100735918, 0.960821502,
2049.121167692, 0.963280925,
2049.141599466, 0.962935737,
2049.202894789, 0.959441514,
2049.223326664, 0.960120536,
2049.243758339, 0.962628870,
2049.264190114, 0.961594885,
2049.284621989, 0.962082845,
2049.305053665, 0.961574503,
2049.325485441, 0.959947955,
2049.345917317, 0.961271943,
2049.366348993, 0.963255833,
2049.386780870, 0.961386573,
2049.407212646, 0.960675812,
2049.427644323, 0.959433730,
2049.448076201, 0.960005778,
2049.468507978, 0.959728205,
2049.488939756, 0.962740621,
2049.509371533, 0.962364477,
2049.529803312, 0.959870891,
2049.550235190, 0.959465958,
2049.570666868, 0.960148861,
2049.591098647, 0.958850474,
2049.611530526, 0.963255312,
2049.631962205, 0.962880224,
2049.672825864, 0.959775585,
2049.693257644, 0.961050093,
2049.713689424, 0.962962733,
2049.734121204, 0.960921441,
2049.754552885, 0.961355037,
2049.774984765, 0.962819651,
2049.795416546, 0.962481892,
2049.815848227, 0.961566993,
2049.836280109, 0.961397488,
2049.856711890, 0.962241665,
2049.877143572, 0.959712416,
2049.918007236, 0.960354542,
2049.938439119, 0.960270109,
2049.958870802, 0.961288810,
2049.979302584, 0.962628163,
2049.999734468, 0.960587167,
2050.020166151, 0.961374640,
2050.040597935, 0.964886382,
2050.061029818, 0.960080622,
2050.081461502, 0.961161231,
2050.101893387, 0.962020855,
2050.122325171, 0.961427584,
2050.163188741, 0.961864218,
2050.183620526, 0.961664222,
2050.204052311, 0.961287436,
2050.224484097, 0.961593090,
2050.244915883, 0.961926072,
2050.265347769, 0.961239111,
2050.285779455, 0.962364158,
2050.306211242, 0.961387033,
2050.326643128, 0.961184340,
2050.347074915, 0.960318230,
2050.367506603, 0.961398778,
2050.408370178, 0.963811368,
2050.428801966, 0.963436191,
2050.449233854, 0.960355480,
2050.469665542, 0.962918564,
2050.490097430, 0.963905146,
2050.510529219, 0.961609546,
2050.530960908, 0.961827455,
2050.551392798, 0.962130285,
2050.571824587, 0.958976024,
2050.592256277, 0.962867760,
2050.612688167, 0.960940772,
2050.653551847, 0.960816558,
2050.673983538, 0.958998181,
2050.694415329, 0.961306550,
2050.714847220, 0.962039546,
2050.735278911, 0.960526048,
2050.755710703, 0.960393724,
2050.776142594, 0.961753915,
2050.796574286, 0.960392078,
2050.817006179, 0.961308249,
2050.837437971, 0.961268130,
2050.857869764, 0.959404854,
2050.919165143, 0.959934854,
2050.939596937, 0.960970021,
2050.960028731, 0.961628825,
2050.980460525, 0.959590175,
2051.000892419, 0.961810774,
2051.021324114, 0.960895851,
2051.041756008, 0.961313458,
2051.062187704, 0.961820554,
2051.082619499, 0.962648956,
2051.103051394, 0.963556187,
2051.143914886, 0.961689095,
2051.164346782, 0.959742955,
2051.184778479, 0.959963700,
2051.205210375, 0.960194439,
2051.225642172, 0.961067266,
2051.246073869, 0.962076613,
2051.266505767, 0.965734972,
2051.286937564, 0.961753907,
2051.307369262, 0.958285257,
2051.327801160, 0.961392293,
2051.348232959, 0.959415846,
2051.368664857, 0.961154475,
2051.389096556, 0.961349887,
2051.409528355, 0.961468390,
2051.429960254, 0.956227004,
2051.450391954, 0.961575227,
2051.470823753, 0.958811048,
2051.491255653, 0.962349270,
2051.511687454, 0.961688725,
2051.532119154, 0.961402097,
2051.552551055, 0.961978616,
2051.572982856, 0.962008801,
2051.593414657, 0.964565345,
2051.634278260, 0.961734371,
2051.654710062, 0.961099288,
2051.675141864, 0.962325743,
2051.695573666, 0.962282524,
2051.716005469, 0.962235636,
2051.736437272, 0.960547910,
2051.756869175, 0.962771505,
2051.777300878, 0.961351817,
2051.797732681, 0.962761821,
2051.818164585, 0.961727738,
2051.838596289, 0.960310526,
2051.879459998, 0.962442542,
2051.899891703, 0.959190677,
2051.920323608, 0.961634742,
2051.940755413, 0.960587259,
2051.961187119, 0.962873124,
2051.981619024, 0.962645619,
2052.002050830, 0.961097917,
2052.022482537, 0.963168489,
2052.042914443, 0.962491724,
2052.063346250, 0.962285285,
2052.083778157, 0.959727164,
2052.124641671, 0.964276517,
2052.145073579, 0.960420896,
2052.165505387, 0.961428218,
2052.185937095, 0.962259409,
2052.206369003, 0.961988313,
2052.226800812, 0.962244797,
2052.247232521, 0.959992321,
2052.267664430, 0.961355759,
2052.288096240, 0.959994006,
2052.308528149, 0.962584223,
2052.328959859, 0.963278609,
2052.369823580, 0.961569802,
2052.390255290, 0.964268323,
2052.410687101, 0.962336924,
2052.431118912, 0.963476060,
2052.451550724, 0.960426352,
2052.471982635, 0.962258698,
2052.492414347, 0.962974678,
2052.512846159, 0.959732073,
2052.533278071, 0.960669425,
2052.553709784, 0.963405284,
2052.574141597, 0.961044965,
2052.615005223, 0.962131652,
2052.635437137, 0.961456619,
2052.655868951, 0.961374036,
2052.676300665, 0.963305662,
2052.696732579, 0.961140060,
2052.717164394, 0.962336362,
2052.737596209, 0.962359955,
2052.758028024, 0.960831999,
2052.778459839, 0.960751071,
2052.798891655, 0.960968815,
2052.819323470, 0.965272464,
2052.860187203, 0.962301022,
2052.880619020, 0.961400890,
2052.901050736, 0.961036587,
2052.921482653, 0.961143430,
2052.941914471, 0.961126492,
2052.962346188, 0.962653080,
2052.982778106, 0.959786517,
2053.003209924, 0.959718845,
2053.023641843, 0.961192996,
2053.044073561, 0.961739558,
2053.146232658, 0.959888042,
2053.166664478, 0.962782345,
2053.187096398, 0.960896905,
2053.207528119, 0.962228885,
2053.227959940, 0.962737907,
2053.248391861, 0.961497656,
2053.268823583, 0.959355421,
2053.289255404, 0.958748616,
2053.309687326, 0.959103671,
2053.350550971, 0.963709180,
2053.370982793, 0.957794974,
2053.391414616, 0.959593539,
2053.411846439, 0.954097470,
2053.432278263, 0.953389489,
2053.452710087, 0.962059746,
2053.473141911, 0.960547663,
2053.493573735, 0.963415458,
2053.514005559, 0.959030470,
2053.534437484, 0.961031807,
2053.554869209, 0.962485735,
2053.595732960, 0.964164566,
2053.616164685, 0.960788854,
2053.636596611, 0.960824129,
2053.657028438, 0.960435464,
2053.677460164, 0.957505255,
2053.697892091, 0.962043538,
2053.718323918, 0.962705212,
2053.738755745, 0.960597356,
2053.759187573, 0.961402791,
2053.779619401, 0.960612339,
2053.800051229, 0.959748606,
2053.840914786, 0.961305728,
2053.861346714, 0.961113758,
2053.881778544, 0.959262597,
2053.902210473, 0.959833427,
2053.922642203, 0.959882237,
2053.943074033, 0.959943292,
2053.963505963, 0.962597013,
2053.983937693, 0.963498018,
2054.004369524, 0.962002083,
2054.024801455, 0.961283375,
2054.045233286, 0.959748292,
2054.086096949, 0.961940091,
2054.106528781, 0.961676321,
2054.126960613, 0.961050991,
2054.147392446, 0.960978856,
2054.167824279, 0.962095825,
2054.188256212, 0.960693686,
2054.208687945, 0.960507724,
2054.229119779, 0.962047121,
2054.249551712, 0.962197384,
2054.269983447, 0.960419394,
2054.290415381, 0.961590107,
2054.331278950, 0.961715835,
2054.351710886, 0.960512568,
2054.372142721, 0.961185345,
2054.392574457, 0.958978641,
2054.413006393, 0.959597658,
2054.433438229, 0.959962016,
2054.453870065, 0.960908879,
2054.474301902, 0.959725550,
2054.494733639, 0.960914445,
2054.515165576, 0.959848220,
2054.535597414, 0.959843557,
2054.576461090, 0.961379614,
2054.596892928, 0.959651900,
2054.617324867, 0.959806579,
2054.637756606, 0.962289712,
2054.658188445, 0.960470632,
2054.678620384, 0.959702599,
2054.699052124, 0.961797419,
2054.719483964, 0.961064225,
2054.739915904, 0.958493946,
2054.760347745, 0.960267572,
2054.780779585, 0.963113510,
2054.821643268, 0.960758350,
2054.842075109, 0.961218209,
2054.862506951, 0.961956460,
2054.882938793, 0.961923608,
2054.903370736, 0.962338590,
2054.923802478, 0.955663212,
2054.944234321, 0.961889329,
2054.964666264, 0.961996408,
2054.985098008, 0.962021770,
2055.005529952, 0.960650263,
2055.025961796, 0.960887436,
2055.087257229, 0.962434857,
2055.107689075, 0.960644455,
2055.128121020, 0.958652507,
2055.148552765, 0.957297541,
2055.168984711, 0.959772369,
2055.189416558, 0.960878285,
2055.209848304, 0.956982113,
2055.230280251, 0.954105686,
2055.250712098, 0.952137044,
2055.291575793, 0.958485303,
2055.312007640, 0.959663903,
2055.332439588, 0.960871915,
2055.352871337, 0.961222661,
2055.373303186, 0.960638950,
2055.393735134, 0.960872376,
2055.414166984, 0.960396901,
2055.434598733, 0.959061618,
2055.455030683, 0.957796522,
2055.475462533, 0.955630318,
2055.495894383, 0.957109863,
2055.516326234, 0.960386762,
2055.557190036, 0.960994780,
2055.577621787, 0.958672192,
2055.598053639, 0.960233902,
2055.618485591, 0.960065586,
2055.638917343, 0.958685681,
2055.659349195, 0.960302977,
2055.679781148, 0.959907590,
2055.700212901, 0.959526241,
2055.720644855, 0.957764983,
2055.741076608, 0.954668415,
2055.761508462, 0.959760053,
2055.802372171, 0.959367246,
2055.822804026, 0.960743894,
2055.843235981, 0.960432460,
2055.863667736, 0.960388938,
2055.884099691, 0.959259667,
2055.904531547, 0.960856001,
2055.924963403, 0.960456784,
2055.945395260, 0.958640947,
2055.965827116, 0.960597348,
2055.986258973, 0.961079210,
2056.006690831, 0.960323026,
2056.067986504, 0.960367090,
2056.088418262, 0.961231239,
2056.108850221, 0.959457471,
2056.129282080, 0.958675859,
2056.149713839, 0.960675299,
2056.170145799, 0.960254307,
2056.190577659, 0.959491756,
2056.211009619, 0.959107683,
2056.231441379, 0.960370695,
2056.272305201, 0.958808736,
2056.292736962, 0.959157126,
2056.313168823, 0.960548784,
2056.333600785, 0.962142685,
2056.354032547, 0.959732820,
2056.374464409, 0.959294035,
2056.394896272, 0.959695482,
2056.415328135, 0.960572371,
2056.435760098, 0.960338255,
2056.456191961, 0.958320660,
2056.476623725, 0.958543258,
2056.497055689, 0.960177746,
2056.537919318, 0.959665138,
2056.558351283, 0.959969991,
2056.578783148, 0.959150273,
2056.599215014, 0.959804574,
2056.619646879, 0.959238734,
2056.640078745, 0.957386688,
2056.660510612, 0.960009727,
2056.680942478, 0.957459941,
2056.701374345, 0.960628786,
2056.721806212, 0.960991286,
2056.742238080, 0.960045574,
2056.783101916, 0.959363937,
2056.803533684, 0.965277776,
2056.823965653, 0.958057158,
2056.844397522, 0.960348013,
2056.864829291, 0.963198352,
2056.885261260, 0.959807413,
2056.905693130, 0.956278095,
2056.926125100, 0.958826019,
2056.946556870, 0.960531122,
2056.966988741, 0.960542589,
2056.987420712, 0.958100085,
2057.028284355, 0.960339938,
2057.048716327, 0.960980909,
2057.069148099, 0.959801002,
2057.089579971, 0.960473870,
2057.110011844, 0.958730027,
2057.130443717, 0.959897632,
2057.150875690, 0.959480429,
2057.171307464, 0.962446466,
2057.191739337, 0.957957819,
2057.212171311, 0.959956862,
2057.232603186, 0.960256312,
2057.293898811, 0.958998541,
2057.314330686, 0.959909514,
2057.334762562, 0.958539001,
