BJD - 2454833, Corrected Flux
1977.262453197, 1.003004386,
1977.282885462, 1.003741450,
1977.303317627, 1.002336660,
1977.364614518, 1.002204589,
1977.385046782, 1.001930550,
1977.405479044, 1.002098667,
1977.425911306, 1.001314457,
1977.446343667, 1.002061132,
1977.466775828, 1.001903998,
1977.487208189, 1.002446902,
1977.507640448, 1.003249621,
1977.528072608, 1.001991552,
1977.548504967, 1.002258311,
1977.568937226, 1.001491620,
1977.589369384, 1.002512248,
1977.609801741, 1.003248574,
1977.630233999, 1.001591273,
1977.650666155, 1.001376122,
1977.671098511, 1.002473657,
1977.691530767, 1.001671950,
1977.711962922, 1.002045431,
1977.732395277, 1.001665234,
1977.752827531, 1.002742402,
1977.773259685, 1.001619005,
1977.793692038, 1.001873587,
1977.814124292, 1.001906160,
1977.834556544, 1.001561914,
1977.854988796, 1.001380229,
1977.875421048, 1.000998190,
1977.895853298, 1.002057263,
1977.916285549, 1.000841251,
1977.936717799, 1.001642747,
1977.957150149, 1.002654885,
1977.977582298, 1.001253324,
1977.998014547, 1.001132427,
1978.018446895, 1.002224898,
1978.038879043, 1.001211369,
1978.059311290, 1.002778843,
1978.079743637, 1.001383866,
1978.100175783, 1.000714075,
1978.120608029, 1.002743316,
1978.141040374, 1.001839251,
1978.161472519, 1.001840605,
1978.181904764, 1.001745470,
1978.202337108, 1.001152114,
1978.222769251, 1.001819848,
1978.243201594, 1.002044846,
1978.263633837, 1.001342931,
1978.284066079, 1.002101624,
1978.304498321, 1.001012075,
1978.324930562, 1.001858306,
1978.345362803, 1.002076435,
1978.365795043, 1.002054864,
1978.406659523, 1.001838110,
1978.427091761, 1.001600913,
1978.447524000, 1.001378525,
1978.467956238, 1.002390558,
1978.488388475, 1.002063343,
1978.508820712, 1.001007156,
1978.529252849, 1.001587135,
1978.590549556, 1.001940755,
1978.610981890, 1.001628518,
1978.631414125, 1.000934867,
1978.651846458, 1.002023987,
1978.672278592, 1.001607851,
1978.692710825, 1.001679713,
1978.713143157, 1.001510465,
1978.733575289, 1.002661980,
1978.754007521, 1.001313459,
1978.774439851, 1.001282338,
1978.794872082, 1.001634972,
1978.815304212, 1.001113732,
1978.835736542, 1.001579214,
1978.856168771, 1.001873916,
1978.876600900, 1.002085335,
1978.917465456, 1.001934922,
1978.937897583, 1.001015334,
1978.978762136, 1.003001523,
1978.999194262, 1.001212397,
1979.019626588, 1.001941204,
1979.060490937, 1.001966054,
1979.080923261, 1.001283906,
1979.101355485, 1.002064042,
1979.121787808, 1.001740233,
1979.142219931, 1.002201888,
1979.162652153, 1.001286709,
1979.183084375, 1.002113683,
1979.203516596, 1.001941920,
1979.223948817, 1.001258743,
1979.244381037, 1.001355687,
1979.264813258, 1.002051853,
1979.285245477, 1.000596172,
1979.305677696, 1.001323317,
1979.326109915, 1.001082306,
1979.346542133, 1.002009653,
1979.366974450, 1.001352194,
1979.387406568, 1.001193184,
1979.407838784, 1.001912805,
1979.428271101, 1.002215160,
1979.448703216, 1.001739610,
1979.469135432, 1.001074398,
1979.489567747, 1.001990614,
1979.509999861, 1.001905356,
1979.530432076, 1.001365539,
1979.550864389, 1.001452537,
1979.571296502, 1.001899030,
1979.591728815, 1.001170511,
1979.612161027, 1.001257210,
1979.632593239, 1.001468556,
1979.653025450, 1.003215295,
1979.673457661, 1.000635519,
1979.693889871, 1.001242962,
1979.714322081, 1.001885491,
1979.734754290, 1.001894487,
1979.775618708, 1.002005884,
1979.796050916, 1.001524877,
1979.816483124, 1.000957393,
1979.836915431, 1.001272459,
1979.857347538, 1.002036820,
1979.877779744, 1.002178268,
1979.898211950, 1.001177630,
1979.918644155, 1.000802195,
1979.939076360, 1.001163069,
1979.959508565, 1.000699102,
1979.979940769, 1.000914242,
1980.000372972, 1.002657815,
1980.020805176, 1.002229108,
1980.041237378, 1.001736493,
1980.061669680, 1.001061883,
1980.082101782, 1.001559849,
1980.102533983, 1.000865882,
1980.122966284, 1.001541676,
1980.143398385, 1.000767919,
1980.163830585, 1.001092584,
1980.184262884, 1.001475131,
1980.204695083, 1.001496971,
1980.225127182, 1.001606913,
1980.245559480, 1.000787862,
1980.265991678, 1.001847403,
1980.286423775, 1.001206725,
1980.306856072, 1.000834694,
1980.327288268, 1.000792376,
1980.347720364, 1.001748873,
1980.368152659, 1.002829570,
1980.388584854, 1.001639153,
1980.409016949, 1.000929610,
1980.429449243, 1.001150655,
1980.449881437, 1.000395610,
1980.470313630, 1.001158250,
1980.490745823, 1.001603242,
1980.511178015, 1.000830105,
1980.531610307, 1.001695681,
1980.572474589, 1.001047965,
1980.592906880, 1.001038643,
1980.613338970, 1.002317817,
1980.633771160, 1.000980492,
1980.654203449, 1.001525249,
1980.674635538, 1.000905958,
1980.695067726, 1.001945529,
1980.715500014, 1.001648230,
1980.735932101, 1.002925720,
1980.756364288, 1.001375553,
1980.776796575, 1.002161488,
1980.797228661, 1.000329761,
1980.817660846, 1.001360157,
1980.838093132, 1.000814404,
1980.858525216, 1.000711349,
1980.878957400, 1.001521722,
1980.899389684, 1.006192325,
1980.919821768, 1.000917453,
1980.940253951, 1.001258396,
1980.960686233, 1.001472269,
1980.981118315, 1.000640633,
1981.042414959, 1.000638763,
1981.062847139, 1.001290161,
1981.083279319, 1.000970452,
1981.103711498, 1.001779957,
1981.124143677, 1.001213387,
1981.144575856, 1.001257336,
1981.165008034, 1.001559175,
1981.185440311, 1.002186435,
1981.205872389, 1.002506504,
1981.226304566, 1.001010230,
1981.246736842, 1.000729035,
1981.267168918, 1.000698160,
1981.287601093, 1.001558212,
1981.308033368, 1.001698898,
1981.328465442, 1.001758163,
1981.348897616, 1.000829558,
1981.369329890, 1.000825501,
1981.389761963, 1.001672205,
1981.410194136, 1.001240909,
1981.430626308, 1.000495034,
1981.451058480, 1.000848695,
1981.471490752, 1.001548052,
1981.594083771, 1.000669165,
1981.614515940, 1.002248291,
1981.634948008, 0.999933416,
1981.655380275, 1.001753413,
1981.675812442, 1.000728717,
1981.696244509, 1.001051961,
1981.716676775, 1.001153555,
1981.737108941, 0.999737222,
1981.757541006, 1.001301459,
1981.777973271, 1.000570975,
1981.798405435, 1.000478486,
1981.818837499, 1.000528298,
1981.839269763, 1.002501896,
1981.859701926, 1.000941146,
1981.880134089, 1.000413544,
1981.900566251, 1.002000619,
1981.920998413, 1.001339433,
1981.941430674, 1.001587245,
1981.961862735, 1.000047347,
1981.982294896, 1.001167283,
1982.002727156, 1.001357379,
1982.023159316, 1.001255350,
1982.043591374, 1.001190830,
1982.064023633, 1.001198272,
1982.084455791, 1.001557217,
1982.104887849, 1.000221660,
1982.125320107, 1.000585967,
1982.145752164, 1.000429083,
1982.166184320, 1.000697190,
1982.186616576, 1.001617913,
1982.207048632, 1.001175086,
1982.227480788, 1.001325296,
1982.247913043, 1.001227428,
1982.268345097, 1.001784043,
1982.288777251, 1.000969943,
1982.309209504, 1.003240144,
1982.329641558, 1.001450988,
1982.350073710, 1.000336377,
1982.370505963, 1.001547896,
1982.390938114, 1.000870717,
1982.411370266, 1.001483566,
1982.431802417, 1.001671896,
1982.452234567, 1.000691987,
1982.472666717, 1.000829522,
1982.493098867, 1.001393371,
1982.513531016, 1.001746018,
1982.533963265, 1.002240551,
1982.554395313, 1.000826970,
1982.574827461, 1.000407803,
1982.595259709, 1.001155575,
1982.615691756, 1.000856269,
1982.636123902, 1.000898111,
1982.656556149, 1.001170847,
1982.676988194, 1.000930745,
1982.697420340, 1.000359853,
1982.717852584, 1.001134638,
1982.738284629, 1.000150544,
1982.758716773, 1.001452546,
1982.779149017, 1.000382254,
1982.799581060, 1.001099458,
1982.820013203, 1.002066420,
1982.840445445, 1.000576084,
1982.860877587, 1.000927115,
1982.881309728, 1.001196907,
1982.901741870, 1.000877062,
1982.922173910, 1.001447379,
1982.942606150, 1.000909858,
1982.983470329, 0.999727859,
1983.003902568, 1.000977409,
1983.024334707, 1.000467876,
1983.044766745, 1.000223314,
1983.065198982, 1.001594641,
1983.085631120, 1.000630315,
1983.106063157, 1.000890441,
1983.126495393, 1.001327796,
1983.146927529, 1.001045445,
1983.167359565, 1.004295420,
1983.187791800, 1.000549340,
1983.208223934, 1.000856725,
1983.228656068, 1.001096732,
1983.249088202, 1.001916211,
1983.269520335, 1.000958920,
1983.289952468, 1.000904142,
1983.310384601, 1.000837050,
1983.330816733, 1.000604649,
1983.351248965, 1.000291658,
1983.371681096, 0.999297358,
1983.392113127, 1.008441230,
1983.412545357, 1.000611008,
1983.432977487, 1.000800020,
1983.473841746, 1.001642374,
1983.494273875, 1.001874270,
1983.514705903, 1.000588496,
1983.535138131, 1.000256275,
1983.555570258, 1.000875860,
1983.576002285, 1.000567544,
1983.596434512, 1.001066801,
1983.616866638, 1.001261403,
1983.637298664, 1.001651377,
1983.657730889, 1.001938357,
1983.678162914, 1.000529133,
1983.698595138, 1.000205299,
1983.719027262, 1.000946180,
1983.739459286, 1.001760777,
1983.759891409, 1.000633712,
1983.780323632, 1.000980322,
1983.800755754, 1.000167659,
1983.821187876, 1.000865839,
1983.841619998, 1.001041145,
1983.862052119, 1.000669078,
1983.882484340, 1.001777529,
1983.902916360, 1.000222362,
1983.923348480, 1.000785534,
1983.943780699, 1.001817858,
1983.964212718, 1.001267069,
1983.984644837, 1.000500447,
1984.005077055, 1.000327148,
1984.025509073, 1.000761967,
1984.045941190, 1.000925724,
1984.066373407, 1.001241018,
1984.086805424, 1.001083867,
1984.107237540, 1.000844246,
1984.127669756, 1.000807723,
1984.148101771, 1.000158674,
1984.168533886, 1.000885717,
1984.188966100, 1.000820092,
1984.209398214, 1.000385879,
1984.250262441, 1.000489824,
1984.270694554, 1.000182056,
1984.311558778, 0.999844115,
1984.331990889, 1.000466200,
1984.352423101, 1.001059990,
1984.372855111, 1.000782195,
1984.393287121, 1.000823453,
1984.413719331, 1.000282671,
1984.475015658, 1.000692918,
1984.495447766, 1.001651516,
1984.515879774, 1.001037316,
1984.536311982, 1.001148850,
1984.556744088, 1.001913769,
1984.577176095, 1.000214402,
1984.597608301, 1.001254935,
1984.618040407, 1.000073153,
1984.638472512, 1.001015321,
1984.658904617, 1.000253989,
1984.679336721, 1.001195896,
1984.699768825, 1.000865259,
1984.720201029, 1.000716227,
1984.740633032, 1.000261328,
1984.761065235, 1.000716163,
1984.781497337, 1.000044454,
1984.801929339, 1.000786767,
1984.822361541, 1.000067542,
1984.842793642, 0.999740928,
1984.863225643, 0.999876601,
1984.883657843, 1.001297605,
1984.904089943, 1.000152541,
1984.985818239, 1.000138626,
1985.006250437, 1.001616944,
1985.026682534, 1.000435351,
1985.047114631, 1.001494483,
1985.067546728, 1.002505598,
1985.087978824, 1.000899018,
1985.108410919, 1.000682907,
1985.128843015, 1.000855738,
1985.149275110, 1.000869360,
1985.169707105, 1.001277921,
1985.190139299, 1.001117394,
1985.210571392, 1.000939437,
1985.231003586, 1.000604368,
1985.251435579, 1.000586194,
1985.271867671, 1.000517094,
1985.292299864, 1.000614429,
1985.312731855, 1.000834652,
1985.333163947, 1.001608647,
1985.353596138, 1.000594033,
1985.374028128, 1.001153310,
1985.394460218, 1.000258762,
1985.455756486, 1.000984145,
1985.476188675, 1.000087885,
1985.496620663, 1.001175248,
1985.517052750, 1.000085788,
1985.537484938, 1.000593166,
1985.557917024, 1.000797734,
1985.578349011, 1.000810062,
1985.598781197, 1.001300878,
1985.619213283, 1.000315283,
1985.639645268, 1.000098007,
1985.660077453, 1.001357225,
1985.680509537, 1.000981115,
1985.700941721, 1.000254486,
1985.721373705, 1.000079098,
1985.741805788, 0.999906027,
1985.762237971, 0.999683623,
1985.782669953, 1.001154862,
1985.803102035, 1.000312106,
1985.823534217, 1.001227042,
1985.843966198, 0.999479171,
1985.864398279, 0.999571150,
1985.884830359, 0.999935094,
1985.946126598, 1.000659288,
1985.966558677, 1.000991710,
1985.986990755, 1.000754180,
1986.007422833, 1.000804332,
1986.027854910, 1.001040637,
1986.048286988, 1.000438562,
1986.068719165, 1.000790811,
1986.089151141, 1.000133799,
1986.109583217, 1.000229396,
1986.130015392, 1.000718590,
1986.150447368, 1.001121490,
1986.170879542, 1.001109225,
1986.191311617, 1.000176070,
1986.211743591, 1.000423081,
1986.232175764, 1.000208926,
1986.252607837, 1.000280766,
1986.273039810, 1.000424638,
1986.313904054, 1.000041855,
1986.334336026, 0.999984013,
1986.354768197, 0.999713755,
1986.375200268, 1.000728185,
1986.395632338, 1.000477413,
1986.416064408, 1.000111040,
1986.436496478, 0.999494127,
1986.456928547, 1.000559567,
1986.477360616, 0.999618700,
1986.497792684, 1.000647697,
1986.538656920, 1.000434735,
1986.559088887, 1.000817953,
1986.579520954, 1.000736557,
1986.620385086, 1.001354417,
1986.681681282, 1.000138520,
1986.702113446, 1.000066225,
1986.722545410, 1.000488866,
1986.742977474, 1.001187635,
1986.763409637, 1.000936035,
1986.783841600, 1.000208080,
1986.804273662, 1.000145675,
1986.824705824, 1.000847981,
1986.845137786, 1.001053106,
1986.865569847, 0.999657879,
1986.926866029, 1.001152730,
1986.947298188, 1.000413956,
1986.967730247, 1.000953532,
1986.988162207, 1.000023775,
1987.008594365, 1.000393539,
1987.029026423, 1.000707640,
1987.049458381, 1.000796290,
1987.069890538, 1.001308630,
1987.090322595, 1.001363705,
1987.110754752, 1.000014082,
1987.172050919, 1.000259406,
1987.192482874, 1.000105257,
1987.212914929, 0.999594603,
1987.233347083, 1.000640556,
1987.253779037, 1.000458660,
1987.274211090, 1.000455470,
1987.294643243, 1.000434608,
1987.315075195, 1.000269585,
1987.335507248, 0.999387455,
1987.355939400, 0.999319831,
1987.376371351, 1.000304695,
1987.396803402, 0.999597790,
1987.417235453, 1.000785321,
1987.437667503, 1.000821838,
1987.458099553, 1.000496887,
1987.478531703, 1.000814477,
1987.498963652, 1.000498432,
1987.519395800, 0.999660553,
1987.539827849, 0.999878966,
1987.560259797, 1.000051985,
1987.580691944, 1.000411500,
1987.601123991, 1.000230868,
1987.662420131, 0.999987710,
1987.682852076, 0.999707150,
1987.703284222, 1.000890970,
1987.723716266, 1.000138164,
1987.744148311, 1.001415513,
1987.764580355, 1.000240740,
1987.785012399, 0.999751631,
1987.805444442, 0.999874676,
1987.846308528, 0.999913790,
1987.907604653, 0.999650262,
1987.928036694, 1.000238443,
1987.948468834, 1.001008733,
1987.968900775, 1.000283911,
1987.989332914, 1.000285867,
1988.009764954, 0.999869460,
1988.030196893, 1.000213919,
1988.050629032, 1.001409735,
1988.071061070, 0.999616140,
1988.091493008, 0.999708415,
1988.111925146, 0.999930251,
1988.132357083, 0.999996651,
1988.152789119, 1.000389993,
1988.173221256, 0.999749385,
1988.193653192, 0.999643386,
1988.214085228, 1.000278035,
1988.234517363, 1.000189990,
1988.254949298, 1.000193221,
1988.275381332, 1.000328629,
1988.295813466, 1.000064190,
1988.316245500, 1.000368045,
1988.336677434, 0.999543450,
1988.397973531, 0.999944468,
1988.418405663, 0.999839111,
1988.438837694, 1.000212409,
1988.459269825, 1.000279496,
1988.479701756, 0.999214508,
1988.500133786, 0.999804543,
1988.520565916, 1.000266225,
1988.540997845, 0.998874485,
1988.561429875, 0.999737397,
1988.581862004, 0.999877635,
1988.643158088, 1.000262111,
1988.663590015, 1.000534024,
1988.684022042, 1.000015159,
1988.704454168, 0.999300788,
1988.724886094, 1.001289951,
1988.745318120, 1.000279770,
1988.765750246, 1.000286697,
1988.786182270, 0.999916748,
1988.806614195, 1.000004818,
1988.827046319, 0.999481794,
1988.908774313, 1.000160330,
1988.929206435, 0.999760138,
1988.949638457, 1.000193913,
1988.970070378, 1.023469015,
1988.990502500, 0.999642553,
1989.010934521, 1.000735899,
1989.031366441, 1.001109568,
1989.051798561, 0.999741410,
1989.072230581, 1.000136896,
1989.092662500, 1.000914957,
1989.113094619, 1.000254673,
1989.133526638, 1.000572901,
1989.153958656, 1.000103834,
1989.174390674, 0.999654306,
1989.194822691, 1.000650240,
1989.215254709, 1.000576800,
1989.256118742, 1.000487847,
1989.276550758, 1.000225010,
1989.296982873, 0.999332751,
1989.317414789, 1.000232000,
1989.378710832, 1.000424915,
1989.399142946, 1.000219456,
1989.419574959, 1.000268563,
1989.440006872, 1.000953264,
1989.460438985, 0.999128739,
1989.480870997, 0.999612958,
1989.501302909, 0.999139105,
1989.521735020, 1.000520575,
1989.542167032, 0.999256866,
1989.562598943, 1.000551145,
1989.583031053, 0.999957398,
1989.603463063, 0.999283012,
1989.623894973, 0.999589021,
1989.644327082, 1.000750507,
1989.664759091, 0.999825056,
1989.685190999, 0.999918860,
1989.705623108, 1.001006273,
1989.726055116, 1.000008887,
1989.746487023, 0.999947516,
1989.766919130, 1.000613886,
1989.787351137, 0.999132391,
1989.807783043, 1.000079949,
1989.869079260, 1.000509731,
1989.889511165, 1.000178108,
1989.909943170, 0.999804801,
1989.930375274, 0.999639223,
1989.950807178, 0.999422084,
1989.971239181, 1.001514852,
1989.991671284, 1.000246304,
1990.012103187, 1.000583111,
1990.032535189, 0.999146843,
1990.052967291, 0.999033375,
1990.073399192, 0.999602596,
1990.093831194, 1.000414047,
1990.114263295, 0.999578176,
1990.134695295, 1.000369944,
1990.155127195, 0.999798392,
1990.175559295, 1.000016496,
1990.195991294, 0.999574074,
1990.216423193, 1.000224887,
1990.236855292, 1.000120325,
1990.257287290, 1.000514329,
1990.277719288, 1.000405836,
1990.298151286, 1.000465633,
1990.359447276, 0.999367986,
1990.379879173, 1.000108437,
1990.400311268, 1.000413656,
1990.441175159, 0.999606790,
1990.461607253, 1.000650692,
1990.482039248, 0.999595152,
1990.502471242, 0.999640421,
1990.522903235, 0.999571514,
1990.543335228, 1.000573893,
1990.604631206, 0.999920300,
1990.625063197, 0.998256757,
1990.645495289, 1.000743191,
1990.665927180, 1.001318601,
1990.686359171, 0.999477579,
1990.706791261, 1.000799522,
1990.727223151, 0.999302030,
1990.747655241, 1.000577364,
1990.768087230, 1.000385421,
1990.788519119, 0.998349884,
1990.849815084, 1.000084402,
1990.870247171, 0.999833079,
1990.890679158, 0.999846151,
1990.911111045, 1.000045443,
1990.931543131, 0.999572480,
1990.951975117, 0.999836001,
1990.972407103, 0.999699426,
1990.992839088, 1.000694693,
1991.013271073, 0.999568321,
1991.033703058, 1.000659474,
1991.054135042, 0.998599924,
1991.074567026, 0.999260194,
1991.094998909, 0.999784391,
1991.115430993, 0.999619541,
1991.135862975, 0.999024031,
1991.156295058, 0.999379538,
1991.176726940, 1.000054518,
1991.197158922, 0.999521479,
1991.217591003, 1.000203047,
1991.238022884, 0.999143526,
1991.258454865, 0.999053590,
1991.278886945, 1.000600198,
1991.340182884, 1.002075028,
1991.360614763, 1.000841729,
1991.381046742, 0.999131952,
1991.401478820, 0.999883118,
1991.421910698, 0.999712456,
1991.442342675, 0.999572746,
1991.462774752, 0.999734511,
1991.483206729, 0.999996325,
1991.503638605, 0.999371964,
1991.524070681, 1.001391130,
1991.544502657, 0.999411166,
1991.564934532, 1.000232848,
1991.585366608, 0.999894148,
1991.605798582, 0.999997052,
1991.626230656, 0.999299318,
1991.646662530, 0.999803562,
1991.667094504, 0.999908503,
1991.687526577, 0.999652845,
1991.707958450, 1.000372960,
1991.728390423, 0.999665826,
1991.748822395, 1.000028978,
1991.769254367, 1.000012652,
1991.789686338, 0.999426248,
1991.810118309, 0.999816690,
1991.830550281, 0.999988602,
1991.850982251, 0.999460701,
1991.871414221, 0.999668658,
1991.891846191, 0.999597417,
1991.912278160, 0.999605940,
1991.932710129, 0.999426439,
1991.953142098, 0.999425597,
1991.973574066, 1.000131465,
1991.994006134, 1.000008367,
1992.014438002, 0.999768246,
1992.075733903, 0.999036355,
1992.096165969, 1.000618621,
1992.116597935, 0.999264931,
1992.137029801, 0.998937125,
1992.157461866, 0.999812333,
1992.177893831, 0.999706376,
1992.198325696, 0.999688726,
1992.218757759, 0.999828171,
1992.239189723, 0.999902322,
1992.259621587, 1.000799187,
1992.300485613, 1.000173585,
1992.320917575, 1.000047114,
1992.341349537, 1.000108384,
1992.361781499, 1.000236203,
1992.382213461, 0.999172242,
1992.402645422, 0.999102143,
1992.423077382, 0.998732991,
1992.443509443, 0.999685804,
1992.463941403, 0.998954994,
1992.484373263, 1.000809432,
1992.504805322, 0.999939047,
1992.525237181, 0.998938999,
1992.545669140, 0.999558269,
1992.566101198, 1.000047120,
1992.586533056, 0.999112841,
1992.606965014, 0.998897889,
1992.668260884, 0.999511303,
1992.688692941, 0.999526013,
1992.709124797, 0.999713417,
1992.729556752, 0.999415009,
1992.749988807, 0.998945885,
1992.811284671, 0.999513433,
1992.831716625, 0.999454097,
1992.852148579, 0.998137050,
1992.872580532, 0.999922323,
1992.893012485, 0.999503726,
1992.913444437, 0.999491854,
1992.954308341, 0.999295695,
1992.974740393, 1.000150558,
1992.995172244, 1.000394096,
1993.015604195, 0.999828863,
1993.036036245, 1.000519715,
1993.056468095, 0.999587725,
1993.076900045, 0.999578170,
1993.097332095, 0.998197581,
1993.117763944, 0.998517804,
1993.138195893, 0.999466221,
1993.158627941, 0.999305083,
1993.179059789, 1.000150883,
1993.199491737, 1.000046046,
1993.219923784, 1.000578443,
1993.240355632, 0.998716868,
1993.301651471, 0.999567720,
1993.322083517, 1.000269132,
1993.342515462, 1.001068754,
1993.362947307, 0.998609646,
1993.383379352, 0.998713782,
1993.403811296, 0.999287793,
1993.424243140, 0.999939468,
1993.444675184, 0.999094747,
1993.465107127, 0.999172736,
1993.485538970, 1.000596972,
1993.546834798, 1.000217541,
1993.567266839, 0.999468618,
1993.587698781, 1.000339075,
1993.608130622, 0.999752785,
1993.628562663, 0.999253317,
1993.648994603, 0.999194571,
1993.669426643, 1.000589685,
1993.689858483, 1.000452180,
1993.710290422, 0.998855776,
1993.730722461, 0.999197570,
1993.751154300, 0.999844447,
1993.771586238, 1.000567548,
1993.792018276, 0.999673150,
1993.812450214, 1.000141584,
1993.832882052, 0.999133984,
1993.853314089, 0.999637158,
1993.873746026, 0.999052984,
1993.894177862, 0.999913447,
1993.914609898, 0.999130296,
1993.935041834, 0.999642332,
1993.955473669, 0.999901610,
1993.975905704, 0.999931307,
1994.037201507, 0.999404086,
1994.057633341, 0.999132400,
1994.078065375, 0.999898648,
1994.098497308, 0.999903973,
1994.118929141, 1.000118211,
1994.139361173, 0.998979976,
1994.159793105, 0.999183904,
1994.180225037, 0.998893479,
1994.200656969, 0.999196121,
1994.221088900, 0.999315359,
1994.282384691, 0.998583347,
1994.302816621, 0.999371720,
1994.323248550, 0.999185020,
1994.343680480, 0.999471032,
1994.364112408, 0.998755202,
1994.384544437, 0.999488110,
1994.404976265, 0.998800778,
1994.425408193, 0.998706252,
1994.445840220, 0.998879788,
1994.466272048, 1.000248482,
1994.486704075, 0.998743959,
1994.507136001, 0.999554670,
1994.527567827, 1.000084561,
1994.547999853, 0.998856632,
1994.568431779, 0.998490172,
1994.588863604, 0.998425600,
1994.609295629, 0.998945942,
1994.629727554, 0.998536546,
1994.650159478, 0.999269776,
1994.670591402, 0.999373237,
1994.691023326, 0.999218888,
1994.711455149, 0.998631791,
1994.772750917, 0.999364934,
1994.793182939, 0.999406101,
1994.813614861, 0.999851922,
1994.834046682, 0.998122562,
1994.854478703, 0.999950327,
1994.874910624, 0.999853644,
1994.895342644, 0.999835479,
1994.915774464, 1.000252132,
1994.936206384, 0.997776551,
1994.956638404, 0.999748645,
1995.017934160, 0.999023445,
1995.038365978, 1.000705406,
1995.058797896, 0.998714707,
1995.079229914, 0.998634955,
1995.099661731, 0.999426470,
1995.120093648, 1.000366540,
1995.140525664, 0.998023588,
1995.160957481, 0.999464971,
1995.181389396, 0.999991985,
1995.201821412, 0.999248600,
1995.263117157, 1.000036624,
1995.283549071, 0.999234233,
1995.303980985, 1.000529536,
1995.324412899, 0.998713669,
1995.344844813, 0.999417239,
1995.365276725, 0.999490392,
1995.385708638, 0.999617699,
1995.406140551, 0.998551227,
1995.426572463, 0.998680847,
1995.447004375, 0.999796449,
1995.467436286, 1.000106108,
1995.487868197, 1.000902129,
1995.508300108, 1.000045171,
1995.528731919, 0.999165498,
1995.549163929, 0.999137401,
1995.569595839, 0.999635491,
1995.590027748, 0.999268356,
1995.610459658, 0.999371073,
1995.630891567, 0.998742769,
1995.651323475, 0.998619548,
1995.671755384, 0.999712097,
1995.692187292, 0.999044700,
1995.753483014, 0.997475001,
1995.773915021, 0.999480601,
1995.794346927, 0.999001756,
1995.814778733, 0.998769532,
1995.835210739, 1.000005134,
1995.855642644, 0.999022145,
1995.876074449, 0.999128099,
1995.896506454, 0.999554473,
1995.916938359, 0.999606884,
1995.937370163, 0.999812332,
1995.998665874, 0.998658972,
1996.019097877, 1.002200019,
1996.039529780, 0.999285813,
1996.059961682, 0.998665048,
1996.080393584, 0.998513567,
1996.100825486, 0.999653638,
1996.121257387, 0.999166802,
1996.141689289, 0.999075278,
1996.162121189, 0.998973633,
1996.182553090, 0.998534474,
1996.202984990, 0.998751556,
1996.223416890, 0.999396320,
1996.243848889, 0.998188723,
1996.264280689, 0.998631640,
1996.284712588, 0.998741149,
1996.305144587, 0.998877701,
1996.325576385, 0.998640078,
1996.346008283, 0.998573147,
1996.366440281, 0.998938443,
1996.386872078, 0.999279414,
1996.407303975, 0.999125109,
1996.427735972, 0.998366198,
1996.489031660, 0.999158996,
1996.509463456, 0.998971619,
1996.529895451, 0.998816572,
1996.550327346, 0.999352487,
1996.570759241, 0.998067408,
1996.591191135, 0.998662528,
1996.611623029, 0.999711361,
1996.632054923, 0.998915080,
1996.652486817, 0.998532163,
1996.672918710, 0.999694917,
1996.734214387, 0.999079764,
1996.754646279, 0.999711158,
1996.775078271, 0.999695291,
1996.795510062, 0.999377586,
1996.815941953, 0.999151432,
1996.836373944, 0.998648659,
1996.856805734, 0.998642972,
1996.877237624, 0.998654299,
1996.897669514, 0.999053359,
1996.918101404, 0.999415036,
1996.979397070, 0.999584384,
1996.999829059, 0.998681631,
1997.020260847, 0.998916524,
1997.040692734, 0.999234736,
1997.061124721, 0.998615695,
1997.101988395, 0.999788260,
1997.122420382, 0.999862765,
1997.142852268, 0.998381918,
1997.163284054, 0.999569269,
1997.224579710, 0.998602726,
1997.245011694, 1.000468986,
1997.265443579, 0.998906310,
1997.285875363, 0.999310724,
1997.306307346, 0.999049933,
1997.326739230, 0.999605386,
1997.347171213, 0.999615360,
1997.367602996, 0.999915121,
1997.388034879, 0.999971828,
1997.408466861, 0.998406979,
1997.428898643, 0.999289267,
1997.449330524, 0.999097881,
1997.469762506, 0.999203480,
1997.490194287, 0.998963988,
1997.510626168, 0.999292701,
1997.531058148, 0.999425012,
1997.551490028, 0.997917905,
1997.571921808, 0.998502589,
1997.592353788, 0.999057330,
1997.612785567, 0.999847947,
1997.633217446, 0.999722028,
1997.653649425, 0.998423416,
1997.714945059, 0.999431843,
1997.735376837, 0.997740227,
1997.755808814, 0.999234149,
1997.776240691, 0.997875680,
1997.796672467, 0.999018157,
1997.817104444, 0.998155250,
1997.837536320, 0.998342849,
1997.857968096, 0.999058631,
1997.878400071, 0.998444587,
1997.898831946, 0.998420030,
1997.980559444, 0.999662354,
1998.000991318, 1.000800348,
1998.021423191, 0.999635875,
1998.041855064, 0.999164958,
1998.062287037, 0.998648898,
1998.082718810, 0.999247824,
1998.103150782, 0.998879619,
1998.123582654, 0.999019711,
1998.144014425, 0.998284810,
1998.164446397, 0.998680917,
1998.184878268, 0.999018251,
1998.205310039, 0.998624399,
1998.225742009, 0.999032389,
1998.246173879, 0.998571555,
1998.266605649, 0.998781256,
1998.287037619, 0.998263218,
1998.307469488, 0.998861002,
1998.348333226, 0.999079376,
1998.368764994, 0.999148103,
1998.389196963, 0.998540910,
1998.450492465, 0.999001693,
1998.470924432, 0.997697544,
1998.491356299, 0.999069783,
1998.511788165, 0.998963893,
1998.532220032, 0.998734144,
1998.552651897, 0.998708488,
1998.573083863, 0.999212050,
1998.593515628, 1.000725331,
1998.613947493, 0.998445683,
1998.634379458, 0.997349318,
1998.695675050, 0.998843607,
1998.716106814, 0.998850534,
1998.736538677, 0.998750901,
1998.756970640, 0.999594589,
1998.777402403, 0.999460286,
1998.797834265, 0.999663429,
1998.818266228, 0.999500104,
1998.838697989, 0.998940093,
1998.859129851, 1.000003613,
1998.879561812, 0.998310082,
1998.899993673, 0.998954274,
1998.920425534, 0.998918448,
1998.940857394, 0.999560056,
1998.961289255, 0.998168192,
1998.981721115, 0.998602389,
1999.002152974, 0.998912482,
1999.022584833, 0.998643477,
1999.043016792, 0.998097214,
1999.063448551, 0.999222046,
1999.083880409, 0.998785867,
1999.104312268, 0.999006510,
1999.124744126, 0.998769174,
1999.186039698, 0.998625414,
1999.206471454, 0.998161269,
1999.226903411, 0.999435503,
1999.247335267, 0.999543492,
1999.267767223, 0.998409815,
1999.288198979, 0.999126719,
1999.308630834, 0.999483286,
1999.329062789, 0.998993602,
1999.349494544, 0.999745453,
1999.369926398, 0.999369165,
1999.390358353, 0.999706482,
1999.410790207, 0.998405466,
1999.431221960, 0.999025168,
1999.451653914, 0.999593939,
1999.472085767, 0.998480121,
1999.492517520, 0.998775432,
1999.512949472, 0.998355811,
1999.533381324, 0.998352480,
1999.553813076, 0.998700782,
1999.574245028, 0.997948015,
1999.594676880, 0.999214015,
1999.615108631, 0.999398641,
1999.676404383, 0.998759001,
1999.696836133, 0.999407921,
1999.717267982, 0.998301210,
1999.737699932, 0.998113777,
1999.758131681, 0.998810793,
1999.778563530, 0.998686200,
1999.798995479, 0.999002573,
1999.819427227, 0.998498331,
1999.860290923, 0.997488258,
1999.921586465, 0.998990775,
1999.942018312, 0.998238561,
1999.962450158, 0.998037446,
1999.982882105, 0.997816914,
2000.003313850, 1.001159920,
2000.023745796, 0.998797115,
2000.044177641, 0.998259584,
2000.064609387, 0.997828859,
2000.085041331, 0.998096258,
2000.105473176, 0.999369859,
2000.125904920, 0.998848618,
2000.146336864, 0.998159167,
2000.166768708, 0.998885830,
2000.187200451, 0.998710454,
2000.207632395, 0.999576594,
2000.228064238, 0.998896918,
2000.248496080, 0.999096222,
2000.268927923, 0.998390692,
2000.289359765, 0.998512192,
2000.309791607, 0.998742345,
2000.330223448, 0.999168990,
2000.350655290, 0.999169910,
2000.411950812, 0.998087245,
2000.432382752, 0.998264107,
2000.452814592, 0.998611458,
2000.473246332, 0.998204347,
2000.493678271, 0.999440956,
2000.514110110, 0.999142024,
2000.534541849, 0.998208898,
2000.554973788, 0.998353245,
2000.575405626, 0.998514569,
2000.595837364, 0.998761961,
2000.636701040, 0.998804883,
2000.657132877, 0.999313216,
2000.677564814, 0.998469479,
2000.697996551, 1.000923478,
2000.718428387, 0.998610037,
2000.738860323, 0.998815763,
2000.779723995, 0.998582178,
2000.800155830, 0.999153391,
2000.820587665, 0.998137856,
2000.841019500, 0.998000135,
2000.861451335, 0.997492539,
2000.881883169, 1.000332162,
2000.902315003, 1.001437770,
2000.922746837, 0.998666691,
2000.963610604, 0.999306476,
2000.984042337, 0.999154929,
2001.004474170, 0.998645180,
2001.024906102, 0.999416018,
2001.045337834, 1.000082380,
2001.065769666, 0.999142913,
2001.086201598, 0.999933822,
2001.147497092, 1.009429302,
2001.167928822, 0.999186035,
2001.208792583, 0.999735297,
2001.229224412, 0.998343799,
2001.249656242, 0.999016477,
2001.270087972, 0.998092124,
2001.290519901, 0.999267598,
2001.310951729, 0.999072802,
2001.331383558, 0.998582777,
2001.351815286, 0.998262794,
2001.372247214, 0.998986422,
2001.392679042, 0.998652786,
2001.413110770, 0.999394882,
2001.433542697, 0.999323040,
2001.453974524, 0.998964698,
2001.474406251, 0.998216497,
2001.494838177, 0.998999436,
2001.515270003, 0.998806968,
2001.535701929, 0.998385812,
2001.556133655, 0.998261580,
2001.576565480, 0.998935623,
2001.637860955, 0.999266574,
2001.658292879, 0.998813078,
2001.678724604, 0.998114927,
2001.699156428, 0.998387399,
2001.719588351, 0.998425981,
2001.740020075, 0.998691552,
2001.760451898, 0.999112830,
2001.780883820, 0.998802186,
2001.801315643, 0.998150013,
2001.821747365, 0.998569485,
2001.842179287, 0.998000297,
2001.862611109, 0.998898854,
2001.883043031, 0.998943827,
2001.903474752, 0.998548031,
2001.923906573, 0.998484411,
2001.944338494, 0.997678084,
2001.964770214, 0.997569791,
2001.985202035, 0.998172236,
2002.005633855, 0.998728553,
2002.026065675, 0.999679665,
2002.046497494, 0.999325238,
2002.066929314, 0.998679851,
2002.128224770, 0.997817561,
2002.148656588, 0.998376141,
2002.169088406, 0.998721047,
2002.189520224, 0.997839110,
2002.209952041, 0.999298697,
2002.230383958, 0.998820070,
2002.250815675, 0.997702637,
2002.271247492, 0.998451319,
2002.291679409, 0.998743314,
2002.312111225, 0.998742785,
2002.332542941, 0.998542825,
2002.352974857, 0.998660071,
2002.373406672, 0.999600849,
2002.393838388, 0.997938323,
2002.414270302, 0.998546028,
2002.434702117, 0.997854129,
2002.455133832, 0.998379603,
2002.475565746, 0.997812469,
2002.495997560, 0.999667007,
2002.516429274, 0.998259810,
2002.536861187, 0.998036821,
2002.557293000, 0.998776036,
2002.639020351, 0.999344224,
2002.659452063, 0.998802789,
2002.679883875, 0.999908627,
2002.700315786, 0.998123329,
2002.720747497, 0.998602825,
2002.741179309, 0.998333373,
2002.761611119, 0.997578048,
2002.782042930, 0.998693567,
2002.802474740, 0.998721449,
2002.822906650, 0.998483352,
2002.843338360, 0.998797437,
2002.863770169, 0.997721140,
2002.884202079, 0.998797959,
2002.904633788, 0.999537499,
2002.925065596, 0.999489928,
2002.945497505, 0.998710810,
2002.965929213, 0.999811617,
2002.986361121, 0.998080464,
2003.006792929, 0.998137688,
2003.027224637, 0.998921068,
2003.047656544, 0.998367667,
2003.108951964, 0.998971743,
2003.129383771, 0.998829613,
2003.149815577, 0.998240448,
2003.170247383, 0.998853156,
2003.190679188, 0.998321611,
2003.211110994, 0.998791856,
2003.231542799, 0.999244211,
2003.251974604, 0.998874081,
2003.272406408, 0.997912570,
2003.292838313, 0.998802060,
2003.313270017, 0.998043958,
2003.333701921, 0.998723594,
2003.354133724, 0.998593986,
2003.374565428, 0.997930785,
2003.394997331, 0.998218721,
2003.415429134, 1.000091633,
2003.435860837, 0.999214271,
2003.456292739, 0.998769730,
2003.476724441, 1.000716384,
2003.497156243, 1.001079606,
2003.517588145, 0.998525080,
2003.538019847, 0.997848730,
2003.599315250, 0.997831443,
2003.619747050, 0.998716844,
2003.640178951, 0.998680735,
2003.660610751, 0.998647675,
2003.681042551, 0.998654369,
2003.701474350, 0.998372701,
2003.721906149, 0.998027789,
2003.742337948, 0.998088946,
2003.762769747, 0.998648661,
2003.783201546, 0.998502319,
2003.803633444, 0.998630945,
2003.824065143, 0.998816021,
2003.844496940, 0.998607128,
2003.864928838, 0.998982729,
2003.885360536, 0.998384553,
2003.905792333, 0.998223195,
2003.926224230, 0.999385553,
2003.946655927, 0.998217983,
2003.967087723, 0.998294114,
2003.987519619, 0.997874666,
2004.007951315, 0.998440832,
2004.028383211, 0.998622647,
2004.089678597, 0.998107373,
2004.110110392, 0.998647152,
2004.130542187, 0.997910120,
2004.150973981, 0.998955159,
2004.171405775, 0.998652363,
2004.191837569, 0.996817720,
2004.212269363, 0.998810721,
2004.232701156, 0.998223237,
2004.253132850, 0.998230798,
2004.273564743, 0.997967847,
2004.293996535, 0.997772638,
2004.314428228, 0.998431051,
2004.334860120, 0.998348431,
2004.355291912, 0.997720775,
2004.375723804, 0.997819734,
2004.396155496, 0.998553554,
2004.416587287, 0.998529172,
2004.437019178, 0.998500158,
2004.457450869, 0.998308105,
2004.477882660, 0.999052850,
2004.498314550, 0.998666142,
2004.518746241, 0.998408364,
2004.580041610, 0.998568977,
2004.600473399, 0.997629521,
2004.620905288, 1.000454459,
2004.641337077, 0.998838253,
2004.661768766, 0.997884664,
2004.682200654, 0.997532118,
2004.702632442, 0.999014444,
2004.723064230, 0.998578163,
2004.743496018, 0.999162740,
2004.763927805, 0.998497782,
2004.825223166, 0.998969018,
2004.845654953, 0.999240515,
2004.866086739, 0.998220749,
2004.886518525, 0.998545847,
2004.927382097, 0.998623187,
2004.947813882, 0.998176712,
2004.968245667, 0.998421274,
2004.988677453, 0.997840391,
2005.009109237, 0.999622855,
2005.029541022, 0.998014165,
2005.049972806, 0.999000230,
2005.070404690, 0.997978353,
2005.090836374, 0.998951745,
2005.111268158, 0.998714756,
2005.131700041, 0.998335333,
2005.152131824, 0.997806780,
2005.172563507, 0.998793169,
2005.192995390, 0.996905465,
2005.213427172, 0.998163842,
2005.233858855, 0.998224988,
2005.254290737, 0.998788446,
2005.295154200, 0.999196952,
2005.315586082, 0.999167607,
2005.336017863, 0.998834103,
2005.356449544, 0.998690556,
2005.376881424, 0.998280037,
2005.397313205, 0.997708155,
2005.417745085, 0.997893268,
2005.438176765, 0.999353995,
2005.458608545, 0.997973154,
2005.479040425, 0.996877395,
2005.499472104, 0.998024445,
2005.519903883, 0.997785690,
2005.540335762, 0.998166943,
2005.560767441, 0.998265458,
2005.581199220, 0.997397226,
2005.601631098, 0.998138747,
2005.622062776, 0.998301094,
2005.642494554, 0.998421298,
2005.662926331, 0.998325265,
2005.683358109, 0.998165764,
2005.703789886, 0.999726650,
2005.724221763, 0.998046240,
2005.744653440, 0.999332851,
2005.805948769, 0.998191373,
2005.826380645, 0.997784823,
2005.846812420, 0.998358369,
2005.867244096, 0.999233927,
2005.887675971, 0.998971063,
2005.908107746, 0.998615118,
2005.928539421, 0.998107651,
2005.948971295, 0.997934417,
2005.969403070, 0.998659511,
2005.989834844, 0.998421568,
2006.010266618, 0.997907149,
2006.030698392, 0.997635895,
2006.051130165, 0.999373709,
2006.071561938, 0.997861840,
2006.112425584, 0.998687633,
2006.132857257, 0.999956654,
2006.153289030, 0.998599183,
2006.173720902, 0.998126991,
2006.194152674, 0.998503918,
2006.214584346, 0.998973884,
2006.235016217, 0.997304288,
2006.255447988, 0.997808476,
2006.275879660, 0.998510805,
2006.296311531, 0.999612355,
2006.316743301, 0.998123790,
2006.337174972, 0.997976151,
2006.357606842, 0.997980866,
2006.378038512, 0.997088249,
2006.398470282, 0.998368043,
2006.418902152, 0.999226395,
2006.439333821, 0.998721633,
2006.459765691, 0.997858619,
2006.480197460, 0.999251550,
2006.541492765, 0.997950406,
2006.561924534, 0.999287030,
2006.582356302, 0.997561361,
2006.602788070, 0.999564076,
2006.623219837, 0.997727372,
2006.643651704, 0.998545211,
2006.664083371, 0.997453931,
2006.684515138, 0.997955496,
2006.704947005, 0.998876490,
2006.725378672, 1.000856042,
2006.745810438, 0.998783307,
2006.766242304, 0.997846050,
2006.786673970, 0.998742048,
2006.807105836, 0.997484996,
2006.827537601, 0.997653807,
2006.847969266, 0.997972174,
2006.868401131, 0.999034422,
2006.888832896, 0.998906106,
2006.909264561, 0.996985924,
2006.929696425, 0.997843563,
2006.950128190, 0.998488154,
2006.970559854, 0.998132215,
2007.031855244, 0.998734259,
2007.052287008, 0.998564919,
2007.072718771, 0.997545191,
2007.093150534, 0.998975436,
2007.113582296, 0.998526476,
2007.134014059, 0.997618352,
2007.154445821, 0.997990516,
2007.174877583, 0.998586906,
2007.195309344, 0.997336955,
2007.215741206, 0.998895147,
2007.236172867, 0.998944316,
2007.256604628, 0.998748744,
2007.277036490, 0.998197789,
2007.297468150, 0.997994453,
2007.317899911, 0.998907177,
2007.338331771, 0.997841978,
2007.358763431, 0.997942362,
2007.379195191, 0.998086445,
2007.399627051, 0.997944978,
2007.420058711, 0.997992314,
2007.440490570, 0.998073871,
2007.460922329, 0.997146899,
2007.522217605, 0.997731192,
2007.542649363, 0.998499967,
2007.563081122, 0.997993557,
2007.583512880, 0.998079032,
2007.603944637, 0.999362963,
2007.624376495, 0.997391703,
2007.644808152, 0.998116268,
2007.665239909, 0.997587187,
2007.685671766, 0.996788483,
2007.706103423, 0.997742274,
2007.726535179, 0.998883349,
2007.746966936, 0.997944916,
2007.767398692, 0.997697328,
2007.787830548, 0.998573351,
2007.808262303, 0.998186965,
2007.828693959, 0.998288087,
2007.849125815, 0.997351582,
2007.869557470, 0.997777660,
2007.889989225, 0.997635784,
2007.910421079, 0.997944494,
2007.930852734, 0.997727085,
2007.951284488, 0.997902856,
2007.971716342, 0.997933725,
2007.992147996, 0.997704243,
2008.012579750, 0.997695186,
2008.033011604, 0.998274306,
2008.053443357, 0.998979041,
2008.073875010, 0.997473033,
2008.094306863, 0.998450131,
2008.114738616, 0.998410630,
2008.135170369, 0.997396794,
2008.176033873, 0.997462996,
2008.196465725, 0.997820079,
2008.257760980, 0.997800346,
2008.278192631, 0.997993660,
2008.298624382, 0.997949782,
2008.319056233, 0.998030464,
2008.339487884, 0.998009865,
2008.359919634, 0.997502785,
2008.380351485, 0.998192392,
2008.400783135, 0.998189429,
2008.421214885, 0.998275680,
2008.441646734, 0.998626510,
2008.523373731, 0.998855107,
2008.543805480, 0.997974536,
2008.564237229, 0.998072708,
2008.584668877, 0.998120116,
2008.605100725, 0.998086306,
2008.625532473, 0.998481046,
2008.645964121, 0.998000336,
2008.666395968, 0.999041664,
2008.686827716, 0.997596151,
2008.727691210, 0.998233813,
2008.748122957, 0.997330241,
2008.768554803, 0.998956975,
2008.788986450, 0.998841867,
2008.809418196, 0.998614625,
2008.829850042, 0.998618020,
2008.850281688, 0.998027180,
2008.870713434, 0.997498272,
2008.891145279, 0.997920814,
2008.911576925, 0.998176690,
2008.932008670, 0.998236714,
2008.952440515, 0.998157307,
2008.972872160, 0.998684767,
2008.993303904, 0.997032563,
2009.013735749, 0.997397536,
2009.034167493, 0.997842387,
2009.054599137, 0.998303716,
2009.075030981, 0.998785316,
2009.095462724, 0.998368394,
2009.115894468, 0.997734562,
2009.136326211, 0.997993306,
2009.156757954, 0.998711955,
2009.177189797, 0.998126751,
2009.238484925, 0.997205877,
2009.258916667, 0.997932970,
2009.279348309, 0.998922832,
2009.299780151, 0.997941283,
2009.320211893, 0.997803723,
2009.340643534, 0.998010150,
2009.361075375, 0.997374291,
2009.381507116, 0.998163932,
2009.401938957, 0.997640207,
2009.422370598, 0.997736467,
2009.442802339, 0.997305768,
2009.463234179, 0.998287149,
2009.483665819, 0.997924607,
2009.504097559, 0.997773938,
2009.524529399, 0.997314857,
2009.544961139, 0.997430466,
2009.565392778, 0.998075556,
2009.585824617, 0.997783377,
2009.606256356, 0.998384044,
2009.626687995, 0.998653064,
2009.647119834, 0.996554218,
2009.667551573, 0.996794892,
2009.687983211, 0.997242715,
2009.708415049, 0.997959835,
2009.728846787, 0.997788306,
2009.749278625, 0.998600363,
2009.769710263, 0.997189331,
2009.790142000, 0.997167769,
2009.810573838, 0.997491450,
2009.831005475, 0.997209939,
2009.851437212, 0.997941007,
2009.871868948, 0.998689493,
2009.892300685, 0.998556725,
2009.912732421, 0.997437494,
2009.974027629, 0.998148775,
2009.994459365, 0.997108253,
2010.014891101, 0.997916013,
2010.035322836, 0.996975492,
2010.055754571, 0.998679427,
2010.076186306, 0.998801463,
2010.096618141, 0.997434641,
2010.117049876, 0.998279659,
2010.137481510, 0.997608003,
2010.157913344, 0.997874337,
2010.178345079, 0.996459744,
2010.198776713, 0.997683088,
2010.219208547, 0.998741859,
2010.239640280, 0.998099323,
2010.260071914, 0.997566817,
2010.280503747, 0.997745462,
2010.300935480, 0.997941346,
2010.321367113, 0.997507334,
2010.341798946, 0.997944179,
2010.362230678, 0.997312401,
2010.382662510, 0.997499563,
2010.403094143, 0.997604884,
2010.464389338, 0.999245914,
2010.484821070, 0.999197983,
2010.505252901, 0.997560588,
2010.525684632, 0.998752777,
2010.546116263, 0.998706470,
2010.566548094, 0.997683922,
2010.586979825, 0.997779151,
2010.607411455, 0.997542085,
2010.627843286, 0.996507052,
2010.648275016, 0.997235045,
2010.668706646, 0.997498759,
2010.689138476, 0.998334692,
2010.709570105, 0.996808110,
2010.730001935, 0.997407466,
2010.750433664, 0.997979841,
2010.770865293, 0.997412703,
2010.791297122, 0.997723515,
2010.811728851, 0.998088987,
2010.852592308, 0.997962095,
2010.873024037, 0.995886902,
2010.893455665, 0.998032859,
2010.913887493, 0.997826809,
2010.934319220, 0.997354931,
2010.954750948, 0.998128836,
2010.975182676, 0.997482458,
2010.995614403, 0.997181584,
2011.036477957, 0.997632159,
2011.056909584, 0.997748563,
2011.077341410, 0.997599711,
2011.097773137, 0.997948920,
2011.118204763, 0.997037955,
2011.138636589, 0.996764846,
2011.179499941, 0.996872821,
2011.199931767, 0.997805019,
2011.220363492, 0.997725370,
2011.240795118, 0.998566097,
2011.261226943, 0.997533538,
2011.281658668, 0.997388562,
2011.302090293, 0.997209812,
2011.322522117, 0.998001320,
2011.342953842, 0.997705210,
2011.363385566, 0.998107446,
2011.383817290, 0.996499359,
2011.445112462, 0.997515064,
2011.465544185, 0.997211106,
2011.485975909, 0.997381173,
2011.506407632, 0.997022042,
2011.526839355, 0.997470602,
2011.547271178, 0.997308286,
2011.567702801, 0.996659007,
2011.588134523, 0.996707869,
2011.608566345, 0.997164480,
2011.628997968, 0.996999153,
2011.649429790, 0.995959195,
2011.669861512, 0.997462059,
2011.690293133, 0.997167938,
2011.710724955, 0.997637639,
2011.731156676, 0.997102816,
2011.751588298, 0.996471483,
2011.772020119, 0.996950078,
2011.792451840, 0.997824566,
2011.812883461, 0.997020042,
2011.833315281, 0.997644022,
2011.853747002, 0.996831333,
2011.874178722, 0.997700312,
2011.894610442, 0.996788111,
2011.915042162, 0.997119126,
2011.935473982, 0.996759791,
2011.955905602, 0.996622666,
2011.976337321, 0.997307106,
2011.996769141, 0.997290896,
2012.017200860, 0.996711745,
2012.037632479, 0.996537899,
2012.058064298, 0.996396919,
2012.078495917, 0.997279071,
2012.098927635, 0.996961731,
2012.119359454, 0.996654078,
2012.139791072, 0.996526431,
2012.160222790, 0.996530568,
2012.180654608, 0.997118149,
2012.201086226, 0.996868261,
2012.221517944, 0.997339142,
2012.241949761, 0.997331414,
2012.262381379, 0.996330059,
2012.282813196, 0.996969651,
2012.303244913, 0.996615586,
2012.323676530, 0.996669005,
2012.344108347, 0.997030410,
2012.364540063, 0.996688872,
2012.425835212, 0.996771092,
2012.446266928, 0.998927927,
2012.466698644, 0.996404523,
2012.487130360, 0.998175514,
2012.507562075, 0.997813433,
2012.527993791, 0.996876570,
2012.548425506, 0.997787177,
2012.568857321, 0.997727001,
2012.589289036, 0.997104097,
2012.609720651, 0.996706407,
2012.630152465, 0.996851144,
2012.650584180, 0.996987278,
2012.671015794, 0.997346455,
2012.691447608, 0.996491968,
2012.711879322, 0.996950023,
2012.732310936, 0.996971642,
2012.752742750, 0.996509965,
2012.773174464, 0.997433546,
2012.793606077, 0.997961657,
2012.814037890, 0.996758582,
2012.834469603, 0.997081685,
2012.854901317, 0.997461987,
2012.916196455, 0.998121307,
2012.936628167, 0.996159263,
2012.957059879, 0.996701735,
2012.977491592, 0.996634241,
2012.997923303, 0.996334733,
2013.018355015, 0.997388773,
2013.038786727, 0.997555826,
2013.059218438, 0.997010232,
2013.079650150, 0.996937262,
2013.100081961, 0.996807985,
2013.120513572, 0.996156477,
2013.140945383, 0.997680630,
2013.161377094, 0.997401971,
2013.181808705, 0.996653989,
2013.202240515, 0.997563785,
2013.222672225, 0.998261888,
2013.243103836, 0.996091682,
2013.263535646, 0.996707482,
2013.283967356, 0.996075241,
2013.304398965, 0.999336049,
2013.324830775, 0.997608439,
2013.345262484, 0.996959242,
2013.365694094, 0.997124610,
2013.386125903, 0.996705659,
2013.406557612, 0.996676260,
2013.426989321, 0.997319010,
2013.447421030, 0.997455216,
2013.467852739, 0.997233682,
2013.488284447, 0.996177566,
2013.508716156, 0.997630865,
2013.529147864, 0.997043334,
2013.549579572, 0.996895660,
2013.570011280, 0.996936936,
2013.590442988, 0.997719764,
2013.610874795, 0.997019875,
2013.631306403, 0.996466642,
2013.651738110, 0.996222075,
2013.672169917, 0.997129942,
2013.692601525, 0.996297404,
2013.713033231, 0.997224839,
2013.733465038, 0.996600380,
2013.753896645, 0.997757273,
2013.774328451, 0.996443581,
2013.794760158, 0.997076288,
2013.815191764, 0.997270450,
2013.835623570, 0.997437064,
2013.896918688, 0.996540459,
2013.917350393, 0.996111356,
2013.937782099, 0.997105629,
2013.958213804, 0.996726353,
2013.978645509, 0.996862694,
2013.999077215, 0.996522104,
2014.019508919, 0.996918212,
2014.039940624, 0.996638113,
2014.060372429, 0.996808333,
2014.080804133, 0.997157328,
2014.101235738, 0.996324960,
2014.121667542, 0.997026037,
2014.142099246, 0.996805344,
2014.162530850, 0.996079042,
2014.203394357, 0.996759613,
2014.223825961, 0.996501137,
2014.244257764, 0.996350046,
2014.264689368, 0.996483398,
2014.285121071, 0.996054185,
2014.305552874, 0.996652476,
2014.325984477, 0.996040549,
2014.346416279, 0.996037409,
2014.366847982, 0.996537214,
2014.387279584, 0.996373580,
2014.407711387, 0.997232466,
2014.428143089, 0.996296501,
2014.448574791, 0.996104383,
2014.469006493, 0.996150504,
2014.489438195, 0.995931258,
2014.509869896, 0.995962669,
2014.530301598, 0.996779775,
2014.550733299, 0.995879184,
2014.571165001, 0.996706941,
2014.591596802, 0.995927163,
2014.612028403, 0.996872216,
2014.632460204, 0.996105668,
2014.652891905, 0.995609076,
2014.673323505, 0.996268468,
2014.693755306, 1.002997629,
2014.714187006, 0.996109778,
2014.734618606, 0.995918512,
2014.755050407, 0.996914831,
2014.775482107, 0.996038068,
2014.795913706, 0.995731758,
2014.816345506, 0.996756996,
2014.877640605, 0.995672606,
2014.898072304, 0.997015799,
2014.918504003, 0.996287135,
2014.938935702, 0.996389019,
2014.959367401, 0.996070812,
2014.979799100, 0.995405795,
2017.860668048, 1.000977546,
2017.881099831, 1.002088295,
2017.901531414, 1.001066858,
2017.921963096, 1.002174546,
2017.942394879, 1.001577081,
2017.962826461, 1.002365807,
2017.983258144, 1.001203737,
2018.003689926, 1.002356141,
2018.024121508, 1.002506656,
2018.044553190, 1.001484540,
2018.064984972, 1.000498237,
2018.085416554, 1.002259603,
2018.105848335, 1.001621676,
2018.126280017, 1.001608580,
2018.146711699, 1.001248484,
2018.167143380, 1.001246156,
2018.187575062, 1.001645615,
2018.208006743, 1.002666609,
2018.228438424, 1.000698525,
2018.248870105, 1.001203312,
2018.269301786, 1.001581871,
2018.289733567, 1.002209859,
2018.310165148, 1.001459177,
2018.330596829, 1.001352873,
2018.351028609, 1.000965552,
2018.371460190, 1.001839841,
2018.391891970, 1.001651931,
2018.412323651, 1.001387996,
2018.432755231, 1.000771150,
2018.453187011, 1.001242071,
2018.473618691, 1.001875676,
2018.494050271, 1.001396621,
2018.514482051, 1.001875739,
2018.534913631, 1.001111597,
2018.555345310, 1.001991046,
2018.575777090, 1.001294637,
2018.596208669, 1.000685089,
2018.616640449, 1.001871914,
2018.637072128, 1.001598875,
2018.657503807, 1.000992825,
2018.677935487, 1.002149437,
2018.698367166, 1.001628443,
2018.718798845, 1.000889880,
2018.739230524, 1.001199242,
2018.800525660, 1.002481853,
2018.820957238, 1.001383960,
2018.841389017, 1.001252144,
2018.861820695, 1.001355142,
2018.882252273, 1.001592454,
2018.902684052, 1.002305300,
2018.923115730, 1.001124003,
2018.943547308, 1.002107875,
2018.963979086, 1.001624699,
2018.984410763, 1.001544112,
2019.004842341, 1.001760950,
2019.025274119, 1.001540874,
2019.045705797, 1.001729354,
2019.066137374, 1.001089998,
2019.086569151, 1.001982016,
2019.107000829, 1.001084086,
2019.127432506, 1.001837930,
2019.147864183, 1.001637021,
2019.168295860, 1.001515331,
2019.188727537, 1.002132087,
2019.209159214, 1.001414763,
2019.229590891, 1.001264509,
2019.250022568, 1.000911382,
2019.270454244, 1.001280195,
2019.290885921, 1.001105115,
2019.311317597, 1.001553497,
2019.331749274, 1.001922128,
2019.352181050, 1.002620313,
2019.372612727, 1.002408906,
2019.393044303, 1.001936579,
2019.413476079, 1.001965430,
2019.433907755, 1.002381375,
2019.454339331, 1.001911127,
2019.474771106, 1.001136368,
2019.495202782, 1.001388848,
2019.515634358, 1.000977383,
2019.536066134, 1.002537764,
2019.556497809, 1.001666804,
2019.576929384, 1.001865389,
2019.597361160, 1.001336340,
2019.617792835, 1.002018855,
2019.638224610, 1.002122606,
2019.658656185, 1.001019643,
2019.699519635, 1.002006391,
2019.719951210, 1.001069788,
2019.781246334, 1.000535045,
2019.801677909, 1.001190034,
2019.822109683, 1.002907105,
2019.842541358, 1.001614918,
2019.862973032, 1.001698327,
2019.883404706, 1.002131565,
2019.903836281, 1.002457188,
2019.924268055, 1.002092947,
2019.944699729, 1.002029137,
2019.965131303, 1.001876219,
2019.985563077, 1.000463879,
2020.005994750, 1.000223012,
2020.026426324, 1.002103896,
2020.046858098, 1.001328937,
2020.067289771, 1.001156123,
2020.087721345, 1.002610546,
2020.108153118, 1.002141730,
2020.128584792, 1.001597898,
2020.149016565, 1.000321392,
2020.169448138, 1.001564507,
2020.189879811, 1.002089873,
2020.210311584, 1.002391771,
2020.230743157, 1.001453716,
2020.251174830, 1.000343791,
2020.271606603, 1.001576736,
2020.292038275, 1.002258955,
2020.312469848, 1.002185861,
2020.332901621, 1.001705451,
2020.353333293, 1.001319718,
2020.373764966, 1.001953974,
2020.394196638, 1.001320246,
2020.414628311, 1.002410734,
2020.435060083, 1.001455343,
2020.455491655, 1.001823349,
2020.475923327, 1.000905506,
2020.496354999, 1.000007393,
2020.516786671, 1.001581542,
2020.537218343, 1.001783165,
2020.557650015, 1.002237213,
2020.578081686, 1.001437229,
2020.598513358, 1.001679008,
2020.618945030, 1.001658769,
2020.639376701, 1.002067753,
2020.659808473, 1.002179570,
2020.680240044, 1.001928885,
2020.700671715, 1.001837988,
2020.721103487, 1.001795695,
2020.741535058, 1.002127477,
2020.761966729, 1.002365152,
2020.782398500, 1.004032539,
2020.802830171, 1.001978849,
2020.823261742, 1.001563622,
2020.843693513, 1.001667752,
2020.864125184, 1.001570806,
2020.884556854, 1.001008571,
2020.904988525, 1.001625414,
2020.925420196, 1.000896352,
2020.945851866, 1.001512470,
2020.966283537, 1.001960743,
2020.986715207, 1.000555872,
2021.007146977, 1.000708069,
2021.027578547, 1.002361316,
2021.048010218, 1.000290165,
2021.068441988, 1.001509280,
2021.088873558, 1.001019041,
2021.109305228, 1.002173562,
2021.129736998, 1.001861792,
2021.150168568, 1.000990355,
2021.170600337, 1.001229715,
2021.191032007, 1.000770103,
2021.211463577, 1.000981782,
2021.231895346, 1.001581496,
2021.252327016, 1.001653709,
2021.272758585, 1.001830583,
2021.293190355, 1.001453917,
2021.313621924, 1.001427338,
2021.334053593, 1.001741341,
2021.354485363, 1.001230486,
2021.374917032, 1.002122767,
2021.395348701, 1.001751795,
2021.415780370, 1.001422376,
2021.436212039, 1.000870915,
2021.456643708, 1.001271045,
2021.477075377, 1.001135467,
2021.517938814, 1.001851156,
2021.538370383, 1.001450347,
2021.558802052, 1.001116325,
2021.579233820, 1.001209104,
2021.599665389, 1.001180601,
2021.620097157, 1.000778880,
2021.640528825, 1.000750077,
2021.660960394, 1.001310516,
2021.681392162, 1.000452627,
2021.722255398, 1.000594441,
2021.742687167, 1.001150447,
2021.763118834, 1.001511928,
2021.783550402, 1.001672184,
2021.803982170, 1.001892805,
2021.824413838, 1.001558116,
2021.844845506, 1.000612098,
2021.865277174, 1.000618929,
2021.885708841, 1.002193143,
2021.906140509, 1.001148648,
2021.926572177, 1.001740165,
2021.947003844, 1.000788364,
2021.967435512, 1.001367756,
2021.987867179, 1.001338222,
2022.008298846, 1.001437999,
2022.028730614, 1.000877867,
2022.049162181, 1.002175916,
2022.069593848, 1.001707352,
2022.090025615, 1.001004901,
2022.110457182, 1.001725255,
2022.130888949, 1.001160428,
2022.151320616, 1.000635807,
2022.171752183, 1.002225478,
2022.192183950, 1.000795661,
2022.212615617, 1.001080832,
2022.233047183, 1.003348442,
2022.253478950, 1.001396149,
2022.273910617, 1.001909885,
2022.294342183, 1.000476120,
2022.314773950, 1.000805586,
2022.335205616, 1.001101376,
2022.355637383, 1.000880694,
2022.376068949, 1.000186747,
2022.396500615, 1.000562474,
2022.416932382, 1.001468692,
2022.478227380, 1.000292420,
2022.498659046, 1.001697388,
2022.519090612, 1.001343607,
2022.539522378, 1.000758159,
2022.559954044, 1.001690524,
2022.580385610, 1.001675125,
2022.600817376, 0.999850122,
2022.621249042, 1.001130089,
2022.641680707, 1.002016276,
2022.662112373, 1.001663768,
2022.682543939, 1.000954252,
2022.702975704, 1.000719105,
2022.723407370, 1.001379204,
2022.743838935, 1.001277654,
2022.764270701, 1.001203464,
2022.784702366, 1.002020271,
2022.805133931, 1.000546232,
2022.825565697, 1.000307102,
2022.845997362, 1.001689687,
2022.866429127, 1.001722305,
2022.886860692, 1.002472446,
2022.907292357, 1.000907908,
2022.927724122, 1.001309332,
2022.948155687, 1.001331536,
2022.968587352, 1.001043210,
2022.989019117, 1.000709317,
2023.009450782, 1.000483786,
2023.029882347, 1.001373262,
2023.050314112, 1.001008545,
2023.070745776, 1.000091822,
2023.091177441, 1.001095283,
2023.111609106, 1.001105520,
2023.132040770, 1.000645600,
2023.152472535, 1.001220465,
2023.193335764, 1.000513601,
2023.213767528, 1.001026159,
2023.234199092, 1.001224260,
2023.254630757, 1.000422874,
2023.275062521, 1.000288515,
2023.295494085, 1.000288294,
2023.336357514, 1.001437496,
2023.356789078, 1.001570037,
2023.377220842, 1.000626394,
2023.397652406, 1.000957246,
2023.438515834, 1.001137442,
2023.458947398, 1.001786407,
2023.479379062, 1.001705223,
2023.499810825, 1.000468981,
2023.520242489, 1.001002575,
2023.540674053, 1.001302670,
2023.561105817, 1.000737795,
2023.581537481, 0.999899127,
2023.601969144, 1.001370804,
2023.622400808, 1.001713229,
2023.642832471, 1.000682173,
2023.724559225, 1.002239809,
2023.744990789, 1.001397497,
2023.765422452, 1.001625748,
2023.785854215, 1.000984952,
2023.806285778, 1.001339445,
2023.826717542, 0.999918165,
2023.847149205, 1.001536690,
2023.867580768, 1.002032084,
2023.888012531, 1.000899807,
2023.908444194, 1.001438215,
2023.928875757, 1.001399827,
2023.949307520, 1.000710814,
2023.969739183, 1.001406061,
2023.990170846, 1.001739271,
2024.010602509, 1.001256812,
2024.031034172, 1.000360593,
2024.051465834, 1.000772733,
2024.071897497, 1.000588568,
2024.092329160, 1.000425808,
2024.112760823, 1.000677069,
2024.133192485, 0.999734464,
2024.174055811, 1.001350020,
2024.194487473, 1.000190173,
2024.214919136, 1.000230020,
2024.235350898, 1.000567390,
2024.255782461, 1.000545291,
2024.276214223, 0.999860560,
2024.296645885, 1.000394713,
2024.317077448, 1.001921722,
2024.337509210, 1.001808359,
2024.357940872, 1.000355312,
2024.378372435, 1.000994931,
2024.419235859, 1.000479587,
2024.439667421, 1.000980734,
2024.460099184, 1.001658875,
2024.480530846, 1.000317790,
2024.500962608, 1.001117881,
2024.521394170, 1.000807070,
2024.541825832, 1.000773264,
2024.562257594, 1.001583283,
2024.603120818, 1.000743704,
2024.623552580, 1.000707223,
2024.664415803, 1.000515174,
2024.684847565, 1.001226884,
2024.705279227, 1.000091835,
2024.746142550, 1.001291007,
2024.766574112, 0.999953986,
2024.787005874, 1.000786723,
2024.807437536, 1.001621977,
2024.827869097, 1.001926918,
2024.848300859, 1.000101566,
2024.868732520, 1.001008690,
2024.909595843, 1.000501642,
2024.930027505, 1.000836370,
2024.950459266, 1.000502418,
2024.970890828, 1.000606779,
2024.991322489, 1.000287392,
2025.011754251, 1.001369982,
2025.032185812, 1.000176589,
2025.052617473, 0.999834821,
2025.073049235, 1.000048697,
2025.093480796, 0.999576136,
2025.113912457, 1.000506862,
2025.154775880, 0.999591223,
2025.175207541, 0.999714604,
2025.195639202, 0.999706620,
2025.216070863, 1.000645690,
2025.236502524, 1.001737735,
2025.256934185, 1.001123376,
2025.277365846, 1.001114637,
2025.297797607, 0.999710822,
2025.318229169, 1.000319194,
2025.338660830, 1.000244192,
2025.359092591, 1.001401069,
2025.399955912, 1.000440986,
2025.420387473, 1.000168034,
2025.440819134, 1.001430368,
2025.461250895, 1.001514162,
2025.481682456, 1.000783458,
2025.502114117, 1.000242913,
2025.522545878, 1.000123310,
2025.542977439, 1.000430783,
2025.563409099, 1.000328275,
2025.583840860, 0.999956769,
2025.604272421, 1.001052768,
2025.685999164, 1.000838924,
2025.706430824, 1.001956988,
2025.726862485, 1.000759709,
2025.747294146, 1.000920934,
2025.767725806, 1.000963361,
2025.788157467, 0.999173228,
2025.808589127, 1.001089596,
2025.829020788, 1.000055244,
2025.849452548, 1.000688060,
2025.890315769, 1.000588360,
2025.910747530, 1.000055006,
2025.931179190, 1.001250694,
2025.951610751, 0.999736170,
2025.972042511, 1.000056785,
2025.992474172, 1.000407541,
2026.033337492, 0.999904753,
2026.053769153, 1.001035374,
2026.074200813, 1.000559437,
2026.094632474, 1.000889346,
2026.155927454, 1.000494495,
2026.176359015, 0.999429944,
2026.196790775, 1.000390009,
2026.217222435, 1.000514683,
2026.237654096, 1.000048136,
2026.258085756, 1.000906798,
2026.278517416, 1.000461563,
2026.298949176, 0.998814434,
2026.319380736, 1.000459306,
2026.339812397, 0.999990366,
2026.401107377, 1.000418511,
2026.421539137, 1.000719593,
2026.441970797, 1.000420432,
2026.462402358, 0.999141778,
2026.482834118, 0.999533181,
2026.503265778, 1.000541979,
2026.523697538, 1.000184933,
2026.544129098, 1.000490668,
2026.564560758, 1.000300545,
2026.584992518, 0.999587157,
2026.605424078, 1.000077168,
2026.625855738, 1.001568310,
2026.646287498, 0.999769411,
2026.666719058, 0.999321658,
2026.687150718, 1.000630885,
2026.707582478, 1.000014064,
2026.728014038, 1.000151057,
2026.748445798, 0.999679081,
2026.768877458, 1.000375353,
2026.789309018, 1.002145427,
2026.809740778, 0.999644261,
2026.830172338, 0.999988149,
2026.871035758, 1.000323702,
2026.891467318, 0.999555653,
2026.911898978, 1.000044237,
2026.932330738, 1.000861263,
2026.952762398, 0.999805726,
2026.973194058, 1.000270344,
2026.993625718, 1.000484194,
2027.014057378, 1.000416504,
2027.034489137, 1.000620106,
2027.054920697, 1.000845485,
2027.075352357, 0.999475306,
2027.116215677, 1.000629539,
2027.136647337, 1.000137762,
2027.157079097, 1.000118152,
2027.177510657, 0.999877047,
2027.197942417, 0.999527830,
2027.218374077, 0.999179679,
2027.238805636, 0.999563857,
2027.259237396, 1.000649771,
2027.279669056, 0.999873496,
2027.300100616, 1.000450646,
2027.320532376, 1.000113066,
2027.402259015, 0.999752690,
2027.422690775, 0.999751423,
2027.443122335, 0.999904943,
2027.463553995, 0.999694918,
2027.483985655, 1.001420044,
2027.504417415, 1.000940683,
2027.524848974, 0.999284962,
2027.545280734, 1.000471348,
2027.565712294, 1.000280580,
2027.627007274, 1.000256646,
2027.647439034, 0.999891433,
2027.667870693, 0.999850428,
2027.688302253, 0.999562950,
2027.708734013, 1.000912875,
2027.729165673, 1.001072869,
2027.749597233, 1.000215400,
2027.770028993, 0.999632745,
2027.790460653, 0.999789973,
2027.810892413, 0.999801336,
2027.872187392, 1.000375814,
2027.892618952, 1.000132994,
2027.913050612, 0.999741737,
2027.933482372, 0.998608360,
2027.953913932, 0.998778299,
2027.974345592, 0.999657281,
2027.994777352, 0.999983545,
2028.015209012, 0.999656362,
2028.035640672, 0.999527356,
2028.056072332, 0.999660965,
2028.076503991, 0.999215854,
2028.096935651, 0.999457923,
2028.178662291, 0.999306330,
2028.199093951, 0.998955307,
2028.219525611, 0.999942729,
2028.239957271, 1.000255818,
2028.260389031, 0.999725074,
2028.280820591, 0.998971363,
2028.301252251, 1.000021654,
2028.342115571, 0.998994298,
2028.362547231, 0.998822338,
2028.382978991, 0.999970601,
2028.403410551, 0.999862382,
2028.423842312, 0.999406473,
2028.444273972, 1.000553610,
2028.464705532, 0.999973863,
2028.485137292, 0.999299714,
2028.505568952, 0.999769722,
2028.526000512, 0.999533052,
2028.546432272, 0.999577960,
2028.607727253, 1.000077254,
2028.628158913, 0.999869179,
2028.648590673, 0.999361844,
2028.669022233, 0.999630918,
2028.689453893, 0.999787127,
2028.709885654, 0.998783962,
2028.750748874, 0.999728398,
2028.771180634, 0.999973054,
2028.791612295, 0.999144132,
2028.852907275, 0.999076874,
2028.873338936, 0.999134794,
2028.893770596, 0.998749782,
2028.914202157, 0.999365652,
2028.934633917, 0.999341049,
2028.955065577, 0.998819031,
2028.975497138, 0.998691925,
2028.995928898, 0.998781810,
2029.016360559, 0.999667863,
2029.036792119, 0.999992963,
2029.057223879, 0.998828218,
2029.077655540, 0.999473802,
2029.098087300, 0.999090458,
2029.118518861, 0.998957349,
2029.138950521, 0.999428372,
2029.159382282, 0.999388597,
2029.179813843, 0.998764305,
2029.200245503, 0.999663882,
2029.220677264, 0.999007185,
2029.241108924, 0.999654592,
2029.261540585, 0.999180566,
2029.281972246, 1.000192788,
2029.343267228, 0.999707325,
2029.363698888, 0.999412994,
2029.384130649, 0.998189178,
2029.404562210, 0.999763049,
2029.424993871, 0.998326101,
2029.445425631, 1.000131396,
2029.465857192, 0.999514281,
2029.486288953, 0.999439722,
2029.506720614, 0.999753104,
2029.527152175, 0.998778679,
2029.588447158, 0.998545212,
2029.608878919, 0.999447494,
2029.629310480, 0.998713655,
2029.649742141, 0.998533998,
2029.670173902, 0.998715483,
2029.690605463, 0.999320048,
2029.711037224, 0.999070805,
2029.731468885, 0.998586398,
2029.751900546, 0.999147189,
2029.772332207, 0.999531652,
2029.833627191, 1.000332271,
2029.854058852, 0.999344047,
2029.874490613, 0.999275315,
2029.894922274, 0.998579259,
2029.915353836, 0.997693001,
2029.935785597, 0.999343931,
2029.956217258, 0.999084958,
2029.976648820, 0.999190048,
2029.997080581, 0.999462660,
2030.017512243, 0.999613081,
2030.078807227, 0.999142597,
2030.099238989, 0.998631979,
2030.119670550, 0.999071940,
2030.140102212, 0.998611169,
2030.160533973, 0.999200862,
2030.180965535, 0.998892088,
2030.201397197, 0.998712008,
2030.221828858, 0.999925220,
2030.242260520, 0.998831044,
2030.262692182, 0.998386942,
2030.283123844, 0.999126507,
2030.303555505, 0.998649512,
2030.323987267, 0.999102289,
2030.344418829, 0.998380930,
2030.364850491, 0.998366989,
2030.385282253, 0.998474516,
2030.405713915, 0.999178123,
2030.426145477, 0.998558360,
2030.446577239, 0.999669164,
2030.467008901, 0.998201668,
2030.507872225, 0.999553288,
2030.548735549, 0.999118882,
2030.569167212, 1.000214940,
2030.589598874, 0.998678518,
2030.610030636, 0.998714490,
2030.630462198, 0.998631170,
2030.650893861, 0.998698304,
2030.671325623, 0.999470291,
2030.691757185, 0.998765864,
2030.712188948, 0.999726919,
2030.732620610, 0.999418746,
2030.753052173, 0.998587723,
2030.793915598, 0.999811132,
2030.814347160, 0.999028764,
2030.834778923, 0.998911444,
2030.855210586, 0.999030335,
2030.875642248, 0.998392667,
2030.916505574, 0.998573819,
2030.936937237, 0.999183678,
2030.957368900, 0.998065354,
2030.977800562, 0.998772531,
2030.998232225, 0.999086000,
2031.059527314, 0.998689032,
2031.079958877, 0.999377514,
2031.100390640, 0.999321369,
2031.120822303, 0.999093984,
2031.141253867, 0.998204323,
2031.161685630, 0.998625508,
2031.182117293, 0.997486290,
2031.202548856, 0.998322178,
2031.222980619, 0.999291239,
2031.243412283, 0.999442735,
2031.284275610, 0.999223213,
2031.304707273, 0.999923405,
2031.325139037, 0.999153698,
2031.345570600, 0.999340437,
2031.366002264, 0.998412221,
2031.386434027, 0.998347631,
2031.406865591, 0.998698143,
2031.427297255, 0.998507759,
2031.447729018, 0.998198147,
2031.468160582, 0.998106040,
2031.488592346, 0.998822241,
2031.549887338, 0.998974442,
2031.570319002, 0.999063915,
2031.590750566, 0.998545429,
2031.611182330, 0.998985455,
2031.631613994, 0.998693972,
2031.652045558, 0.998302895,
2031.672477322, 0.998005104,
2031.692908986, 0.998398131,
2031.713340650, 0.999576972,
2031.733772315, 0.998666240,
2031.795067308, 0.999320324,
2031.815498972, 0.998266512,
2031.835930737, 0.999179094,
2031.856362302, 0.998322153,
2031.876794066, 0.998925856,
2031.897225731, 0.999044145,
2031.917657296, 0.998994955,
2031.938089060, 0.997871419,
2031.958520725, 0.998437874,
2031.978952290, 0.998054573,
2032.019815720, 1.003072302,
2032.040247385, 0.998137418,
2032.060679050, 0.998443432,
2032.081110715, 0.999184384,
2032.101542480, 0.999196077,
2032.121974045, 0.998954641,
2032.142405710, 0.998982088,
2032.162837475, 0.999049797,
2032.183269041, 0.999069220,
2032.203700706, 0.998898936,
2032.224132472, 0.998816933,
2032.285427468, 0.998813959,
2032.305859034, 0.999119444,
2032.326290799, 0.998163647,
2032.346722465, 0.999218250,
2032.367154031, 0.999301520,
2032.387585796, 0.998727103,
2032.408017462, 0.998491652,
2032.428449028, 0.999007315,
2032.448880794, 0.998165477,
2032.469312460, 0.998707878,
2032.489744226, 1.000080361,
2032.510175792, 0.998722313,
2032.530607458, 0.997894192,
2032.551039225, 0.999705194,
2032.571470791, 0.999259919,
2032.591902457, 0.998450846,
2032.612334223, 0.998389817,
2032.632765790, 0.998457271,
2032.653197556, 0.998749232,
2032.673629223, 0.998563781,
2032.694060789, 0.999100211,
2032.714492556, 0.998989698,
2032.755355889, 0.998373300,
2032.775787556, 0.999208963,
2032.796219223, 0.999061174,
2032.816650890, 0.999139483,
2032.837082557, 0.997835677,
2032.857514224, 0.998200928,
2032.877945891, 0.998426460,
2032.898377658, 0.997233115,
2032.918809225, 0.998658930,
2032.939240992, 0.998542618,
2032.959672559, 0.999421067,
2033.000535994, 0.998957215,
2033.020967561, 0.999721224,
2033.041399329, 0.999712816,
2033.061830996, 0.999025913,
2033.082262564, 0.998439626,
2033.102694332, 0.999301855,
2033.123125999, 0.997972369,
2033.143557567, 0.998630087,
2033.163989335, 0.999531859,
2033.184421003, 0.998669600,
2033.204852571, 0.998157925,
2033.245716007, 0.999622743,
2033.266147775, 0.999200063,
2033.286579343, 0.999085003,
2033.307011011, 0.998892752,
2033.327442780, 0.998020466,
2033.347874348, 0.998471003,
2033.368306016, 0.998861596,
2033.388737785, 0.999517082,
2033.409169453, 0.998254493,
2033.429601122, 0.999174549,
2033.450032791, 0.998575524,
2033.511327797, 0.999682175,
2033.531759466, 0.999466225,
2033.552191235, 0.998378791,
2033.572622804, 0.999843696,
2033.593054573, 0.998518609,
2033.613486142, 0.998880377,
2033.633917811, 0.999620049,
2033.654349580, 1.000115696,
2033.695212819, 0.998209954,
2033.736076158, 0.998993094,
2033.756507827, 0.999024428,
2033.776939597, 0.998662906,
2033.797371167, 0.999086727,
2033.817802937, 0.999090413,
2033.838234606, 0.997514586,
2033.858666176, 0.998083628,
2033.879097946, 0.998641180,
2033.899529616, 0.999838548,
2033.919961286, 0.998747408,
2033.940392956, 0.998338017,
2033.981256397, 0.999442295,
2034.001687967, 0.999115182,
2034.022119638, 0.999292633,
2034.042551408, 0.999843261,
2034.062983079, 0.998580709,
2034.083414649, 0.999074587,
2034.103846420, 0.998901375,
2034.124278091, 0.998783836,
2034.144709662, 0.998954558,
2034.165141432, 0.998808618,
2034.185573103, 0.998090127,
2034.246868117, 0.999634057,
2034.267299788, 0.999467932,
2034.287731459, 0.998197977,
2034.308163130, 0.998764174,
2034.328594802, 0.999600172,
2034.349026473, 0.999192543,
2034.369458245, 0.998434677,
2034.410321488, 0.999661735,
2034.430753260, 0.999950999,
2034.471616504, 0.998579358,
2034.492048276, 0.998731791,
2034.512479848, 0.998266514,
2034.532911520, 0.999256658,
2034.553343292, 0.999410650,
2034.573774864, 0.999240291,
2034.594206637, 0.999762534,
2034.614638309, 0.999668420,
2034.635069982, 0.999336683,
2034.655501654, 0.999060363,
2034.675933327, 0.998929449,
2034.737228345, 0.999375511,
2034.757660118, 1.000499630,
2034.778091791, 0.999077013,
2034.798523364, 0.998728731,
2034.818955137, 0.999183195,
2034.839386810, 0.999662156,
2034.859818384, 0.999000049,
2034.880250157, 0.999346298,
2034.900681831, 0.998958216,
2034.921113404, 0.998476556,
2034.982408525, 0.998919647,
2035.002840199, 0.999911168,
2035.023271773, 0.998924440,
2035.043703547, 0.999367504,
2035.064135221, 0.999742709,
2035.084566795, 0.998407748,
2035.104998569, 0.999549583,
2035.125430243, 0.999451089,
2035.145862018, 0.999137964,
2035.166293592, 0.999693094,
2035.207157041, 0.999395519,
2035.227588616, 0.998921181,
2035.248020291, 0.998336417,
2035.268452065, 0.999345438,
2035.288883740, 0.999790260,
2035.309315415, 0.999192706,
2035.329747090, 1.000415968,
2035.350178765, 0.999169659,
2035.370610441, 0.998932268,
2035.391042116, 0.999672159,
2035.411473791, 0.999566017,
2035.472768818, 0.999790854,
2035.493200594, 0.999951526,
2035.513632169, 0.999319173,
2035.534063945, 0.999415326,
2035.554495621, 0.999708479,
2035.574927197, 0.998950854,
2035.595358973, 1.000173850,
2035.615790650, 0.999121022,
2035.636222226, 0.999927657,
2035.656654002, 0.998653838,
2035.717949032, 0.999238167,
2035.738380608, 0.999681631,
2035.758812385, 0.999309430,
2035.779244062, 0.999187694,
2035.799675739, 0.998606033,
2035.820107416, 0.998740279,
2035.840539093, 0.999798432,
2035.860970870, 0.998812953,
2035.881402448, 0.998892171,
2035.901834125, 0.998571133,
2035.963129157, 0.999131862,
2035.983560935, 0.998833730,
2036.003992613, 0.999164685,
2036.024424191, 0.998686638,
2036.044855969, 0.998837901,
2036.065287647, 0.999323288,
2036.085719425, 0.999122208,
2036.106151003, 0.998308637,
2036.126582681, 0.999001911,
2036.147014460, 0.998820392,
2036.187877717, 0.999996631,
2036.208309495, 0.999063586,
2036.228741074, 0.999451921,
2036.249172853, 0.998340192,
2036.269604432, 0.999976954,
2036.290036111, 0.999910365,
2036.310467890, 0.999143804,
2036.330899569, 0.998950896,
2036.351331149, 0.998138209,
2036.371762928, 0.998685513,
2036.392194507, 0.999403957,
2036.453489546, 0.999074674,
2036.473921326, 0.998935415,
2036.494353006, 0.999550252,
2036.514784686, 0.998863073,
2036.535216366, 0.999780655,
2036.555648046, 0.999619477,
2036.576079727, 0.999222125,
2036.596511507, 0.999202614,
2036.616943087, 0.999063841,
2036.637374868, 0.999637240,
2036.698669910, 0.999608908,
2036.719101591, 0.998718307,
2036.739533172, 0.999879752,
2036.759964953, 0.999542865,
2036.780396634, 1.000152267,
2036.800828416, 0.998589528,
2036.821259997, 0.999271147,
2036.841691678, 0.998967971,
2036.862123460, 0.999611795,
2036.882555042, 0.998955449,
2036.943850087, 0.999831705,
2036.964281769, 0.998352521,
2036.984713551, 0.999829765,
2037.005145134, 1.000160917,
2037.025576916, 0.998569524,
2037.046008498, 0.999966172,
2037.066440181, 0.998710611,
2037.086871964, 0.999357459,
2037.107303646, 0.999437490,
2037.127735229, 0.999224545,
2037.189030378, 0.999480592,
2037.209462061, 0.998830046,
2037.229893745, 0.998963967,
2037.250325428, 1.000186932,
2037.270757112, 0.999543622,
2037.291188795, 0.999641367,
2037.311620579, 0.999149763,
2037.332052163, 0.999142532,
2037.352483947, 1.000306796,
2037.372915631, 0.998367626,
2037.434210683, 0.999782082,
2037.454642268, 0.998597081,
2037.475074052, 0.998887253,
2037.495505737, 0.999135928,
2037.515937322, 0.998716975,
2037.536369106, 0.998991513,
2037.556800791, 0.999527663,
2037.577232576, 0.999281702,
2037.597664161, 0.998994475,
2037.618095847, 0.998685972,
2037.679390903, 0.997399982,
2037.699822589, 1.000501941,
2037.720254274, 1.000525145,
2037.740686060, 0.998966456,
2037.761117646, 0.999840608,
2037.781549332, 0.999311940,
2037.801981118, 0.999676579,
2037.822412804, 0.999689483,
2037.842844391, 0.998804505,
2037.863276177, 0.999072003,
2037.904139550, 0.999533192,
2037.924571237, 0.999236332,
2037.945002924, 0.999325004,
2037.965434711, 0.999736850,
2037.985866298, 0.998953738,
2038.006297985, 0.999549350,
2038.026729773, 0.998814153,
2038.047161360, 0.999427765,
2038.067593048, 0.999111299,
2038.088024835, 0.998514356,
2038.108456423, 0.998760372,
2038.169751487, 0.998514281,
2038.190183275, 0.999525175,
2038.210614963, 0.999072385,
2038.231046552, 0.999480057,
2038.251478340, 0.999244463,
2038.271910029, 0.998913069,
2038.292341717, 0.999615488,
2038.312773406, 0.999029059,
2038.333205095, 0.999415740,
2038.353636784, 0.999306491,
2038.374068473, 0.999282483,
2038.394500162, 0.999684457,
2038.414931852, 0.999300252,
2038.435363541, 0.999558278,
2038.455795331, 0.999338410,
2038.476227021, 0.998839498,
2038.496658610, 0.999032264,
2038.517090400, 0.998745358,
2038.557953680, 0.998403141,
2038.578385471, 0.999632118,
2038.598817161, 0.998025012,
2038.660112233, 0.999488354,
2038.680544024, 1.000879956,
2038.700975615, 0.998304331,
2038.721407306, 0.999099104,
2038.741839097, 0.999186066,
2038.762270688, 1.000221325,
2038.782702379, 0.998911366,
2038.823565762, 0.999026164,
2038.843997554, 0.999508665,
2038.884860838, 0.998361347,
2038.905292630, 0.998439190,
2038.925724322, 0.999743215,
2038.946156014, 0.998892198,
2038.966587707, 0.999136546,
2038.987019399, 1.000004048,
2039.007451092, 0.999384701,
2039.027882785, 0.998288616,
2039.048314478, 0.999479631,
2039.068746171, 0.998695515,
2039.089177864, 0.999044380,
2039.130041350, 1.000040163,
2039.150472944, 0.997597842,
2039.170904637, 0.999737387,
2039.191336431, 0.999025614,
2039.211768025, 0.999772396,
2039.232199819, 0.999864579,
2039.252631513, 0.999239712,
2039.273063107, 0.999547656,
2039.293494901, 0.999336300,
2039.313926596, 0.999160269,
2039.334358190, 0.999083529,
2039.416085069, 0.999075674,
2039.436516765, 0.999471615,
2039.456948560, 0.998960106,
2039.477380155, 0.998564268,
2039.497811851, 0.998520084,
2039.518243646, 0.999181661,
2039.538675242, 0.999249424,
2039.559106938, 0.999115714,
2039.579538734, 0.998794738,
2039.599970430, 0.999271946,
2039.620402126, 0.999050322,
2039.640833822, 0.998397981,
2039.661265419, 1.000055052,
2039.681697216, 0.999646538,
2039.702128912, 0.999882967,
2039.722560509, 0.997993973,
2039.742992306, 0.999737672,
2039.763424003, 0.999094047,
2039.783855800, 0.998778228,
2039.804287398, 0.999627251,
2039.824719095, 0.998713256,
2039.886014188, 0.999128749,
2039.906445986, 0.999575518,
2039.926877584, 1.000238944,
2039.947309282, 0.998699679,
2039.967741081, 0.999172535,
2039.988172679, 0.998347970,
2040.008604478, 0.998737431,
2040.029036176, 0.999110978,
2040.049467775, 0.998440536,
2040.069899574, 0.999851673,
2040.110762872, 0.999582815,
2040.131194672, 0.999319721,
2040.151626371, 0.998601481,
2040.172058171, 0.999878155,
2040.192489771, 0.999434523,
2040.212921470, 0.998355681,
2040.233353270, 0.999386531,
2040.253784970, 0.999802819,
2040.274216571, 1.000233814,
2040.294648371, 0.999700825,
2040.315080072, 0.999531338,
2040.376375174, 0.999168866,
2040.396806875, 0.999692073,
2040.417238576, 1.000436142,
2040.437670177, 0.999346103,
2040.458101979, 0.998626379,
2040.478533680, 0.999825007,
2040.498965282, 0.999758335,
2040.519397084, 0.999853602,
2040.560260588, 0.999225774,
2040.621555695, 0.999267783,
2040.641987297, 0.998675414,
2040.662419000, 0.998665933,
2040.682850803, 0.999200094,
2040.703282406, 0.998763467,
2040.723714209, 0.998748624,
2040.744145912, 0.999997894,
2040.764577615, 0.999121650,
2040.785009319, 0.999950009,
2040.846304430, 0.999530519,
2040.866736134, 0.997891237,
2040.887167938, 0.999885826,
2040.907599543, 0.999708427,
2040.928031247, 0.998533360,
2040.948463052, 0.999595031,
2040.968894757, 0.998889485,
2040.989326361, 0.999450648,
2041.009758166, 0.999405555,
2041.030189772, 0.998651325,
2041.050621477, 0.998001435,
2041.091484888, 0.998229184,
2041.111916693, 0.999891781,
2041.132348399, 0.999761239,
2041.152780005, 0.999772609,
2041.173211811, 0.999694059,
2041.193643517, 0.999884246,
2041.214075124, 0.998588526,
2041.234506930, 0.999823121,
2041.254938637, 1.000528086,
2041.275370444, 0.998908162,
2041.295802051, 0.999469916,
2041.377528880, 0.998659772,
2041.397960687, 0.999489175,
2041.418392295, 0.998599946,
2041.438824003, 0.999053652,
2041.459255811, 0.996956351,
2041.479687519, 0.998024361,
2041.500119228, 0.997913104,
2041.520550936, 0.997637309,
2041.540982645, 0.998545295,
2041.561414353, 0.999216063,
2041.581846062, 0.998119717,
2041.602277771, 0.998403215,
2041.622709581, 0.998862473,
2041.643141190, 1.001365432,
2041.663572999, 0.999127921,
2041.684004609, 0.999487607,
2041.704436319, 0.999276865,
2041.745299739, 1.000504188,
2041.765731449, 0.999012826,
2041.786163259, 0.998941992,
2041.827026680, 1.001766990,
2041.847458391, 0.999104751,
2041.867890002, 0.998371111,
2041.888321813, 0.998815998,
2041.908753524, 0.998711204,
2041.929185135, 0.999215811,
2041.949616947, 0.999477323,
2041.970048658, 0.999646735,
2041.990480370, 0.999195921,
2042.010912082, 0.999236241,
2042.031343794, 0.999363641,
2042.092638931, 0.998535687,
2042.113070744, 0.998232221,
2042.133502457, 0.999047513,
2042.153934069, 0.999375436,
2042.174365883, 0.997841185,
2042.194797596, 0.998069291,
2042.215229309, 0.998886475,
2042.235661023, 0.998676662,
2042.256092736, 0.999307001,
2042.276524550, 0.998552622,
2042.337819593, 0.998469794,
2042.358251307, 0.999072971,
2042.378683122, 0.998477512,
2042.399114736, 0.998120886,
2042.439978266, 0.998512443,
2042.460409881, 0.998575277,
2042.480841597, 0.999427537,
2042.501273412, 0.999224193,
2042.521705028, 0.998573287,
2042.542136743, 0.998314020,
2042.562568559, 0.999561030,
2042.583000175, 0.998379448,
2042.603431992, 0.998747308,
2042.623863708, 0.997923207,
2042.644295425, 0.998955276,
2042.664727141, 0.998604413,
2042.685158858, 0.999234362,
2042.705590575, 0.999005116,
2042.726022292, 0.999187724,
2042.746454010, 0.999831601,
2042.766885827, 0.999128922,
2042.828180980, 0.998529047,
2042.848612698, 0.999633051,
2042.869044317, 0.999006442,
2042.889476135, 0.998777109,
2042.909907853, 0.999216912,
2042.930339572, 0.998579137,
2042.950771291, 0.998439741,
2042.971203010, 0.999295598,
2042.991634729, 0.998952265,
2043.012066448, 0.998626600,
2043.073361607, 0.998649913,
2043.093793227, 0.997863677,
2043.114225047, 0.999024079,
2043.134656768, 0.998728977,
2043.155088588, 0.997135624,
2043.175520209, 0.999191258,
2043.195951929, 0.998963632,
2043.216383750, 1.000149863,
2043.236815371, 0.999204899,
2043.257247092, 0.998783138,
2043.318542357, 0.998710702,
2043.338974079, 0.997451013,
2043.359405801, 0.999755452,
2043.379837523, 0.999001316,
2043.400269245, 0.999916131,
2043.420700968, 0.997998411,
2043.441132790, 0.999512223,
2043.461564413, 0.998859284,
2043.481996236, 0.998413382,
2043.502427959, 0.998922741,
2043.543291406, 0.997924046,
2043.563723129, 0.998964318,
2043.584154753, 0.998599573,
2043.604586577, 0.999136184,
2043.625018301, 0.999096590,
2043.645450125, 0.998764396,
2043.665881750, 0.999694536,
2043.686313474, 0.999149609,
2043.706745199, 0.999092523,
2043.727176924, 0.998759300,
2043.747608549, 0.999147886,
2043.788472100, 0.997852917,
2043.808903725, 0.998571545,
2043.829335551, 0.999779413,
2043.849767277, 0.998613626,
2043.870199103, 0.998485243,
2043.890630729, 0.999608657,
2043.911062455, 0.998388569,
2043.931494282, 0.998790422,
2043.951925909, 0.998313249,
2043.972357635, 0.999057773,
2044.033652917, 0.998866599,
2044.054084644, 0.998119798,
2044.074516372, 0.999243540,
2044.094948100, 0.998858373,
2044.115379828, 0.999792253,
2044.135811556, 0.999429107,
2044.156243385, 0.998565689,
2044.176675013, 0.999438196,
2044.197106842, 0.998855118,
2044.217538571, 0.998855656,
2044.237970200, 0.999057097,
2044.299265388, 0.998853253,
2044.319697217, 0.999275835,
2044.340128947, 0.998888756,
2044.360560577, 0.998905207,
2044.380992408, 0.998453294,
2044.401424038, 0.998604275,
2044.421855868, 0.998660855,
2044.442287599, 0.999178015,
2044.462719230, 1.001215821,
2044.483151061, 0.999283716,
2044.544446255, 1.000072576,
2044.585309819, 0.998731811,
2044.605741451, 0.998816041,
2044.646605016, 0.998911600,
2044.667036748, 0.998717985,
2044.687468381, 0.999214816,
2044.707900214, 0.997842829,
2044.728331947, 0.999184991,
2044.748763680, 0.998479066,
2044.769195414, 0.998771459,
2044.789627148, 0.998461559,
2044.810058981, 0.998537443,
2044.830490615, 0.999073432,
2044.871354184, 0.997616937,
2044.891785818, 0.999060324,
2044.912217553, 0.998833227,
2044.932649388, 0.999242406,
2044.953081023, 0.999038616,
2044.973512858, 0.998914353,
2045.034808065, 0.999491461,
2045.055239801, 0.998910219,
2045.075671437, 0.997805451,
2045.096103273, 1.000994951,
2045.116534909, 0.999427108,
2045.136966746, 0.998597555,
2045.157398483, 0.997737189,
2045.177830120, 0.999040328,
2045.198261957, 0.999468518,
2045.218693694, 0.998683059,
2045.279988907, 0.997196785,
2045.300420745, 0.997902526,
2045.320852484, 0.997872805,
2045.341284122, 0.999332337,
2045.361715961, 0.998715544,
2045.382147699, 0.998895263,
2045.402579338, 0.998748993,
2045.423011177, 0.998196527,
2045.443442917, 0.999248356,
2045.463874556, 0.999980076,
2045.525169976, 0.998695436,
2045.545601616, 0.999521131,
2045.566033356, 0.998153004,
2045.586465197, 0.999153798,
2045.606896837, 0.997041098,
2045.627328578, 0.998614466,
2045.647760419, 0.997845904,
2045.668192061, 0.999072989,
2045.688623902, 0.998255394,
2045.709055644, 1.000553268,
2045.729487286, 1.001379685,
2045.749919128, 0.998918321,
2045.770350770, 0.997780584,
2045.790782512, 0.999417312,
2045.811214355, 0.998834644,
2045.831646098, 0.999680026,
2045.852077840, 0.999702444,
2045.872509584, 0.998522303,
2045.892941327, 0.998613904,
2045.913373070, 0.999155589,
2045.933804814, 0.999109669,
2045.954236558, 0.998421333,
2046.015531890, 0.998997032,
2046.035963635, 0.998611973,
2046.056395280, 0.999999848,
2046.076827125, 0.998434427,
2046.097258870, 0.999354579,
2046.117690515, 0.999655142,
2046.138122361, 0.998979416,
2046.158554107, 0.998226407,
2046.178985752, 0.998736766,
2046.199417599, 0.997591013,
2046.260712838, 0.998417066,
2046.281144585, 0.998409750,
2046.301576432, 0.999473635,
2046.322008079, 0.999098805,
2046.342439826, 0.998837632,
2046.362871574, 0.998641343,
2046.383303322, 0.997978743,
2046.403735170, 0.999266909,
2046.424166818, 0.998829150,
2046.444598566, 0.999233085,
2046.485462064, 0.999009164,
2046.505893812, 0.999272212,
2046.526325661, 0.998966141,
2046.546757411, 0.999253428,
2046.567189160, 0.998583090,
2046.587620910, 0.999055612,
2046.608052660, 0.998952375,
2046.628484410, 0.998613717,
2046.648916160, 0.998373017,
2046.669347911, 0.998660130,
2046.689779761, 0.998336025,
2046.730643163, 0.999718271,
2046.751075014, 0.998756190,
2046.771506666, 0.998960039,
2046.791938517, 0.998550251,
2046.812370269, 0.998126909,
2046.832801921, 0.999006483,
2046.853233773, 0.997620814,
2046.873665526, 0.998175099,
2046.894097178, 0.998602406,
2046.914529031, 0.999264145,
2046.934960784, 0.998627780,
2046.996256044, 0.998688530,
2047.016687798, 0.998730649,
2047.037119551, 0.999461664,
2047.057551306, 0.999870762,
2047.077983060, 0.998695400,
2047.098414815, 0.999149930,
2047.118846669, 0.999327681,
2047.139278324, 0.998978314,
2047.159710079, 0.998771736,
2047.180141935, 0.999211704,
2047.241437202, 0.999303143,
2047.261868958, 0.998754159,
2047.282300614, 0.999787998,
2047.302732471, 0.999839434,
2047.323164227, 0.999820711,
2047.343596084, 0.999134791,
2047.364027741, 0.998419522,
2047.404891356, 0.999034440,
2047.425323014, 0.998985836,
2047.486618288, 0.998900600,
2047.507050146, 0.999184482,
2047.527481905, 0.998618931,
2047.547913564, 0.998951937,
2047.568345423, 0.997381982,
2047.588777182, 0.998089988,
2047.609208842, 0.999567440,
2047.629640701, 0.999144306,
2047.650072461, 0.999355215,
2047.670504221, 0.999498269,
2047.690935982, 0.999212208,
2047.711367742, 0.999546030,
2047.731799603, 0.998943025,
2047.752231264, 0.999703532,
2047.772663025, 0.998619421,
2047.793094786, 0.998966009,
2047.813526548, 0.999120633,
2047.833958309, 0.999078193,
2047.854390171, 0.998867514,
2047.874821833, 0.998383374,
2047.895253696, 0.999019183,
2047.915685458, 0.998671752,
2047.976980747, 0.999034792,
2047.997412410, 0.998378852,
2048.017844274, 0.999722063,
2048.038276038, 0.998983318,
2048.058707901, 0.999372510,
2048.079139566, 0.999609547,
2048.099571330, 0.999007090,
2048.120003195, 0.999687136,
2048.140434859, 1.000500593,
2048.160866624, 0.998325267,
2048.181298489, 0.999486473,
2048.201730155, 0.999090163,
2048.222162021, 0.998641039,
2048.242593786, 0.998594221,
2048.263025452, 0.999021720,
2048.283457319, 0.999287178,
2048.303889085, 0.999177301,
2048.324320852, 0.999526200,
2048.344752618, 0.999265432,
2048.365184386, 0.998813281,
2048.385616053, 0.999166549,
2048.406047920, 0.998773056,
2048.467343224, 0.999622526,
2048.487774992, 0.998747174,
2048.508206861, 0.998765330,
2048.528638529, 0.999012810,
2048.549070298, 0.999520668,
2048.569502168, 0.998254003,
2048.589933837, 0.999470418,
2048.610365706, 0.999217721,
2048.630797476, 0.999452750,
2048.651229146, 0.999231726,
2048.712524457, 0.999836240,
2048.732956328, 0.998348654,
2048.753388099, 0.999248632,
2048.773819971, 0.998967127,
2048.794251642, 0.998570032,
2048.814683414, 0.999063183,
2048.835115286, 0.999082239,
2048.855546958, 0.998869862,
2048.875978730, 0.999199410,
2048.896410603, 0.999915392,
2048.916842275, 0.999825283,
2048.937274048, 0.997995398,
2048.957705922, 1.000225574,
2048.978137695, 0.998449697,
2048.998569469, 0.998497173,
2049.019001242, 0.998792489,
2049.039433016, 0.999360695,
2049.059864791, 0.999600325,
2049.080296565, 0.999646618,
2049.100728340, 0.999068466,
2049.121160115, 0.999758375,
2049.141591890, 0.999744175,
2049.202887216, 0.998688153,
2049.223319092, 0.999631605,
2049.243750769, 1.000264438,
2049.264182545, 0.998923093,
2049.284614422, 0.999925448,
2049.305046099, 0.999816244,
2049.325477876, 1.000595663,
2049.345909753, 0.999053039,
2049.366341430, 0.999583661,
2049.386773308, 0.998605251,
2049.407205086, 0.999792492,
2049.427636764, 0.999059081,
2049.448068643, 0.999850785,
2049.468500421, 0.999797140,
2049.488932200, 0.998978204,
2049.509363979, 0.999473343,
2049.529795758, 0.998740443,
2049.550227638, 1.000418660,
2049.570659318, 0.998763839,
2049.591091097, 0.999487428,
2049.611522978, 0.999841457,
2049.631954658, 0.999752728,
2049.672818319, 1.000194704,
2049.693250100, 0.998934761,
2049.713681881, 1.000454303,
2049.734113663, 0.999655043,
2049.754545345, 0.998557535,
2049.774977227, 0.999811484,
2049.795409009, 1.000726349,
2049.815840691, 1.000577380,
2049.836272574, 1.000386617,
2049.856704356, 0.999682728,
2049.877136039, 0.999141443,
2049.917999706, 1.000001561,
2049.938431590, 0.999836382,
2049.958863274, 0.998873423,
2049.979295058, 1.000514655,
2049.999726942, 1.000067344,
2050.020158627, 0.999483923,
2050.040590412, 0.998929526,
2050.061022297, 1.000317518,
2050.081453982, 1.000019386,
2050.101885867, 0.999706542,
2050.122317653, 1.000243667,
2050.163181225, 1.000055673,
2050.183613012, 1.000292845,
2050.204044798, 1.000278045,
2050.224476585, 0.999531005,
2050.244908372, 0.999087520,
2050.265340259, 0.999660645,
2050.285771947, 0.999563218,
2050.306203735, 1.000229917,
2050.326635623, 1.000167042,
2050.347067411, 0.999610695,
2050.367499099, 0.999972518,
2050.408362677, 0.999882220,
2050.428794466, 0.999800556,
2050.449226355, 0.999771919,
2050.469658045, 1.000620923,
2050.490089934, 1.000223542,
2050.510521725, 1.000685316,
2050.530953415, 0.999454039,
2050.551385305, 1.000482332,
2050.571817096, 0.999821595,
2050.592248787, 0.999776623,
2050.612680678, 0.999710122,
2050.653544361, 1.000737954,
2050.673976053, 1.001054836,
2050.694407845, 1.000349756,
2050.735271430, 0.999196846,
2050.755703223, 0.999714042,
2050.776135116, 1.000614222,
2050.796566809, 1.000255325,
2050.816998702, 0.999912582,
2050.837430496, 0.999774611,
2050.857862290, 0.999907873,
2050.919157673, 0.999191127,
2050.939589468, 1.000312818,
2050.960021263, 1.000217812,
2050.980453059, 0.999149867,
2051.000884954, 1.000107675,
2051.021316650, 0.999160360,
2051.041748546, 0.999411417,
2051.062180242, 1.000257377,
2051.082612039, 1.000199569,
2051.103043936, 1.000493073,
2051.164339327, 0.999492553,
2051.184771025, 1.000783948,
2051.205202923, 1.000152804,
2051.225634721, 1.000084512,
2051.246066420, 1.000895976,
2051.266498318, 1.001307994,
2051.286930117, 1.000862971,
2051.307361816, 0.999828789,
2051.327793716, 1.000182988,
2051.348225515, 1.000671368,
2051.368657415, 0.999414184,
2051.389089115, 1.000535173,
2051.409520915, 1.000975161,
2051.429952816, 1.000000469,
2051.450384517, 1.000820468,
2051.470816318, 1.000025475,
2051.491248219, 0.999960100,
2051.511680020, 0.999946106,
2051.532111722, 0.999321645,
2051.552543624, 1.000669788,
2051.572975426, 0.999680541,
2051.593407229, 0.999568705,
2051.634270834, 1.000437841,
2051.654702637, 1.001200929,
2051.675134441, 1.000121808,
2051.695566244, 1.000558750,
2051.715998048, 1.001378067,
2051.736429852, 1.000614067,
2051.756861757, 0.999633687,
2051.777293461, 0.999733830,
2051.797725266, 1.000513045,
2051.818157171, 1.000472152,
2051.838588877, 1.000363235,
2051.879452588, 1.000488731,
2051.899884294, 1.000180909,
2051.920316200, 1.001280330,
2051.940748007, 0.999363204,
2051.961179714, 0.999972848,
2051.981611621, 1.000947066,
2052.002043428, 1.000801584,
2052.022475136, 0.999217680,
2052.042907043, 0.999068986,
2052.063338851, 1.000415001,
2052.083770760, 1.000069680,
2052.124634277, 1.001672260,
2052.145066186, 1.000541111,
2052.165497995, 1.000675592,
2052.185929704, 1.000267401,
2052.206361614, 1.000670368,
2052.226793424, 1.000149074,
2052.247225134, 1.000840157,
2052.267657045, 1.000981641,
2052.288088855, 1.000243711,
2052.328952478, 1.000782159,
2052.369816201, 1.000412164,
2052.390247913, 1.000783568,
2052.410679725, 1.001554844,
2052.431111537, 1.000866943,
2052.451543350, 1.001080688,
2052.471975263, 1.001234582,
2052.492406976, 1.000130884,
2052.512838789, 1.000167882,
2052.533270703, 1.001390845,
2052.553702417, 1.000611482,
2052.574134231, 1.001809479,
2052.635429775, 1.000964850,
2052.655861590, 1.000251899,
2052.676293306, 1.000674226,
2052.696725221, 1.000658670,
2052.717157037, 1.000560156,
2052.737588853, 1.001429689,
2052.758020670, 1.000287499,
2052.778452487, 1.000609437,
2052.798884303, 1.000726892,
2052.819316121, 1.000257773,
2052.860179856, 1.000761119,
2052.880611674, 1.000221148,
2052.901043392, 0.999708698,
2052.921475310, 1.000554317,
2052.941907129, 1.000973456,
2052.962338848, 1.000486221,
2052.982770767, 1.001734646,
2053.003202586, 0.999794010,
2053.023634506, 1.000303309,
2053.044066226, 1.000571523,
2053.064498046, 0.999426970,
2053.146225330, 1.000307261,
2053.166657151, 1.000852918,
2053.187089073, 0.999424361,
2053.207520795, 1.000209938,
2053.227952617, 0.999830974,
2053.248384539, 0.999878886,
2053.268816262, 1.001142524,
2053.289248085, 1.000089813,
2053.309680008, 0.999857040,
2053.350543656, 1.000284291,
2053.370975480, 1.000399224,
2053.391407304, 0.999592711,
2053.411839128, 0.998938071,
2053.432270953, 0.999039279,
2053.452702778, 1.001745629,
2053.473134603, 1.000314610,
2053.493566429, 1.000436543,
2053.513998255, 1.000952646,
2053.534430181, 1.001624801,
2053.554861907, 0.999920515,
2053.595725661, 1.000726870,
2053.616157388, 0.999296538,
2053.636589315, 1.000819677,
2053.657021143, 1.000411474,
2053.677452871, 0.999059493,
2053.697884799, 0.999801587,
2053.718316627, 0.999834435,
2053.738748456, 1.000200910,
2053.759180285, 0.999948395,
2053.779612114, 0.999841389,
2053.800043943, 0.999963525,
2053.840907503, 1.000627288,
2053.861339433, 1.000787380,
2053.881771264, 1.000518459,
2053.902203195, 0.999885296,
2053.922634926, 0.999518413,
2053.943066757, 1.000478204,
2053.963498688, 1.000977568,
2053.983930420, 1.000571870,
2054.004362252, 1.000102956,
2054.024794184, 1.000254848,
2054.045226017, 1.000804435,
2054.086089683, 1.000652346,
2054.106521516, 0.998949428,
2054.126953350, 0.999735128,
2054.147385184, 1.000611276,
2054.167817018, 1.000666955,
2054.188248953, 0.999683191,
2054.208680687, 1.000432449,
2054.229112522, 1.000706842,
2054.249544457, 1.000209842,
2054.269976193, 1.000190308,
2054.290408129, 0.999853084,
2054.331271701, 1.000375391,
2054.351703637, 0.999417538,
2054.372135474, 1.000049297,
2054.392567211, 0.999962816,
2054.412999149, 0.999881870,
2054.433430986, 0.999511849,
2054.453862824, 0.999690062,
2054.474294662, 1.000864528,
2054.494726401, 0.999994083,
2054.515158339, 1.001570816,
2054.535590178, 1.000106785,
2054.576453857, 0.999946241,
2054.596885697, 0.999091483,
2054.617317637, 1.000770814,
2054.637749377, 0.999699752,
2054.658181218, 1.000291019,
2054.678613158, 0.999305820,
2054.699044900, 1.000963254,
2054.719476741, 0.999817694,
2054.739908683, 0.999905443,
2054.760340524, 1.000305906,
2054.780772367, 1.001198727,
2054.821636052, 0.999967441,
2054.842067895, 1.000421950,
2054.862499738, 0.999763095,
2054.882931581, 1.000128428,
2054.903363525, 0.999495810,
2054.923795269, 1.000387194,
2054.944227114, 0.999783423,
2054.964659058, 1.000838526,
2054.985090803, 1.000142085,
2055.005522748, 0.999806136,
2055.025954594, 0.999961177,
2055.087250032, 1.000449131,
2055.107681878, 1.000481545,
2055.128113825, 0.999040065,
2055.148545572, 0.999457352,
2055.168977519, 1.000000472,
2055.189409367, 0.999213231,
2055.209841115, 0.999950782,
2055.230273063, 0.999778647,
2055.250704911, 0.998860277,
2055.271136760, 0.998819422,
2055.291568609, 1.000252333,
2055.312000458, 1.000242959,
2055.332432408, 1.000315681,
2055.352864158, 1.000946891,
2055.373296008, 0.999803750,
2055.393727958, 0.999797547,
2055.414159809, 1.000284093,
2055.434591559, 1.000513595,
2055.455023511, 1.000821254,
2055.475455362, 1.000301257,
2055.495887214, 1.000142092,
2055.516319066, 1.000034779,
2055.557182871, 1.000293764,
2055.577614624, 1.000082758,
2055.598046477, 1.000105070,
2055.618478430, 1.000679529,
2055.638910184, 0.998971372,
2055.659342038, 1.001370405,
2055.679773992, 0.999613856,
2055.700205746, 1.000773613,
2055.720637701, 1.000050116,
2055.741069456, 1.000121097,
2055.761501311, 0.999945150,
2055.802365023, 0.999867579,
2055.822796879, 0.999495569,
2055.843228836, 1.000177292,
2055.863660592, 1.000953833,
2055.884092549, 1.000960862,
2055.904524407, 0.999332253,
2055.924956264, 0.999681460,
2055.945388122, 0.999553673,
2055.965819980, 1.000998993,
2055.986251839, 1.000747029,
2056.006683697, 0.999787944,
2056.067979375, 1.000026145,
2056.088411135, 0.999953685,
2056.108843095, 0.999762691,
2056.129274955, 1.001601485,
2056.149706716, 1.000857247,
2056.170138677, 0.999102340,
2056.190570538, 1.002275883,
2056.211002500, 0.999814687,
2056.231434262, 1.001029400,
2056.251866124, 1.000288161,
2056.272298086, 0.999386261,
2056.292729849, 1.000133528,
2056.313161712, 0.999300652,
2056.333593675, 0.999543981,
2056.354025438, 1.000771550,
2056.374457302, 0.999147532,
2056.394889166, 0.998763449,
2056.415321031, 1.000190195,
2056.435752995, 1.000256174,
2056.456184860, 0.999802714,
2056.476616625, 1.001113832,
2056.497048591, 1.000651782,
2056.537912223, 0.999740849,
2056.558344189, 1.000883694,
2056.578776056, 0.999892473,
2056.599207923, 0.999688309,
2056.619639790, 1.000184169,
2056.640071657, 1.000035062,
2056.660503525, 0.999962689,
2056.680935393, 0.998790509,
2056.701367262, 0.999974199,
2056.721799130, 0.999996705,
2056.742230999, 0.999648320,
2056.783094838, 1.000411844,
2056.803526608, 0.999962805,
2056.823958578, 1.000526398,
2056.844390448, 1.000422412,
2056.864822219, 0.999848089,
2056.885254190, 1.000048393,
2056.905686061, 1.000014202,
2056.926118033, 1.000432069,
2056.946549804, 0.999708784,
2056.966981677, 1.000564602,
2056.987413649, 1.000143849,
2057.028277295, 0.999969434,
2057.048709268, 0.998798547,
2057.069141042, 1.000308745,
2057.089572915, 1.001000061,
2057.110004790, 1.000438797,
2057.130436664, 1.000052746,
2057.150868639, 1.000128255,
2057.171300414, 1.000340942,
2057.191732289, 0.999813846,
2057.212164265, 0.999680862,
2057.232596141, 0.999458512,
2057.293891770, 1.000110729,
2057.314323647, 1.000644155,
2057.334755525, 0.999360421,
