BJD - 2454833, Corrected Flux
1977.262450597, 1.006172784,
1977.282882861, 1.006257604,
1977.303315024, 1.005762052,
1977.364611912, 1.005755317,
1977.385044173, 1.005595386,
1977.405476434, 1.005672483,
1977.425908694, 1.005703423,
1977.446341054, 1.005768992,
1977.466773214, 1.005429672,
1977.487205573, 1.005784959,
1977.507637832, 1.005844367,
1977.528069990, 1.005669341,
1977.548502347, 1.005467445,
1977.568934605, 1.005330444,
1977.589366761, 1.005768865,
1977.609799117, 1.005338634,
1977.630231373, 1.005408516,
1977.650663529, 1.005487602,
1977.671095883, 1.005464557,
1977.691528138, 1.005503802,
1977.711960291, 1.005387487,
1977.732392645, 1.005676011,
1977.752824898, 1.005337149,
1977.773257050, 1.005450690,
1977.793689402, 1.005871164,
1977.814121654, 1.005293303,
1977.834553905, 1.005304127,
1977.854986156, 1.005539853,
1977.875418406, 1.005410761,
1977.916282905, 1.005588120,
1977.936715153, 1.005421344,
1977.957147501, 1.005428492,
1977.977579650, 1.005618521,
1977.998011897, 1.005341927,
1978.018444244, 1.005604830,
1978.038876390, 1.005261569,
1978.059308636, 1.005603657,
1978.079740981, 1.005264071,
1978.100173126, 1.005164848,
1978.120605371, 1.005216670,
1978.141037715, 1.005158681,
1978.161469859, 1.005547834,
1978.181902102, 1.006192433,
1978.202334444, 1.005368557,
1978.222766586, 1.005548903,
1978.243198928, 1.005338694,
1978.263631169, 1.005364292,
1978.284063410, 1.005309559,
1978.304495650, 1.005600572,
1978.324927890, 1.005311810,
1978.365792368, 1.005469849,
1978.386224607, 1.005432630,
1978.406656845, 1.005579665,
1978.427089082, 1.005108352,
1978.447521319, 1.005150847,
1978.467953556, 1.005323674,
1978.488385792, 1.005154743,
1978.508818028, 1.005350856,
1978.590546866, 1.005511100,
1978.610979199, 1.005588724,
1978.631411432, 1.005426694,
1978.651843764, 1.005478818,
1978.672275896, 1.005590424,
1978.692708128, 1.005276750,
1978.713140459, 1.005421579,
1978.733572589, 1.005546759,
1978.754004820, 1.005343111,
1978.774437149, 1.005423536,
1978.794869378, 1.005346008,
1978.815301507, 1.005387747,
1978.835733835, 1.005224641,
1978.856166063, 1.005409090,
1978.876598191, 1.005508529,
1978.917462744, 1.005446981,
1978.937894869, 1.005569463,
1978.958327195, 1.005257378,
1978.978759420, 1.005227601,
1978.999191545, 1.005290027,
1979.019623869, 1.005540632,
1979.060488216, 1.005391485,
1979.080920539, 1.005051868,
1979.101352761, 1.005525480,
1979.121785082, 1.005590704,
1979.142217204, 1.005216974,
1979.162649425, 1.005346526,
1979.183081645, 1.005417721,
1979.203513865, 1.005684342,
1979.223946085, 1.005295632,
1979.244378304, 1.005613947,
1979.264810522, 1.005339221,
1979.285242741, 1.005174197,
1979.305674958, 1.005497234,
1979.326107176, 1.005446235,
1979.346539392, 1.005350346,
1979.366971709, 1.005288389,
1979.387403824, 1.005713774,
1979.407836040, 1.005513209,
1979.428268355, 1.005559177,
1979.448700469, 1.005301667,
1979.469132683, 1.005239620,
1979.489564996, 1.005326512,
1979.509997110, 1.005448459,
1979.530429323, 1.005579385,
1979.550861635, 1.005298825,
1979.571293746, 1.005401719,
1979.591726058, 1.005291060,
1979.612158269, 1.005361437,
1979.632590479, 1.005340880,
1979.653022689, 1.005536453,
1979.673454899, 1.005278385,
1979.693887107, 1.005397758,
1979.714319316, 1.005165368,
1979.734751524, 1.005639740,
1979.755183732, 1.005216261,
1979.775615939, 1.005423686,
1979.796048146, 1.005298496,
1979.816480352, 1.005402473,
1979.836912658, 1.005621605,
1979.857344763, 1.005157030,
1979.877776968, 1.005499238,
1979.898209173, 1.005518595,
1979.918641377, 1.005245671,
1979.939073580, 1.005457191,
1979.959505783, 1.005238070,
1979.979937986, 1.005347783,
1980.000370188, 1.005357629,
1980.020802390, 1.005318025,
1980.041234592, 1.005361101,
1980.061666892, 1.005616634,
1980.082098992, 1.005494502,
1980.102531193, 1.005402052,
1980.122963492, 1.005358534,
1980.143395591, 1.005671862,
1980.163827790, 1.005368077,
1980.184260088, 1.005224824,
1980.204692286, 1.005086233,
1980.225124383, 1.005170602,
1980.245556680, 1.005317479,
1980.265988876, 1.005173934,
1980.286420972, 1.005482127,
1980.306853267, 1.005320352,
1980.327285463, 1.005044327,
1980.347717557, 1.005322512,
1980.368149851, 1.005695487,
1980.388582045, 1.005312674,
1980.409014138, 1.005366097,
1980.429446431, 1.005410545,
1980.449878623, 1.005306087,
1980.470310815, 1.005495964,
1980.490743007, 1.005492591,
1980.511175197, 1.006466774,
1980.531607488, 1.005250070,
1980.552039578, 1.005236508,
1980.572471768, 1.005168315,
1980.592904057, 1.005302230,
1980.613336145, 1.005494855,
1980.633768334, 1.005329991,
1980.654200622, 1.005330015,
1980.674632709, 1.005230809,
1980.695064896, 1.005464285,
1980.715497182, 1.005712830,
1980.735929269, 1.005328525,
1980.756361454, 1.005230354,
1980.776793739, 1.005531918,
1980.797225824, 1.005294935,
1980.817658008, 1.005430515,
1980.838090292, 1.005403712,
1980.858522376, 1.005469031,
1980.878954558, 1.005327022,
1980.899386841, 1.005515776,
1980.919818923, 1.005314872,
1980.940251105, 1.005424823,
1980.960683386, 1.005334031,
1980.981115467, 1.005506540,
1981.042412106, 1.005015433,
1981.062844285, 1.005141340,
1981.103708642, 1.005257548,
1981.124140819, 1.005142659,
1981.144572996, 1.004963353,
1981.165005173, 1.005105802,
1981.185437449, 1.005355511,
1981.205869525, 1.005299857,
1981.226301701, 1.005438698,
1981.246733976, 1.005074411,
1981.267166050, 1.005523704,
1981.287598224, 1.005306394,
1981.308030498, 1.005261756,
1981.328462571, 1.005272576,
1981.348894744, 1.005351689,
1981.369327016, 1.005566632,
1981.389759088, 1.005332450,
1981.410191260, 1.012245655,
1981.430623431, 1.005121639,
1981.451055601, 1.005194125,
1981.594080883, 1.005082457,
1981.614513050, 1.004908080,
1981.634945117, 1.005235275,
1981.655377383, 1.005172485,
1981.675809549, 1.005080405,
1981.696241613, 1.005118760,
1981.716673879, 1.005186508,
1981.737106043, 1.005061682,
1981.757538107, 1.005076691,
1981.777970370, 1.005095073,
1981.798402533, 1.004913112,
1981.818834596, 1.005331110,
1981.839266858, 1.005000265,
1981.859699021, 1.005325080,
1981.880131182, 1.005261756,
1981.900563343, 1.005048239,
1981.920995503, 1.005219537,
1981.941427763, 1.005212191,
1981.961859823, 1.005186752,
1981.982291982, 1.005236948,
1982.002724241, 1.005192068,
1982.023156399, 1.005137353,
1982.043588457, 1.005181489,
1982.064020714, 1.005292306,
1982.084452871, 1.005207199,
1982.104884928, 1.004913097,
1982.125317184, 1.005221534,
1982.145749240, 1.005085204,
1982.166181395, 1.005051001,
1982.186613650, 1.005155619,
1982.207045704, 1.005071094,
1982.227477858, 1.005345221,
1982.247910112, 1.005005773,
1982.268342165, 1.005114260,
1982.288774317, 1.005080979,
1982.309206569, 1.005119662,
1982.329638621, 1.005065874,
1982.350070773, 1.005071587,
1982.370503024, 1.005146314,
1982.390935174, 1.005064094,
1982.411367324, 1.005174852,
1982.431799474, 1.004952685,
1982.452231623, 1.005335048,
1982.472663772, 1.005074246,
1982.493095920, 1.005177324,
1982.513528068, 1.005219361,
1982.533960315, 1.005205769,
1982.554392363, 1.005085888,
1982.574824509, 1.005167108,
1982.595256755, 1.005240067,
1982.615688801, 1.005108967,
1982.636120946, 1.005232528,
1982.656553191, 1.004951263,
1982.676985236, 1.005316365,
1982.697417380, 1.005054418,
1982.717849623, 1.005302658,
1982.738281667, 1.004990886,
1982.758713809, 1.004962129,
1982.779146052, 1.004899047,
1982.799578094, 1.005126830,
1982.820010235, 1.005040579,
1982.840442476, 1.005076729,
1982.860874616, 1.005419612,
1982.881306757, 1.005159373,
1982.901738897, 1.005109013,
1982.922170936, 1.005315379,
1982.942603175, 1.004956125,
1982.983467351, 1.004976541,
1983.003899589, 1.005230833,
1983.024331726, 1.005070410,
1983.044763763, 1.004826814,
1983.065195999, 1.005245311,
1983.085628135, 1.004883670,
1983.106060170, 1.005000629,
1983.126492405, 1.005065192,
1983.146924540, 1.005064065,
1983.167356575, 1.005022818,
1983.187788808, 1.004890376,
1983.208220941, 1.004967734,
1983.228653074, 1.005156821,
1983.249085207, 1.004992323,
1983.269517339, 1.005105874,
1983.289949471, 1.005088923,
1983.310381602, 1.005145941,
1983.330813733, 1.004798767,
1983.351245963, 1.004900355,
1983.371678093, 1.005004477,
1983.392110123, 1.005057931,
1983.412542352, 1.005107253,
1983.432974480, 1.004722033,
1983.473838736, 1.004856990,
1983.494270864, 1.005045584,
1983.514702891, 1.004698763,
1983.555567244, 1.004893957,
1983.575999269, 1.004867674,
1983.596431495, 1.005027772,
1983.616863619, 1.004958909,
1983.637295644, 1.004772001,
1983.657727868, 1.005004697,
1983.698592115, 1.004953447,
1983.719024237, 1.004925694,
1983.739456260, 1.004833802,
1983.759888382, 1.005015933,
1983.780320603, 1.004882653,
1983.800752724, 1.005146642,
1983.821184845, 1.005087322,
1983.841616965, 1.005038338,
1983.862049085, 1.005056554,
1983.882481304, 1.005108550,
1983.902913324, 1.004805249,
1983.923345442, 1.004976081,
1983.943777660, 1.004706370,
1983.964209678, 1.005515245,
1983.984641795, 1.004629936,
1984.005074012, 1.004919194,
1984.025506029, 1.004938062,
1984.045938144, 1.005013988,
1984.066370360, 1.004773825,
1984.086802375, 1.004707311,
1984.107234490, 1.005035095,
1984.127666704, 1.004813720,
1984.148098719, 1.005131978,
1984.168530832, 1.004899323,
1984.188963045, 1.005079069,
1984.209395158, 1.005201482,
1984.229827170, 1.005033887,
1984.250259382, 1.004862685,
1984.270691494, 1.004950848,
1984.291123605, 1.004874957,
1984.311555715, 1.005112617,
1984.331987826, 1.004673610,
1984.352420036, 1.005077323,
1984.372852045, 1.005150596,
1984.393284054, 1.004969286,
1984.413716262, 1.004777217,
1984.475012586, 1.004718503,
1984.495444692, 1.004843100,
1984.515876699, 1.004879030,
1984.536308905, 1.005041775,
1984.556741011, 1.004857207,
1984.577173016, 1.004820857,
1984.597605221, 1.004970372,
1984.618037325, 1.004752879,
1984.638469429, 1.005078830,
1984.658901533, 1.004931784,
1984.679333636, 1.004794706,
1984.699765738, 1.005136590,
1984.720197941, 1.004765266,
1984.740629943, 1.004875766,
1984.761062144, 1.004692286,
1984.781494245, 1.004844422,
1984.801926246, 1.004822657,
1984.822358446, 1.004839668,
1984.842790547, 1.004922194,
1984.863222546, 1.004454765,
1984.883654745, 1.004933367,
1984.904086844, 1.004808273,
1984.985815134, 1.004720226,
1985.006247331, 1.004437013,
1985.026679427, 1.004959482,
1985.047111522, 1.004721633,
1985.067543618, 1.004770542,
1985.087975713, 1.004934024,
1985.108407807, 1.004763987,
1985.128839901, 1.004573090,
1985.149271996, 1.004898113,
1985.169703989, 1.004766275,
1985.190136181, 1.004851307,
1985.210568274, 1.004913633,
1985.231000466, 1.004702464,
1985.251432458, 1.004680891,
1985.271864549, 1.004717254,
1985.312728730, 1.004482268,
1985.333160821, 1.004905298,
1985.353593010, 1.004505090,
1985.374024999, 1.004718606,
1985.394457088, 1.004773405,
1985.455753352, 1.004584199,
1985.476185539, 1.004631730,
1985.496617526, 1.004874755,
1985.517049613, 1.004682222,
1985.537481799, 1.004814920,
1985.557913884, 1.004703624,
1985.578345870, 1.004627927,
1985.598778054, 1.004677984,
1985.619210139, 1.004846630,
1985.639642122, 1.004661983,
1985.660074306, 1.004626783,
1985.680506390, 1.004613355,
1985.700938572, 1.004556774,
1985.721370554, 1.004676255,
1985.741802636, 1.004939853,
1985.762234818, 1.004559509,
1985.782666799, 1.004752813,
1985.803098880, 1.004460530,
1985.823531060, 1.004903843,
1985.843963040, 1.004807578,
1985.864395120, 1.004749805,
1985.884827199, 1.004930282,
1985.946123434, 1.004804741,
1985.966555511, 1.005061819,
1985.986987588, 1.004707426,
1986.007419665, 1.004704230,
1986.027851741, 1.004552706,
1986.048283817, 1.004749320,
1986.089147968, 1.004769394,
1986.109580043, 1.004749386,
1986.130012217, 1.004576039,
1986.150444191, 1.004636686,
1986.170876364, 1.004519412,
1986.191308438, 1.004709520,
1986.211740410, 1.004733013,
1986.232172582, 1.004599058,
1986.252604655, 1.004493267,
1986.273036626, 1.004857575,
1986.293468797, 1.004691274,
1986.313900868, 1.004579594,
1986.334332838, 1.004827473,
1986.354765008, 1.004726059,
1986.375197077, 1.004763752,
1986.395629147, 1.004452094,
1986.416061216, 1.004808614,
1986.436493284, 1.004773767,
1986.456925351, 1.004541576,
1986.477357419, 1.004459143,
1986.497789486, 1.004733728,
1986.518221553, 1.004782572,
1986.538653719, 1.004567457,
1986.559085685, 1.004834299,
1986.579517751, 1.004809786,
1986.599949816, 1.004784874,
1986.620381881, 1.004779932,
1986.681678073, 1.004947298,
1986.702110236, 1.004609343,
1986.722542198, 1.004633348,
1986.742974261, 1.004622833,
1986.763406423, 1.004654821,
1986.783838385, 1.004599901,
1986.804270446, 1.004642164,
1986.824702607, 1.004406352,
1986.845134567, 1.004368727,
1986.865566627, 1.004454021,
1986.926862805, 1.004204202,
1986.947294963, 1.004644531,
1986.967727021, 1.004930355,
1986.988158979, 1.004699121,
1987.008591136, 1.004282173,
1987.029023193, 1.004530477,
1987.049455150, 1.004620299,
1987.069887305, 1.004480059,
1987.090319361, 1.004682002,
1987.172047680, 1.004402047,
1987.192479634, 1.004298650,
1987.212911687, 1.004242414,
1987.233343840, 1.004362208,
1987.253775793, 1.004140525,
1987.274207845, 1.004367174,
1987.294639997, 1.004375752,
1987.315071948, 1.004447461,
1987.335503999, 1.004291866,
1987.355936150, 1.004452682,
1987.376368100, 1.004556731,
1987.396800150, 1.004375080,
1987.417232199, 1.004587541,
1987.437664248, 1.004388693,
1987.458096297, 1.004501141,
1987.478528445, 1.004509225,
1987.498960393, 1.004637457,
1987.519392540, 1.004718202,
1987.539824588, 1.004374321,
1987.560256534, 1.004392175,
1987.580688681, 1.004237143,
1987.601120727, 1.004542954,
1987.662416862, 1.004582209,
1987.682848807, 1.004613521,
1987.703280951, 1.004324895,
1987.723712994, 1.004495236,
1987.744145038, 1.004567895,
1987.764577080, 1.004373973,
1987.785009123, 1.004343258,
1987.805441165, 1.004410664,
1987.825873207, 1.004315621,
1987.846305248, 1.004325568,
1987.907601370, 1.005005119,
1987.928033410, 1.004789288,
1987.948465549, 1.004489148,
1987.968897488, 1.004359893,
1987.989329626, 1.004357266,
1988.009761665, 1.004337160,
1988.030193603, 1.004439637,
1988.050625740, 1.004480913,
1988.071057777, 1.004413699,
1988.091489714, 1.004749022,
1988.111921850, 1.004574526,
1988.132353786, 1.004494302,
1988.152785822, 1.004444195,
1988.173217957, 1.004843172,
1988.193649892, 1.004466982,
1988.214081926, 1.004192342,
1988.234514060, 1.004425603,
1988.254945994, 1.004464634,
1988.275378027, 1.004392628,
1988.295810160, 1.004546454,
1988.316242192, 1.004222804,
1988.336674125, 1.004481824,
1988.397970219, 1.004476235,
1988.418402349, 1.004440772,
1988.438834380, 1.006158477,
1988.459266509, 1.004431724,
1988.479698439, 1.004608656,
1988.500130468, 1.004365887,
1988.520562596, 1.004229431,
1988.540994525, 1.004254788,
1988.561426553, 1.004522030,
1988.581858680, 1.004306261,
1988.643154761, 1.005005255,
1988.663586687, 1.004810270,
1988.684018712, 1.004231290,
1988.704450837, 1.004503540,
1988.724882763, 1.004686233,
1988.745314787, 1.004440492,
1988.765746912, 1.004367666,
1988.786178935, 1.004460742,
1988.806610859, 1.004462478,
1988.908770970, 1.004185918,
1988.929203091, 1.004109811,
1988.949635112, 1.004503725,
1988.970067032, 1.004209780,
1988.990499152, 1.004171230,
1989.010931172, 1.004260395,
1989.031363091, 1.004364061,
1989.051795210, 1.004298015,
1989.072227228, 1.004202465,
1989.092659147, 1.004465188,
1989.113091265, 1.004300804,
1989.133523282, 1.004297522,
1989.153955299, 1.004323060,
1989.174387316, 1.004313226,
1989.194819332, 1.004306770,
1989.215251348, 1.004267701,
1989.235683363, 1.004185403,
1989.256115379, 1.004321743,
1989.276547393, 1.004020772,
1989.317411422, 1.004434382,
1989.378707462, 1.004560782,
1989.399139574, 1.004220065,
1989.419571587, 1.004684460,
1989.440003498, 1.004184404,
1989.460435610, 1.004280133,
1989.480867621, 1.004271221,
1989.501299532, 1.004456722,
1989.521731642, 1.004206256,
1989.542163652, 1.004319054,
1989.562595562, 1.004088916,
1989.583027671, 1.004204960,
1989.603459680, 1.004724672,
1989.623891588, 1.004332409,
1989.644323696, 1.004262239,
1989.664755704, 1.004238974,
1989.685187611, 1.003949685,
1989.705619718, 1.004364703,
1989.726051725, 1.004184621,
1989.746483631, 1.004299182,
1989.766915737, 1.004154333,
1989.787347742, 1.004261790,
1989.807779648, 1.004118461,
1989.869075861, 1.004061721,
1989.889507765, 1.004229627,
1989.909939768, 1.004394748,
1989.930371871, 1.004259453,
1989.950803774, 1.004024472,
1989.971235776, 1.004379668,
1989.991667878, 1.004230747,
1990.012099780, 1.004344685,
1990.032531780, 1.003975249,
1990.052963881, 1.004346724,
1990.073395782, 1.004375696,
1990.093827782, 1.004294181,
1990.114259881, 1.004355041,
1990.134691881, 1.004116726,
1990.155123779, 1.004692277,
1990.175555878, 1.004219260,
1990.195987876, 1.004333828,
1990.216419774, 1.004314791,
1990.236851872, 1.004470490,
1990.257283869, 1.004405649,
1990.277715865, 1.004536019,
1990.298147862, 1.004269121,
1990.359443849, 1.004375874,
1990.379875744, 1.004010162,
1990.400307838, 1.004411470,
1990.441171727, 1.004361565,
1990.461603820, 1.004304615,
1990.482035813, 1.004269885,
1990.502467806, 1.004495821,
1990.522899798, 1.003804217,
1990.543331790, 1.004137612,
1990.604627765, 1.004327989,
1990.625059755, 1.003978799,
1990.645491845, 1.004122120,
1990.665923735, 1.003945242,
1990.686355725, 1.004157746,
1990.706787814, 1.004214191,
1990.727219703, 1.004087918,
1990.747651791, 1.004111871,
1990.768083779, 1.004199710,
1990.788515667, 1.004225281,
1990.849811628, 1.003843581,
1990.870243714, 1.004017112,
1990.890675700, 1.003952765,
1990.911107586, 1.004152722,
1990.951971656, 1.004295626,
1990.972403640, 1.004126864,
1990.992835625, 1.003980565,
1991.033699592, 1.003940890,
1991.054131575, 1.004099426,
1991.074563558, 1.003807939,
1991.094995440, 1.004089522,
1991.115427522, 1.003588960,
1991.135859503, 1.004154084,
1991.156291585, 1.003949211,
1991.176723466, 1.004012971,
1991.197155446, 1.003878545,
1991.217587527, 1.004116728,
1991.238019407, 1.003899226,
1991.258451386, 1.003919318,
1991.278883465, 1.004051991,
1991.340179400, 1.003752151,
1991.360611278, 1.004095032,
1991.381043256, 1.004086568,
1991.401475333, 1.003974546,
1991.421907209, 1.003917961,
1991.442339186, 1.003972962,
1991.462771261, 1.004052052,
1991.483203237, 1.003862873,
1991.503635113, 1.003918534,
1991.524067187, 1.004185056,
1991.544499162, 1.004266529,
1991.564931036, 1.004144921,
1991.585363110, 1.004083254,
1991.605795083, 1.003918928,
1991.626227157, 1.004026126,
1991.646659029, 1.003981478,
1991.687523074, 1.003869159,
1991.707954946, 1.004365969,
1991.728386917, 1.003893366,
1991.748818888, 1.004243999,
1991.769250859, 1.004267846,
1991.789682830, 1.003953827,
1991.810114799, 1.004022965,
1991.830546769, 1.004108773,
1991.850978738, 1.004074729,
1991.871410708, 1.003823039,
1991.891842676, 1.003982582,
1991.912274644, 1.004059849,
1991.932706612, 1.003918111,
1991.953138580, 1.003889056,
1991.973570547, 1.004240437,
1991.994002614, 1.003880577,
1992.014434480, 1.004052016,
1992.075730378, 1.003807505,
1992.096162443, 1.004157817,
1992.116594408, 1.004358129,
1992.137026272, 1.004025841,
1992.157458336, 1.003784520,
1992.177890300, 1.004056935,
1992.198322163, 1.003926094,
1992.218754226, 1.004192268,
1992.239186189, 1.003576250,
1992.259618051, 1.004057634,
1992.300482075, 1.004031112,
1992.320914036, 1.003963431,
1992.341345997, 1.003811446,
1992.361777958, 1.004089988,
1992.382209918, 1.004061527,
1992.402641878, 1.003854065,
1992.423073838, 1.003744818,
1992.443505897, 1.003817383,
1992.463937856, 1.003642510,
1992.484369715, 1.004103436,
1992.504801773, 1.003945325,
1992.525233631, 1.003964910,
1992.545665588, 1.004071396,
1992.566097645, 1.003696081,
1992.586529502, 1.004121915,
1992.606961459, 1.003723475,
1992.647825371, 1.004358100,
1992.668257326, 1.003948298,
1992.688689381, 1.004016697,
1992.709121236, 1.003807204,
1992.729553190, 1.004102663,
1992.749985245, 1.003685219,
1992.811281105, 1.003726121,
1992.831713058, 1.003664941,
1992.852145010, 1.003829436,
1992.872576962, 1.003849530,
1992.893008914, 1.003560240,
1992.913440865, 1.003823683,
1992.933872816, 1.003778447,
1992.954304767, 1.003602433,
1992.974736817, 1.003768427,
1992.995168668, 1.004036651,
1993.015600617, 1.003947210,
1993.036032666, 1.003687743,
1993.056464516, 1.003990739,
1993.076896464, 1.004049789,
1993.097328513, 1.003894541,
1993.117760361, 1.004161339,
1993.138192308, 1.003816141,
1993.158624356, 1.003589375,
1993.179056203, 1.003852400,
1993.199488149, 1.003883071,
1993.219920196, 1.004037787,
1993.301647877, 1.003568772,
1993.322079922, 1.003709290,
1993.342511866, 1.003814247,
1993.362943710, 1.003586273,
1993.383375754, 1.003778803,
1993.403807697, 1.003919706,
1993.424239540, 1.004176497,
1993.444671583, 1.003458272,
1993.465103525, 1.003933449,
1993.485535367, 1.003887256,
1993.546831191, 1.003362082,
1993.567263231, 1.003771454,
1993.587695172, 1.003788260,
1993.608127012, 1.003932141,
1993.628559051, 1.003494763,
1993.648990991, 1.003799310,
1993.669423030, 1.003604648,
1993.689854868, 1.003516625,
1993.710286806, 1.003489379,
1993.730718844, 1.004007899,
1993.751150682, 1.003524313,
1993.771582619, 1.003717034,
1993.792014656, 1.003723701,
1993.812446593, 1.003769145,
1993.832878429, 1.003887013,
1993.853310465, 1.003873573,
1993.873742401, 1.003781400,
1993.894174236, 1.003952340,
1993.914606271, 1.004061682,
1993.935038206, 1.003645736,
1993.955470040, 1.003604515,
1993.975902074, 1.003923429,
1994.037197874, 1.003852189,
1994.057629707, 1.003655027,
1994.078061739, 1.003910593,
1994.098493671, 1.003911650,
1994.118925503, 1.003847152,
1994.139357534, 1.003956166,
1994.159789465, 1.003712901,
1994.180221396, 1.003825429,
1994.200653326, 1.003672417,
1994.221085256, 1.003809416,
1994.282381044, 1.003857781,
1994.302812973, 1.003701134,
1994.323244901, 1.003690119,
1994.343676829, 1.003903680,
1994.364108757, 1.003574166,
1994.384540785, 1.004036669,
1994.404972612, 1.003680460,
1994.425404538, 1.004037867,
1994.445836565, 1.003780240,
1994.466268391, 1.003663920,
1994.486700417, 1.003812907,
1994.507132342, 1.003713492,
1994.527564167, 1.003691259,
1994.547996192, 1.003805216,
1994.568428117, 1.003905254,
1994.588859941, 1.003802868,
1994.609291965, 1.003477829,
1994.629723888, 1.003788943,
1994.650155811, 1.003460541,
1994.670587734, 1.003965016,
1994.691019657, 1.003557492,
1994.711451479, 1.003475944,
1994.772747244, 1.003931275,
1994.813611185, 1.003658434,
1994.834043006, 1.004032766,
1994.854475026, 1.003984020,
1994.874906945, 1.003575337,
1994.895338965, 1.003730029,
1994.915770784, 1.003838114,
1994.936202702, 1.003707371,
1994.956634721, 1.003406491,
1995.017930474, 1.003510723,
1995.038362291, 1.003660602,
1995.058794207, 1.003530843,
1995.099658040, 1.003590150,
1995.120089956, 1.003666880,
1995.140521971, 1.003666671,
1995.160953787, 1.003989926,
1995.181385701, 1.003568272,
1995.201817716, 1.003622976,
1995.263113457, 1.003648321,
1995.283545371, 1.003308260,
1995.303977284, 1.003514879,
1995.324409196, 1.003783092,
1995.344841109, 1.003448270,
1995.365273021, 1.003666635,
1995.385704932, 1.003323698,
1995.406136844, 1.003809985,
1995.426568755, 1.003599997,
1995.447000665, 1.003549610,
1995.467432576, 1.003895498,
1995.487864486, 1.003586343,
1995.508296396, 1.003726486,
1995.528728205, 1.003622273,
1995.549160214, 1.003570195,
1995.569592123, 1.003776152,
1995.590024032, 1.003481847,
1995.610455940, 1.004203449,
1995.630887848, 1.003664246,
1995.651319755, 1.003744803,
1995.671751663, 1.003677521,
1995.692183569, 1.003812982,
1995.753479288, 1.003624469,
1995.773911294, 1.003399350,
1995.794343199, 1.003595766,
1995.814775005, 1.003724683,
1995.835207009, 1.003607799,
1995.855638914, 1.003629146,
1995.876070718, 1.003869054,
1995.896502721, 1.003672511,
1995.916934625, 1.003777570,
1995.937366428, 1.003683945,
1995.998662136, 1.003702609,
1996.019094138, 1.003824919,
1996.039526039, 1.003884073,
1996.080389842, 1.003666274,
1996.100821742, 1.003658442,
1996.121253643, 1.003896599,
1996.141685543, 1.003891241,
1996.162117443, 1.003488854,
1996.182549342, 1.003834455,
1996.202981241, 1.003794109,
1996.223413140, 1.003862436,
1996.243845138, 1.003630242,
1996.264276937, 1.003718619,
1996.284708835, 1.003639741,
1996.305140832, 1.003223835,
1996.325572629, 1.003478339,
1996.346004527, 1.003712612,
1996.366436523, 1.003575228,
1996.386868320, 1.003634043,
1996.407300215, 1.003242242,
1996.427732211, 1.003290259,
1996.489027897, 1.003533650,
1996.509459691, 1.003197620,
1996.529891685, 1.003380614,
1996.550323579, 1.003495518,
1996.570755473, 1.003361467,
1996.591187366, 1.003261932,
1996.611619259, 1.003257516,
1996.632051152, 1.003251164,
1996.652483044, 1.003475014,
1996.672914936, 1.004198891,
1996.734210611, 1.003212648,
1996.754642502, 1.003668668,
1996.775074492, 1.003563271,
1996.795506282, 1.003582426,
1996.815938172, 1.003577137,
1996.836370162, 1.003543791,
1996.856801951, 1.003574852,
1996.877233840, 1.003228075,
1996.897665729, 1.003449467,
1996.918097618, 1.003583189,
1996.979393281, 1.003433175,
1996.999825268, 1.003532793,
1997.020257055, 1.003492010,
1997.040688942, 1.003408310,
1997.061120928, 1.003701509,
1997.101984600, 1.003384057,
1997.122416585, 1.003399285,
1997.142848470, 1.003454047,
1997.163280255, 1.003367360,
1997.224575908, 1.003684584,
1997.245007892, 1.003328086,
1997.265439775, 1.003298182,
1997.285871558, 1.003267253,
1997.306303540, 1.003389905,
1997.326735423, 1.003369613,
1997.347167405, 1.003431979,
1997.367599187, 1.003537808,
1997.388031068, 1.003528607,
1997.408463050, 1.003369046,
1997.428894830, 1.003442109,
1997.449326711, 1.003601680,
1997.469758691, 1.003542961,
1997.490190472, 1.003627041,
1997.510622351, 1.003664815,
1997.531054331, 1.003553838,
1997.551486210, 1.003361198,
1997.571917989, 1.003590569,
1997.592349967, 1.003592190,
1997.612781746, 1.003488325,
1997.633213624, 1.003668851,
1997.653645601, 1.003566260,
1997.714941232, 1.003735971,
1997.735373009, 1.003011586,
1997.755804985, 1.003568017,
1997.776236861, 1.003590397,
1997.796668636, 1.003268428,
1997.817100612, 1.003315611,
1997.837532487, 1.003556888,
1997.857964262, 1.003475491,
1997.878396236, 1.003210964,
1997.898828110, 1.003360379,
1997.960123731, 1.003413983,
1997.980555604, 1.003396635,
1998.000987476, 1.003300603,
1998.021419349, 1.003568370,
1998.041851221, 1.003364110,
1998.062283192, 1.003546958,
1998.082714964, 1.003350942,
1998.103146935, 1.003537894,
1998.123578806, 1.003215852,
1998.144010577, 1.003529543,
1998.164442547, 1.003603869,
1998.184874417, 1.003597157,
1998.205306187, 1.003538233,
1998.225738156, 1.003651343,
1998.246170025, 1.003783906,
1998.266601794, 1.003333729,
1998.287033763, 1.003286069,
1998.307465631, 1.003328999,
1998.348329367, 1.003172787,
1998.389193102, 1.003459737,
1998.450488601, 1.003456436,
1998.470920567, 1.003321956,
1998.491352433, 1.003441508,
1998.511784298, 1.003464607,
1998.532216164, 1.003388702,
1998.552648028, 1.003594526,
1998.573079993, 1.003510429,
1998.593511757, 1.003305835,
1998.613943621, 1.003587395,
1998.634375585, 1.003670903,
1998.695671174, 1.002974782,
1998.716102937, 1.003669407,
1998.736534799, 1.003194021,
1998.756966761, 1.003397865,
1998.777398523, 1.003296259,
1998.797830384, 1.003420674,
1998.818262345, 1.003348918,
1998.838694106, 1.003368424,
1998.859125967, 1.003213358,
1998.879557927, 1.003553427,
1998.899989787, 1.003003547,
1998.920421647, 1.003421047,
1998.961285365, 1.003139889,
1998.981717224, 1.003073923,
1999.002149083, 1.003292280,
1999.022580941, 1.002900349,
1999.043012899, 1.003174931,
1999.063444657, 1.003295209,
1999.083876514, 1.003262730,
1999.104308371, 1.003398923,
1999.124740228, 1.003109288,
1999.186035797, 1.003109271,
1999.206467553, 1.003389397,
1999.226899508, 1.003330090,
1999.247331363, 1.003286528,
1999.267763318, 1.003363954,
1999.288195073, 1.003143433,
1999.308626927, 1.003191724,
1999.329058881, 1.003132912,
1999.349490635, 1.003091007,
1999.369922489, 1.003015337,
1999.390354442, 1.003120665,
1999.410786295, 1.003021708,
1999.431218048, 1.003302865,
1999.451650000, 1.002962926,
1999.472081852, 1.002923940,
1999.492513604, 1.003303097,
1999.512945555, 1.003045239,
1999.533377407, 1.003033134,
1999.553809158, 1.002971053,
1999.574241108, 1.003004905,
1999.594672959, 1.003341660,
1999.615104709, 1.002892831,
1999.676400458, 1.003358001,
1999.696832207, 1.003147743,
1999.717264056, 1.003219570,
1999.737696004, 1.003271030,
1999.758127753, 1.003034001,
1999.778559600, 1.003000574,
1999.798991548, 1.002944502,
1999.819423296, 1.003010369,
1999.839855143, 1.003299443,
1999.860286990, 1.002957515,
1999.921582529, 1.003098217,
1999.942014374, 1.003079251,
1999.962446220, 1.003218347,
1999.982878165, 1.003402357,
2000.003309910, 1.003653252,
2000.023741855, 1.003134085,
2000.044173699, 1.003521190,
2000.064605443, 1.003023803,
2000.085037387, 1.003054892,
2000.105469231, 1.003245032,
2000.125900974, 1.003117168,
2000.146332917, 1.003039901,
2000.166764760, 1.003240828,
2000.187196502, 1.003517798,
2000.207628444, 1.002935769,
2000.228060286, 1.002981575,
2000.248492128, 1.003293089,
2000.268923970, 1.003119162,
2000.289355810, 1.003207430,
2000.309787651, 1.003428807,
2000.330219492, 1.003162032,
2000.411946852, 1.003125213,
2000.432378791, 1.003086252,
2000.452810630, 1.003117065,
2000.473242369, 1.002898297,
2000.493674307, 1.003213542,
2000.514106145, 1.003487645,
2000.534537883, 1.003236244,
2000.554969821, 1.003385713,
2000.575401658, 1.003345918,
2000.595833395, 1.003160732,
2000.636697069, 1.003100747,
2000.657128905, 1.003109614,
2000.677560841, 1.003359518,
2000.697992577, 1.003147617,
2000.718424412, 1.003301138,
2000.738856347, 1.003293035,
2000.759288082, 1.002999938,
2000.779720017, 1.002891132,
2000.800151851, 1.003355525,
2000.820583686, 1.003290537,
2000.841015520, 1.003164022,
2000.861447353, 1.003353062,
2000.881879186, 1.002857387,
2000.902311020, 1.002945566,
2000.922742853, 1.003005388,
2000.963606617, 1.003297423,
2000.984038349, 1.003195356,
2001.004470181, 1.002777585,
2001.024902113, 1.002873674,
2001.045333844, 1.002885069,
2001.065765675, 1.002762583,
2001.086197606, 1.003229777,
2001.147493096, 1.002885006,
2001.167924826, 1.002830622,
2001.188356755, 1.003054546,
2001.208788585, 1.002945351,
2001.229220413, 1.002997401,
2001.249652242, 1.003026853,
2001.270083970, 1.002598745,
2001.290515899, 1.002938525,
2001.310947726, 1.003427404,
2001.331379554, 1.002859639,
2001.351811281, 1.002883481,
2001.372243208, 1.002808664,
2001.392675035, 1.002842286,
2001.413106762, 1.002793497,
2001.433538688, 1.002815195,
2001.453970514, 1.002909612,
2001.474402240, 1.002988800,
2001.494834165, 1.002894614,
2001.515265991, 1.003375909,
2001.535697915, 1.002689630,
2001.556129640, 1.002893996,
2001.576561465, 1.002864920,
2001.637856937, 1.002897869,
2001.658288860, 1.002884153,
2001.678720583, 1.002775727,
2001.699152406, 1.003072525,
2001.719584329, 1.002689348,
2001.740016051, 1.002730412,
2001.760447874, 1.002929093,
2001.780879795, 1.003060812,
2001.801311617, 1.002952268,
2001.821743338, 1.002905481,
2001.842175259, 1.002721393,
2001.862607080, 1.002795679,
2001.883039001, 1.002874548,
2001.903470721, 1.002931068,
2001.923902542, 1.003097333,
2001.944334461, 1.002910172,
2001.964766181, 1.002628243,
2001.985198000, 1.002952362,
2002.005629819, 1.002776958,
2002.026061638, 1.002848075,
2002.046493457, 1.003085912,
2002.066925275, 1.002690884,
2002.128220729, 1.002947610,
2002.148652546, 1.002798355,
2002.169084363, 1.003016969,
2002.189516180, 1.002765217,
2002.209947996, 1.003248273,
2002.230379913, 1.002828820,
2002.250811629, 1.002993459,
2002.271243444, 1.002977528,
2002.291675360, 1.003300607,
2002.312107175, 1.002982737,
2002.332538891, 1.002586615,
2002.352970805, 1.002961504,
2002.373402620, 1.003021149,
2002.393834334, 1.003107924,
2002.414266248, 1.003295952,
2002.434698062, 1.002981333,
2002.455129775, 1.002887301,
2002.475561689, 1.002979154,
2002.495993502, 1.002876435,
2002.516425215, 1.002997317,
2002.536857127, 1.003019884,
2002.557288940, 1.002807682,
2002.639016286, 1.002904404,
2002.659447997, 1.003108707,
2002.679879808, 1.002559752,
2002.700311719, 1.002811632,
2002.720743429, 1.002794783,
2002.741175239, 1.002886642,
2002.761607049, 1.002709006,
2002.782038858, 1.002670562,
2002.802470668, 1.002958745,
2002.822902577, 1.003100731,
2002.843334286, 1.002891397,
2002.863766094, 1.002839279,
2002.884198003, 1.002744383,
2002.904629711, 1.002787419,
2002.925061519, 1.003013702,
2002.945493426, 1.003174073,
2002.965925134, 1.002909943,
2002.986357041, 1.002959502,
2003.006788848, 1.002761007,
2003.027220554, 1.002768724,
2003.047652461, 1.002815916,
2003.108947878, 1.002613770,
2003.129379684, 1.002759403,
2003.149811489, 1.002470673,
2003.170243294, 1.002789720,
2003.190675099, 1.002626553,
2003.211106903, 1.002877040,
2003.231538707, 1.002633857,
2003.251970511, 1.002601139,
2003.272402315, 1.002725543,
2003.292834218, 1.002975254,
2003.313265922, 1.002782866,
2003.333697825, 1.002710109,
2003.354129627, 1.002630115,
2003.374561330, 1.002683039,
2003.394993232, 1.003036635,
2003.415425034, 1.003232869,
2003.435856736, 1.002990246,
2003.456288637, 1.002850769,
2003.476720339, 1.002995931,
2003.497152140, 1.003149766,
2003.517584041, 1.002685923,
2003.538015741, 1.002821619,
2003.599311142, 1.002711756,
2003.619742941, 1.002727514,
2003.640174841, 1.002900655,
2003.681038439, 1.002689006,
2003.701470237, 1.002609365,
2003.721902036, 1.002949834,
2003.742333834, 1.002658883,
2003.762765632, 1.003026035,
2003.783197430, 1.002633180,
2003.803629327, 1.002943278,
2003.824061024, 1.002788078,
2003.844492821, 1.002792637,
2003.864924718, 1.002413202,
2003.885356415, 1.002691555,
2003.905788211, 1.002922949,
2003.926220107, 1.002846267,
2003.946651803, 1.002813858,
2003.967083599, 1.002887670,
2003.987515494, 1.002947265,
2004.007947189, 1.002802846,
2004.028379084, 1.002979809,
2004.089674467, 1.002697596,
2004.110106261, 1.002563657,
2004.130538055, 1.002791582,
2004.150969849, 1.002646150,
2004.171401642, 1.002935811,
2004.191833435, 1.002674719,
2004.212265228, 1.002692882,
2004.232697020, 1.002798480,
2004.253128713, 1.002722123,
2004.273560605, 1.002578928,
2004.293992397, 1.002758574,
2004.314424088, 1.002651063,
2004.334855980, 1.002556081,
2004.355287771, 1.002751045,
2004.375719662, 1.002519922,
2004.396151352, 1.003022304,
2004.416583143, 1.003040003,
2004.437015033, 1.002831776,
2004.457446723, 1.002515854,
2004.477878513, 1.002703456,
2004.498310402, 1.002610942,
2004.518742092, 1.002173333,
2004.580037458, 1.003043301,
2004.600469247, 1.002672285,
2004.620901135, 1.002980003,
2004.641332923, 1.002663290,
2004.661764611, 1.002721474,
2004.682196498, 1.002670368,
2004.702628285, 1.002656752,
2004.723060072, 1.002850810,
2004.743491859, 1.002662168,
2004.763923646, 1.002547829,
2004.825219004, 1.002222231,
2004.845650790, 1.002364699,
2004.866082575, 1.002492897,
2004.886514361, 1.002585421,
2004.906946145, 1.002350483,
2004.927377930, 1.002794953,
2004.968241499, 1.002508884,
2004.988673283, 1.002462536,
2005.009105067, 1.002675640,
2005.029536851, 1.002630462,
2005.049968634, 1.002409409,
2005.070400518, 1.002539937,
2005.090832201, 1.002623300,
2005.111263983, 1.002751378,
2005.131695866, 1.002514016,
2005.152127648, 1.002486407,
2005.172559330, 1.002571807,
2005.192991212, 1.002261946,
2005.213422994, 1.002762709,
2005.233854675, 1.002500807,
2005.254286556, 1.002620153,
2005.295150018, 1.002380195,
2005.315581898, 1.002629038,
2005.336013679, 1.002521073,
2005.356445359, 1.002505092,
2005.376877239, 1.002416514,
2005.397309018, 1.002287972,
2005.417740898, 1.002549126,
2005.438172577, 1.002330506,
2005.458604356, 1.002839970,
2005.479036235, 1.002837703,
2005.499467913, 1.002586766,
2005.519899691, 1.002903726,
2005.540331570, 1.002946709,
2005.560763247, 1.002626266,
2005.581195025, 1.002495233,
2005.601626902, 1.002471887,
2005.622058580, 1.002276113,
2005.642490357, 1.002315291,
2005.662922133, 1.002561226,
2005.683353910, 1.002436847,
2005.703785686, 1.002581591,
2005.724217562, 1.002711771,
2005.744649238, 1.002594072,
2005.805944565, 1.002532275,
2005.826376440, 1.002475795,
2005.846808214, 1.002726170,
2005.867239889, 1.002365398,
2005.887671763, 1.002790277,
2005.908103538, 1.002621646,
2005.928535211, 1.002480008,
2005.948967085, 1.002466966,
2005.969398859, 1.002488641,
2005.989830632, 1.002663669,
2006.010262405, 1.002360562,
2006.030694178, 1.002696359,
2006.051125951, 1.002575760,
2006.071557723, 1.002431049,
2006.091989495, 1.002681243,
2006.112421367, 1.002634297,
2006.132853039, 1.002702928,
2006.153284811, 1.002363043,
2006.173716682, 1.002657514,
2006.194148453, 1.002637812,
2006.214580124, 1.002606921,
2006.235011995, 1.002453286,
2006.255443765, 1.002844470,
2006.275875436, 1.002602959,
2006.296307306, 1.002113093,
2006.316739076, 1.002413948,
2006.337170745, 1.002395255,
2006.357602615, 1.002217182,
2006.378034284, 1.002734307,
2006.418897922, 1.002552257,
2006.439329591, 1.002373006,
2006.459761459, 1.002375762,
2006.480193227, 1.002198589,
2006.541488530, 1.002408816,
2006.561920298, 1.002507191,
2006.582352065, 1.002402287,
2006.602783832, 1.002507148,
2006.623215598, 1.002656096,
2006.643647465, 1.002344403,
2006.664079131, 1.002198388,
2006.684510897, 1.002158923,
2006.704942763, 1.002340956,
2006.725374429, 1.002542236,
2006.745806194, 1.002198839,
2006.766238060, 1.002526233,
2006.786669725, 1.002581283,
2006.807101590, 1.002579923,
2006.827533354, 1.002096244,
2006.847965019, 1.002637663,
2006.868396883, 1.002479453,
2006.888828647, 1.002609390,
2006.909260311, 1.002319725,
2006.929692174, 1.002404806,
2006.950123938, 1.002385204,
2006.970555601, 1.002372987,
2007.031850989, 1.002430991,
2007.052282751, 1.002404326,
2007.072714514, 1.002074785,
2007.093146276, 1.002384040,
2007.113578037, 1.002243977,
2007.134009799, 1.002303152,
2007.154441560, 1.002243031,
2007.174873321, 1.002357377,
2007.195305082, 1.002293028,
2007.215736943, 1.002231312,
2007.236168604, 1.002206952,
2007.256600364, 1.002113590,
2007.277032224, 1.002408444,
2007.297463884, 1.002409045,
2007.317895644, 1.002119488,
2007.338327503, 1.002262007,
2007.358759162, 1.002238204,
2007.379190922, 1.002541300,
2007.399622780, 1.002287354,
2007.420054439, 1.002868240,
2007.440486298, 1.002267299,
2007.460918056, 1.002458716,
2007.522213330, 1.002337556,
2007.542645087, 1.002137178,
2007.563076845, 1.002394810,
2007.583508602, 1.002296656,
2007.603940359, 1.002402281,
2007.624372215, 1.002306961,
2007.644803872, 1.002296559,
2007.665235628, 1.002224402,
2007.685667484, 1.002287251,
2007.706099140, 1.002280657,
2007.726530896, 1.002396775,
2007.746962651, 1.002311761,
2007.767394407, 1.002449026,
2007.787826262, 1.002255015,
2007.808258017, 1.002188328,
2007.828689671, 1.002249203,
2007.849121526, 1.002134821,
2007.869553180, 1.002240450,
2007.889984934, 1.002159859,
2007.910416788, 1.002545860,
2007.930848442, 1.002516481,
2007.951280196, 1.001931472,
2007.971712049, 1.002308910,
2007.992143702, 1.002314332,
2008.012575455, 1.002219353,
2008.033007308, 1.002357103,
2008.053439060, 1.002210574,
2008.073870713, 1.002052556,
2008.094302565, 1.002269748,
2008.114734317, 1.002296435,
2008.135166069, 1.002154155,
2008.155597820, 1.002456146,
2008.176029572, 1.002413164,
2008.196461423, 1.002398133,
2008.257756675, 1.002478777,
2008.278188326, 1.002087602,
2008.298620076, 1.002388488,
2008.319051926, 1.002392006,
2008.339483576, 1.002188628,
2008.359915325, 1.002334391,
2008.380347175, 1.002169133,
2008.400778824, 1.002188581,
2008.421210573, 1.002552259,
2008.441642422, 1.002042216,
2008.523369416, 1.001909507,
2008.543801164, 1.001924031,
2008.564232912, 1.001810767,
2008.584664559, 1.001919012,
2008.605096406, 1.002308649,
2008.625528154, 1.002275241,
2008.645959801, 1.001854368,
2008.666391647, 1.002045827,
2008.686823394, 1.002146002,
2008.707255040, 1.001972496,
2008.727686887, 1.002137827,
2008.748118633, 1.001834771,
2008.768550479, 1.002328724,
2008.809413870, 1.002222823,
2008.829845715, 1.002162112,
2008.850277360, 1.001918176,
2008.870709105, 1.002477293,
2008.891140950, 1.002198129,
2008.911572594, 1.002244860,
2008.952436183, 1.002145011,
2008.972867827, 1.001974630,
2008.993299571, 1.001844758,
2009.013731414, 1.002250196,
2009.034163158, 1.002102762,
2009.054594801, 1.002149016,
2009.075026644, 1.002532440,
2009.095458387, 1.002020788,
2009.115890130, 1.001991206,
2009.136321872, 1.002144820,
2009.156753614, 1.002005256,
2009.177185457, 1.002327755,
2009.238480582, 1.002328083,
2009.258912323, 1.003577848,
2009.279343964, 1.003322581,
2009.299775805, 1.002579763,
2009.320207546, 1.002331184,
2009.340639187, 1.002161729,
2009.361071027, 1.001545438,
2009.381502768, 1.002180857,
2009.401934608, 1.002143669,
2009.422366248, 1.002221251,
2009.442797988, 1.001906807,
2009.463229827, 1.001831591,
2009.483661466, 1.001902429,
2009.504093206, 1.002290870,
2009.524525045, 1.002183883,
2009.544956784, 1.002116381,
2009.585820261, 1.001957515,
2009.606251999, 1.002388897,
2009.626683637, 1.002025956,
2009.647115475, 1.002125614,
2009.667547213, 1.001885469,
2009.687978851, 1.001870906,
2009.708410688, 1.001914165,
2009.728842425, 1.001986983,
2009.749274262, 1.001940619,
2009.769705899, 1.001851780,
2009.790137636, 1.001961360,
2009.810569473, 1.002287733,
2009.831001109, 1.002119358,
2009.851432845, 1.002190290,
2009.871864581, 1.002043089,
2009.892296317, 1.002006879,
2009.912728053, 1.002187543,
2009.974023258, 1.001840242,
2009.994454993, 1.001985904,
2010.014886728, 1.002115371,
2010.035318462, 1.001886093,
2010.055750197, 1.001932322,
2010.076181931, 1.002216651,
2010.096613765, 1.002287106,
2010.117045499, 1.002189354,
2010.137477133, 1.002179944,
2010.157908966, 1.002169380,
2010.178340700, 1.001578293,
2010.198772333, 1.002203343,
2010.219204166, 1.001876395,
2010.239635899, 1.001867424,
2010.260067531, 1.002210129,
2010.280499364, 1.001947047,
2010.300931096, 1.001995637,
2010.321362728, 1.001965871,
2010.341794560, 1.002182706,
2010.362226292, 1.001849170,
2010.382658124, 1.002140086,
2010.403089755, 1.001961274,
2010.464384949, 1.001746998,
2010.484816679, 1.001883987,
2010.505248510, 1.001882000,
2010.525680240, 1.001736528,
2010.546111871, 1.001911818,
2010.566543701, 1.001878974,
2010.586975431, 1.001960848,
2010.607407060, 1.001815488,
2010.627838890, 1.001878203,
2010.648270619, 1.001672723,
2010.668702249, 1.001824050,
2010.689134078, 1.001701051,
2010.709565707, 1.001865609,
2010.729997535, 1.002044479,
2010.750429264, 1.002167054,
2010.770860892, 1.002065746,
2010.791292720, 1.001827640,
2010.811724448, 1.002154047,
2010.832156076, 1.001886758,
2010.852587904, 1.001645332,
2010.873019632, 1.001214272,
2010.893451259, 1.001739854,
2010.913883086, 1.002122576,
2010.934314813, 1.002196401,
2010.954746540, 1.001540832,
2010.975178267, 1.001927538,
2010.995609994, 1.001815104,
2011.016041820, 1.001870905,
2011.036473546, 1.001892505,
2011.056905172, 1.001758172,
2011.077336998, 1.001810738,
2011.097768724, 1.002014000,
2011.118200349, 1.002208479,
2011.138632175, 1.001684666,
2011.179495525, 1.001874148,
2011.199927350, 1.001816979,
2011.220359075, 1.002003499,
2011.240790699, 1.001960808,
2011.261222524, 1.001471738,
2011.281654248, 1.001685289,
2011.302085872, 1.001912061,
2011.322517696, 1.001976183,
2011.342949420, 1.001479845,
2011.363381143, 1.001759476,
2011.383812867, 1.001660455,
2011.445108036, 1.001418095,
2011.465539759, 1.001788016,
2011.485971482, 1.001838239,
2011.506403204, 1.001423475,
2011.526834926, 1.001541741,
2011.547266748, 1.001763071,
2011.567698370, 1.001718199,
2011.588130092, 1.001588131,
2011.608561914, 1.001631037,
2011.628993535, 1.001859182,
2011.649425357, 1.001724756,
2011.669857078, 1.001624009,
2011.690288699, 1.001771936,
2011.710720520, 1.002060792,
2011.731152241, 1.001636404,
2011.751583861, 1.001834190,
2011.772015681, 1.001846802,
2011.792447402, 1.001849142,
2011.812879022, 1.002287839,
2011.833310842, 1.002074483,
2011.853742562, 1.001944408,
2011.874174281, 1.001905046,
2011.894606001, 1.002013672,
2011.915037720, 1.001929191,
2011.935469539, 1.001786527,
2011.955901158, 1.001742500,
2011.976332877, 1.002021527,
2011.996764695, 1.001839412,
2012.017196414, 1.001701680,
2012.037628032, 1.001572930,
2012.058059850, 1.001668453,
2012.078491468, 1.001701667,
2012.098923187, 1.001846637,
2012.119355004, 1.001727638,
2012.139786622, 1.001822140,
2012.160218339, 1.001720002,
2012.180650157, 1.001716773,
2012.201081774, 1.001761187,
2012.221513490, 1.001693815,
2012.241945307, 1.001640315,
2012.262376924, 1.001440594,
2012.282808740, 1.001812850,
2012.303240457, 1.001396846,
2012.323672073, 1.001596101,
2012.344103889, 1.001498980,
2012.364535605, 1.001380192,
2012.425830752, 1.001440987,
2012.446262467, 1.001422913,
2012.466694182, 1.001496135,
2012.487125897, 1.001506004,
2012.507557612, 1.001482945,
2012.527989327, 1.001325638,
2012.548421041, 1.001886236,
2012.568852856, 1.001413110,
2012.589284570, 1.001605529,
2012.609716184, 1.001314777,
2012.630147998, 1.001600556,
2012.650579712, 1.001258512,
2012.671011325, 1.001672840,
2012.691443139, 1.001457056,
2012.711874852, 1.001578626,
2012.732306465, 1.001737251,
2012.752738278, 1.001691112,
2012.773169991, 1.001543876,
2012.793601604, 1.001578715,
2012.814033417, 1.001692142,
2012.834465129, 1.001608533,
2012.854896841, 1.001572172,
2012.916191977, 1.001530463,
2012.936623689, 1.001528684,
2012.957055400, 1.001410324,
2012.977487112, 1.001602088,
2012.997918823, 1.001295391,
2013.018350534, 1.001630331,
2013.038782245, 1.001473152,
2013.059213956, 1.001433555,
2013.100077477, 1.001457423,
2013.120509088, 1.001358845,
2013.140940898, 1.001453885,
2013.161372608, 1.001599659,
2013.181804218, 1.001583566,
2013.202236028, 1.001576366,
2013.222667737, 1.001440695,
2013.243099347, 1.001606011,
2013.263531156, 1.001594374,
2013.283962866, 1.001609537,
2013.304394475, 1.001611173,
2013.324826284, 1.001304878,
2013.345257992, 1.002012802,
2013.365689601, 1.001431151,
2013.386121410, 1.001408548,
2013.406553118, 1.001581962,
2013.426984826, 1.001515208,
2013.447416534, 1.001399077,
2013.467848242, 1.001552319,
2013.488279950, 1.001328658,
2013.529143365, 1.001249836,
2013.549575073, 1.001679516,
2013.570006780, 1.001306726,
2013.590438487, 1.001662260,
2013.610870294, 1.001446548,
2013.631301901, 1.001317858,
2013.672165414, 1.001531884,
2013.692597021, 1.001359711,
2013.713028727, 1.001211969,
2013.733460533, 1.001186360,
2013.753892139, 1.001884787,
2013.774323945, 1.001480703,
2013.794755651, 1.001261190,
2013.815187256, 1.001268063,
2013.835619062, 1.001501350,
2013.896914177, 1.001831460,
2013.917345882, 1.001423448,
2013.937777587, 1.001436562,
2013.958209292, 1.001655373,
2013.978640996, 1.001513030,
2013.999072700, 1.001618998,
2014.019504404, 1.001613907,
2014.039936109, 1.001542084,
2014.060367913, 1.001624479,
2014.080799616, 1.001383535,
2014.101231220, 1.001435347,
2014.121663024, 1.001528572,
2014.142094727, 1.001341916,
2014.162526330, 1.001574638,
2014.182958133, 1.001774593,
2014.203389836, 1.001516095,
2014.223821439, 1.001424029,
2014.244253242, 1.001530746,
2014.264684845, 1.001606743,
2014.285116547, 1.001655805,
2014.305548349, 1.001784901,
2014.325979952, 1.001350822,
2014.346411754, 1.001435815,
2014.366843456, 1.001520993,
2014.387275058, 1.002462715,
2014.407706859, 1.001483468,
2014.428138561, 1.001293386,
2014.448570262, 1.001500460,
2014.469001964, 1.001235299,
2014.489433665, 1.001631029,
2014.509865366, 1.001363401,
2014.530297067, 1.001322652,
2014.550728767, 1.001390041,
2014.571160468, 1.001371839,
2014.591592268, 1.001207632,
2014.612023869, 1.001208509,
2014.632455669, 1.001430224,
2014.652887369, 1.001282132,
2014.673318969, 1.001548488,
2014.693750769, 1.001108274,
2014.714182469, 1.001203024,
2014.734614068, 1.001092471,
2014.755045868, 1.001116678,
2014.775477567, 1.000946415,
2014.795909166, 1.000913797,
2014.816340965, 1.000876900,
2014.877636062, 1.001690436,
2014.898067760, 1.001738363,
2014.918499459, 1.001562191,
2014.938931157, 1.001603440,
2014.959362855, 1.001389431,
2014.979794553, 1.001104001,
2017.860663415, 0.999113469,
2017.881095197, 0.999201614,
2017.901526779, 0.999309534,
2017.921958461, 0.999195710,
2017.942390243, 0.999079031,
2017.962821825, 0.999255658,
2017.983253507, 0.999176432,
2018.003685288, 0.999655229,
2018.024116870, 0.999645228,
2018.044548551, 0.999280400,
2018.064980333, 0.999428935,
2018.085411914, 0.999477491,
2018.105843695, 0.999480819,
2018.126275376, 0.999521577,
2018.146707057, 0.999470523,
2018.167138738, 0.999437098,
2018.187570419, 0.999741561,
2018.208002100, 0.999642217,
2018.228433780, 0.999178953,
2018.248865461, 0.999403934,
2018.269297141, 0.999646486,
2018.289728921, 0.999596451,
2018.310160502, 0.999552314,
2018.330592182, 0.999420480,
2018.351023962, 0.999560186,
2018.371455542, 0.999353114,
2018.391887322, 0.999546965,
2018.412319001, 0.999495718,
2018.432750581, 0.999668883,
2018.453182361, 0.999674633,
2018.473614040, 0.999715593,
2018.494045620, 0.999378950,
2018.514477399, 0.999764302,
2018.534908978, 0.999494090,
2018.555340657, 0.999329176,
2018.575772436, 0.999611354,
2018.596204015, 0.999748577,
2018.616635794, 0.999760259,
2018.637067473, 0.999580283,
2018.657499152, 0.999556446,
2018.677930830, 0.999621771,
2018.698362509, 0.999673926,
2018.718794187, 0.999432718,
2018.739225865, 0.999689139,
2018.800521000, 0.999348755,
2018.820952578, 0.999679248,
2018.841384356, 0.999039927,
2018.861816034, 0.999440478,
2018.882247611, 0.999267732,
2018.902679389, 0.999518285,
2018.923111066, 0.999675925,
2018.943542644, 0.999357895,
2018.963974421, 0.999593756,
2018.984406099, 0.999579025,
2019.004837676, 0.999638486,
2019.025269453, 0.999490639,
2019.045701130, 0.999559203,
2019.066132707, 0.999677181,
2019.086564484, 0.999705665,
2019.106996161, 0.999508786,
2019.127427837, 0.999709683,
2019.147859514, 0.999255574,
2019.168291190, 1.000048254,
2019.188722867, 0.999735462,
2019.209154543, 0.999492861,
2019.229586220, 0.999715116,
2019.250017896, 0.999621974,
2019.270449572, 0.999349107,
2019.290881248, 0.999330898,
2019.311312924, 0.999404226,
2019.331744600, 0.999559672,
2019.352176375, 0.999636213,
2019.372608051, 0.999563689,
2019.393039627, 0.999480268,
2019.413471402, 0.999501758,
2019.433903078, 0.999524499,
2019.454334653, 0.999187588,
2019.474766428, 0.999571213,
2019.495198103, 0.999428689,
2019.515629679, 0.999460856,
2019.536061454, 0.999631195,
2019.556493129, 0.999218772,
2019.576924704, 0.999469160,
2019.597356478, 0.999577192,
2019.617788153, 0.999219138,
2019.638219928, 0.999545449,
2019.658651502, 0.999221732,
2019.699514951, 0.999317057,
2019.719946526, 0.999402648,
2019.781241648, 0.999290663,
2019.801673222, 0.999298165,
2019.822104996, 0.999491347,
2019.842536670, 0.999249944,
2019.862968344, 0.999272320,
2019.883400017, 0.999453933,
2019.903831591, 0.999538661,
2019.924263365, 0.999635836,
2019.944695038, 0.999381975,
2019.965126612, 0.999400718,
2019.985558385, 0.999429870,
2020.005990058, 0.999461371,
2020.026421631, 0.999407390,
2020.046853404, 0.999547627,
2020.067285077, 0.999437926,
2020.087716650, 0.999508248,
2020.108148423, 0.999484756,
2020.128580096, 0.999234041,
2020.149011869, 0.999133642,
2020.169443442, 0.999403036,
2020.189875114, 0.999296163,
2020.210306887, 0.999520873,
2020.230738459, 0.999328172,
2020.251170131, 0.999476050,
2020.271601904, 0.999310775,
2020.292033576, 0.999330741,
2020.312465148, 0.999493631,
2020.332896920, 0.999387598,
2020.353328592, 0.999515739,
2020.373760264, 0.999408530,
2020.394191936, 0.999513878,
2020.414623608, 0.999675181,
2020.435055379, 0.999416435,
2020.455486951, 0.999469302,
2020.475918623, 0.999273483,
2020.496350294, 0.999455302,
2020.516781966, 0.999694587,
2020.537213637, 0.999391873,
2020.557645308, 0.999558251,
2020.578076980, 0.998870311,
2020.598508651, 0.999364058,
2020.618940322, 0.999239763,
2020.639371993, 0.999234467,
2020.659803764, 0.999460477,
2020.680235335, 0.999284904,
2020.700667005, 0.999306210,
2020.721098776, 0.999295018,
2020.741530347, 0.999252918,
2020.761962017, 0.999305052,
2020.782393788, 0.999054424,
2020.802825458, 0.999634023,
2020.823257029, 0.999411143,
2020.843688799, 0.999706560,
2020.864120469, 0.999443107,
2020.884552140, 0.999260648,
2020.904983810, 0.999618436,
2020.925415480, 0.999503056,
2020.945847150, 0.999541863,
2020.966278820, 0.999279416,
2020.986710490, 0.999481113,
2021.007142259, 0.999370517,
2021.027573829, 0.999377056,
2021.048005499, 0.999123200,
2021.068437269, 0.999494251,
2021.088868838, 0.999499421,
2021.109300508, 0.999244494,
2021.129732277, 0.999804313,
2021.150163846, 0.999362829,
2021.170595616, 0.999529025,
2021.191027285, 0.999219229,
2021.211458854, 0.999528662,
2021.231890623, 0.999414556,
2021.252322292, 0.999443286,
2021.272753861, 0.999464412,
2021.293185630, 0.999372528,
2021.313617199, 0.998970811,
2021.334048868, 0.999486178,
2021.354480636, 0.999139977,
2021.374912305, 0.999276506,
2021.395343974, 0.999405670,
2021.415775642, 0.999163412,
2021.436207311, 0.999095646,
2021.456638979, 0.999187974,
2021.477070648, 0.999166936,
2021.497502316, 0.999088481,
2021.517934084, 0.999147546,
2021.538365652, 0.999032079,
2021.558797320, 0.999167091,
2021.579229088, 0.999112748,
2021.599660656, 0.999286396,
2021.620092424, 0.999245459,
2021.640524092, 0.999191949,
2021.660955660, 0.998991735,
2021.681387428, 0.999208488,
2021.722250663, 0.999290240,
2021.742682431, 0.999276949,
2021.763114098, 0.999166386,
2021.783545666, 0.999241816,
2021.803977433, 0.998982564,
2021.824409101, 0.998982039,
2021.844840768, 0.999000548,
2021.865272435, 0.999246875,
2021.885704102, 0.999327578,
2021.906135770, 0.999214450,
2021.926567437, 0.999134074,
2021.946999104, 0.998846925,
2021.967430771, 0.999607198,
2021.987862437, 0.999062152,
2022.008294104, 0.999250132,
2022.028725871, 0.998945402,
2022.049157438, 0.999652952,
2022.069589105, 0.999275389,
2022.090020871, 0.999152031,
2022.110452438, 0.999317436,
2022.130884204, 0.999282169,
2022.151315871, 0.998968447,
2022.171747437, 0.999499063,
2022.192179204, 0.999022316,
2022.212610870, 0.998995706,
2022.233042436, 0.998957778,
2022.253474202, 0.998815744,
2022.273905869, 0.999293104,
2022.294337435, 0.999079745,
2022.314769201, 0.998847947,
2022.335200867, 0.999122411,
2022.355632633, 0.999027446,
2022.376064198, 0.999097026,
2022.396495864, 0.999146956,
2022.416927630, 0.998940255,
2022.478222627, 0.999150080,
2022.498654293, 0.999260262,
2022.519085858, 0.999344846,
2022.539517624, 0.999503188,
2022.559949289, 0.999004834,
2022.580380855, 0.999190538,
2022.600812620, 0.999167865,
2022.621244285, 0.999312378,
2022.641675951, 0.999156847,
2022.662107616, 0.999027740,
2022.702970946, 0.999018655,
2022.723402611, 0.999008457,
2022.743834176, 0.999057123,
2022.764265941, 0.999156119,
2022.805129171, 0.999118683,
2022.825560936, 0.999177282,
2022.845992600, 0.999071855,
2022.866424365, 0.998885338,
2022.886855930, 0.999122253,
2022.907287594, 0.999122511,
2022.927719359, 0.999376729,
2022.948150923, 0.999084736,
2022.968582588, 0.999026818,
2022.989014352, 0.998806198,
2023.009446017, 0.998852864,
2023.029877581, 0.999429214,
2023.050309346, 0.998891163,
2023.070741010, 0.998881684,
2023.091172674, 0.999050870,
2023.111604338, 0.999027488,
2023.132036002, 0.999268290,
2023.152467766, 0.998860436,
2023.193330994, 0.999131292,
2023.213762758, 0.998852156,
2023.234194322, 0.998888288,
2023.254625986, 0.998982361,
2023.275057750, 0.998935693,
2023.295489314, 0.998831874,
2023.315920978, 0.998941000,
2023.336352741, 0.998848413,
2023.356784305, 0.998774122,
2023.377216069, 0.998884940,
2023.397647632, 0.998742814,
2023.438511059, 0.998871084,
2023.458942623, 0.998906658,
2023.479374286, 0.998698576,
2023.499806049, 0.998979406,
2023.520237713, 0.998668971,
2023.540669276, 0.998840865,
2023.561101040, 0.998889248,
2023.581532703, 0.998836371,
2023.601964366, 0.998840607,
2023.622396029, 0.998814234,
2023.642827692, 0.998839349,
2023.724554444, 0.999080971,
2023.744986007, 0.998790433,
2023.765417670, 0.998733022,
2023.785849433, 0.998990287,
2023.806280996, 0.999025369,
2023.826712759, 0.998534204,
2023.847144421, 0.998521592,
2023.867575984, 0.998598296,
2023.888007747, 0.998816236,
2023.908439409, 0.998856034,
2023.928870972, 0.998943400,
2023.949302734, 0.998816654,
2023.969734397, 0.998495707,
2023.990166059, 0.998839240,
2024.010597722, 0.998682458,
2024.031029384, 0.999115003,
2024.051461047, 0.998524681,
2024.071892709, 0.998953309,
2024.092324371, 0.998754659,
2024.112756033, 0.998681389,
2024.133187696, 0.998892797,
2024.174051020, 0.998604004,
2024.194482682, 0.998777021,
2024.214914344, 0.998489366,
2024.235346106, 0.999152096,
2024.255777669, 0.998851995,
2024.276209430, 0.998579503,
2024.296641092, 0.998351936,
2024.317072654, 0.998701975,
2024.337504416, 0.998840307,
2024.357936078, 0.998648452,
2024.378367640, 0.998737885,
2024.419231064, 0.998763781,
2024.439662625, 0.998720917,
2024.460094387, 0.998531946,
2024.480526049, 0.998369700,
2024.500957810, 0.998817673,
2024.521389372, 0.998680774,
2024.541821034, 0.998672371,
2024.562252795, 0.998698339,
2024.582684357, 0.998514754,
2024.603116018, 0.998634241,
2024.623547780, 0.998869279,
2024.664411003, 0.998763178,
2024.684842764, 0.998806867,
2024.705274425, 0.998645779,
2024.725706087, 0.998606992,
2024.746137748, 0.998780981,
2024.766569309, 0.998486297,
2024.787001071, 0.998804773,
2024.807432732, 0.998552959,
2024.827864293, 0.998745236,
2024.848296054, 0.998693517,
2024.868727716, 0.998518259,
2024.909591038, 0.998611133,
2024.930022699, 0.998573788,
2024.950454460, 0.998740070,
2024.970886021, 0.998634668,
2024.991317682, 0.998516586,
2025.011749443, 0.998689264,
2025.032181004, 0.998797834,
2025.052612665, 0.998343490,
2025.073044426, 0.998363609,
2025.093475987, 0.998700673,
2025.113907648, 0.998935348,
2025.154771069, 0.998485682,
2025.175202730, 0.998551001,
2025.195634391, 0.998870403,
2025.216066051, 0.998542723,
2025.236497712, 0.998486687,
2025.256929373, 0.998463191,
2025.277361034, 0.998581914,
2025.297792794, 0.998506465,
2025.318224355, 0.998574456,
2025.338656015, 0.998316455,
2025.359087776, 0.998860219,
2025.399951097, 0.998369497,
2025.420382658, 0.998687116,
2025.440814318, 0.998512584,
2025.461246079, 0.998423177,
2025.481677639, 0.998586117,
2025.502109300, 0.998548687,
2025.522541060, 0.998529490,
2025.542972620, 0.998454450,
2025.563404281, 0.998503074,
2025.583836041, 0.998470099,
2025.604267602, 0.998582948,
2025.685994343, 0.998503352,
2025.706426003, 0.998724922,
2025.726857663, 0.998203357,
2025.747289324, 0.998738961,
2025.767720984, 0.998305513,
2025.788152644, 0.998327206,
2025.808584304, 0.998537710,
2025.829015964, 0.998297303,
2025.849447724, 0.998442753,
2025.890310945, 0.998427718,
2025.910742705, 0.998601871,
2025.931174365, 0.998512995,
2025.951605925, 0.998441605,
2025.972037685, 0.998447943,
2025.992469345, 0.998298269,
2026.012900905, 0.998644666,
2026.033332665, 0.998446403,
2026.053764325, 0.998215238,
2026.074195985, 0.998402987,
2026.094627645, 0.998414807,
2026.155922625, 0.998382495,
2026.176354185, 0.998380685,
2026.196785945, 0.998595734,
2026.217217604, 0.998288031,
2026.237649264, 0.998607220,
2026.258080924, 0.998431064,
2026.278512584, 0.998246895,
2026.298944344, 0.998374398,
2026.319375904, 0.998320933,
2026.339807564, 0.998356840,
2026.401102543, 0.998688123,
2026.421534303, 0.998125721,
2026.441965962, 0.998339106,
2026.462397522, 0.998097930,
2026.482829282, 0.998655542,
2026.503260942, 0.998447828,
2026.523692701, 0.998249064,
2026.544124261, 0.998593127,
2026.564555921, 0.998648905,
2026.584987681, 0.998540988,
2026.605419240, 0.998513190,
2026.625850900, 0.998464633,
2026.646282660, 0.998426348,
2026.666714219, 0.998065708,
2026.687145879, 0.998101524,
2026.707577639, 0.998372720,
2026.728009198, 0.998229597,
2026.748440958, 0.998357146,
2026.768872617, 0.998543893,
2026.789304177, 0.998319424,
2026.809735937, 0.998206977,
2026.830167496, 0.998329680,
2026.871030915, 0.998345423,
2026.891462475, 0.998077253,
2026.911894135, 0.998349996,
2026.932325894, 0.998401653,
2026.952757554, 0.998444892,
2026.973189213, 0.998705274,
2026.993620873, 0.998353084,
2027.014052532, 0.998411418,
2027.034484292, 0.997722557,
2027.054915852, 0.998279370,
2027.075347511, 0.998334799,
2027.116210830, 0.998562390,
2027.136642490, 0.998331070,
2027.157074249, 0.998291571,
2027.177505809, 0.998076273,
2027.197937568, 0.998062939,
2027.218369228, 0.998219919,
2027.238800787, 0.998379846,
2027.259232547, 0.998239395,
2027.279664206, 0.998293987,
2027.300095766, 0.998325428,
2027.320527525, 0.998221152,
2027.381822504, 0.998284999,
2027.402254163, 0.998299499,
2027.422685923, 0.998295521,
2027.443117482, 0.997924255,
2027.463549142, 0.997979710,
2027.483980801, 0.998132292,
2027.504412561, 0.998210133,
2027.524844121, 0.998405955,
2027.545275880, 0.998335862,
2027.565707440, 0.997916887,
2027.627002418, 0.997839221,
2027.647434178, 0.997932721,
2027.667865837, 0.998332031,
2027.688297397, 0.998082222,
2027.708729156, 0.997971836,
2027.729160816, 0.998245353,
2027.749592375, 0.998238272,
2027.770024135, 0.997908936,
2027.790455794, 0.998119234,
2027.810887554, 0.998061436,
2027.872182532, 0.997976625,
2027.892614092, 0.998273538,
2027.913045752, 0.997800438,
2027.933477511, 0.998135528,
2027.953909071, 0.998302271,
2027.974340730, 0.998051829,
2027.994772490, 0.998080679,
2028.015204149, 0.997905012,
2028.035635809, 0.998274096,
2028.056067469, 0.997851003,
2028.076499128, 0.998044673,
2028.096930788, 0.997968049,
2028.178657426, 0.997764848,
2028.199089086, 0.997948590,
2028.219520746, 0.997925169,
2028.239952405, 0.997904645,
2028.260384165, 0.997974087,
2028.280815725, 0.997899797,
2028.301247385, 0.997996573,
2028.342110704, 0.997926543,
2028.362542364, 0.997974424,
2028.382974123, 0.998011492,
2028.403405683, 0.997779710,
2028.423837443, 0.997978887,
2028.444269103, 0.998073992,
2028.464700662, 0.997758664,
2028.485132422, 0.997838952,
2028.505564082, 0.997783267,
2028.525995642, 0.998053885,
2028.546427401, 0.997622837,
2028.607722381, 0.997842099,
2028.628154041, 0.997971123,
2028.648585801, 0.997895730,
2028.669017361, 0.998073862,
2028.689449021, 0.997797231,
2028.709880780, 0.997813652,
2028.750744000, 0.997757603,
2028.771175760, 0.997920807,
2028.791607420, 0.998107068,
2028.852902400, 0.997737776,
2028.873334060, 0.997631867,
2028.893765720, 0.997749435,
2028.914197280, 0.997940855,
2028.934629040, 0.997889284,
2028.955060700, 0.997971071,
2028.975492260, 0.997839914,
2028.995924021, 0.997777435,
2029.016355681, 0.998728957,
2029.036787241, 0.997896383,
2029.057219001, 0.997639751,
2029.077650661, 0.997739228,
2029.098082421, 0.998184770,
2029.118513982, 0.997896074,
2029.138945642, 0.997496347,
2029.159377402, 0.997857725,
2029.179808962, 0.997794196,
2029.200240623, 0.997763387,
2029.220672383, 0.997608057,
2029.241104043, 0.997759068,
2029.261535703, 0.997544328,
2029.281967364, 0.997640367,
2029.343262345, 0.997632151,
2029.363694005, 0.997590102,
2029.384125766, 0.997355408,
2029.404557326, 0.997441808,
2029.424988987, 0.997522992,
2029.445420747, 0.997785793,
2029.465852308, 0.997987431,
2029.486284068, 0.997617183,
2029.506715729, 0.997584759,
2029.527147289, 0.997688187,
2029.588442271, 0.997559672,
2029.608874032, 0.998008624,
2029.629305593, 0.997531818,
2029.649737253, 0.997745002,
2029.670169014, 0.997444711,
2029.690600575, 0.997568554,
2029.711032336, 0.997432742,
2029.731463997, 0.997526492,
2029.751895657, 0.997574285,
2029.772327318, 0.997638784,
2029.833622301, 0.997453061,
2029.854053962, 0.997784139,
2029.874485723, 0.997386918,
2029.894917384, 0.997415829,
2029.915348945, 0.997464366,
2029.935780706, 0.997734735,
2029.956212367, 0.997426652,
2029.976643928, 0.997507237,
2029.997075689, 0.997583832,
2030.017507350, 0.997356824,
2030.078802334, 0.997290558,
2030.099234095, 0.997475133,
2030.119665656, 0.997533113,
2030.140097318, 0.996986567,
2030.160529079, 0.997360869,
2030.180960640, 0.997215227,
2030.201392302, 0.997452304,
2030.221823963, 0.997406072,
2030.242255625, 0.997393538,
2030.262687286, 0.997342404,
2030.283118948, 0.997419441,
2030.303550609, 0.997405070,
2030.323982371, 0.997322854,
2030.344413932, 0.997364682,
2030.364845594, 0.997278658,
2030.385277356, 0.997288746,
2030.405709017, 0.997705781,
2030.426140579, 0.997279411,
2030.446572341, 0.997505046,
2030.487435664, 0.997595108,
2030.507867326, 0.997227416,
2030.548730650, 0.997283198,
2030.569162312, 0.997487941,
2030.589593974, 0.997368399,
2030.610025736, 0.997404032,
2030.630457298, 0.997441042,
2030.650888960, 0.997527877,
2030.671320722, 0.997467446,
2030.691752284, 0.997394376,
2030.712184046, 0.997076329,
2030.732615709, 0.996862129,
2030.753047271, 0.997639468,
2030.793910695, 0.997617271,
2030.814342258, 0.997290020,
2030.834774020, 0.997155147,
2030.855205682, 0.997273729,
2030.875637345, 0.997322706,
2030.896069007, 0.997278887,
2030.916500670, 0.997389736,
2030.936932332, 0.997250874,
2030.957363995, 0.997308617,
2030.977795657, 0.997665219,
2030.998227320, 0.997333005,
2031.059522408, 0.997305454,
2031.079953971, 0.997188070,
2031.100385734, 0.997436221,
2031.120817397, 0.997110634,
2031.141248960, 0.997287620,
2031.161680722, 0.997215159,
2031.182112385, 0.997094136,
2031.202543948, 0.997161755,
2031.222975711, 0.997228859,
2031.243407375, 0.997386496,
2031.284270701, 0.997074605,
2031.325134127, 0.997328428,
2031.345565691, 0.997176270,
2031.365997354, 0.997124102,
2031.386429117, 0.997294322,
2031.406860681, 0.997237891,
2031.427292344, 0.997321796,
2031.447724108, 0.997128093,
2031.468155671, 0.997161036,
2031.488587435, 0.997349708,
2031.549882426, 0.997101182,
2031.570314089, 0.997339984,
2031.590745653, 0.997334521,
2031.611177417, 0.997241559,
2031.631609081, 0.997210505,
2031.652040645, 0.997345270,
2031.672472409, 0.997311354,
2031.692904073, 0.996959884,
2031.713335737, 0.997050815,
2031.733767401, 0.996944924,
2031.795062393, 0.997100066,
2031.815494057, 0.997199889,
2031.835925822, 0.997412207,
2031.856357386, 0.997189590,
2031.876789150, 0.997324807,
2031.897220815, 0.996986254,
2031.917652379, 0.997315651,
2031.938084144, 0.997123888,
2031.958515808, 0.996863411,
2031.978947373, 0.997125072,
2032.019810802, 0.997014081,
2032.040242467, 0.997260871,
2032.060674132, 0.997109312,
2032.081105797, 0.996894751,
2032.101537562, 0.997288578,
2032.121969126, 0.997270023,
2032.142400792, 0.997071526,
2032.162832557, 0.997086446,
2032.183264122, 0.997081534,
2032.203695787, 0.997316101,
2032.224127552, 0.997311792,
2032.285422548, 0.997008445,
2032.305854113, 0.997066345,
2032.326285878, 0.996985658,
2032.346717544, 0.997387531,
2032.367149109, 0.997148914,
2032.387580875, 0.997207263,
2032.408012541, 0.997029726,
2032.428444106, 0.997027640,
2032.448875872, 0.997291221,
2032.469307538, 0.996844104,
2032.489739304, 0.997136085,
2032.510170869, 0.997195037,
2032.530602535, 0.997211060,
2032.551034301, 0.997148691,
2032.571465867, 0.997219589,
2032.591897533, 0.997093322,
2032.612329300, 0.997009113,
2032.632760866, 0.997337701,
2032.653192632, 0.996991026,
2032.673624298, 0.997186393,
2032.694055865, 0.997069908,
2032.714487631, 0.997038183,
2032.755350964, 0.996847196,
2032.775782630, 0.997237223,
2032.796214297, 0.997119025,
2032.816645964, 0.997163304,
2032.837077630, 0.997046474,
2032.857509297, 0.997058782,
2032.877940964, 0.997074313,
2032.898372731, 0.997067450,
2032.918804298, 0.997264227,
2032.939236065, 0.996951767,
2032.959667632, 0.997339973,
2033.000531066, 0.997036447,
2033.041394401, 0.997113206,
2033.061826068, 0.997252121,
2033.082257635, 0.997115115,
2033.102689403, 0.997130452,
2033.123121070, 0.997247613,
2033.143552638, 0.997064741,
2033.163984405, 0.997224548,
2033.184416073, 0.997253337,
2033.204847641, 0.997077605,
2033.245711077, 0.997404311,
2033.266142844, 0.997100399,
2033.286574412, 0.997044522,
2033.307006080, 0.997050198,
2033.327437849, 0.997166165,
2033.347869417, 0.997034361,
2033.368301085, 0.997297004,
2033.388732853, 0.997936188,
2033.409164521, 0.997038382,
2033.429596190, 0.997184444,
2033.450027858, 0.997081783,
2033.511322864, 0.997077340,
2033.531754533, 0.996780831,
2033.552186301, 0.996782753,
2033.572617870, 0.997010621,
2033.593049639, 0.997031383,
2033.613481208, 0.996896965,
2033.633912877, 0.997133240,
2033.654344646, 0.996952202,
2033.674776215, 0.997267835,
2033.695207884, 0.996806907,
2033.736071223, 0.997081142,
2033.756502892, 0.997261399,
2033.776934662, 0.997035007,
2033.797366231, 0.997173312,
2033.817798001, 0.996746973,
2033.838229671, 0.996968503,
2033.858661240, 0.997184570,
2033.879093010, 0.997207515,
2033.899524680, 0.996882723,
2033.919956350, 0.997200502,
2033.940388020, 0.996892369,
2033.981251460, 0.997241967,
2034.022114700, 0.996911462,
2034.042546471, 0.997295429,
2034.062978141, 0.997267522,
2034.083409711, 0.997137644,
2034.103841482, 0.997087830,
2034.124273152, 0.997455568,
2034.144704723, 0.997290841,
2034.165136494, 0.997188256,
2034.185568164, 0.997095965,
2034.246863177, 0.996955484,
2034.267294848, 0.997251318,
2034.287726519, 0.997172913,
2034.308158191, 0.996991645,
2034.328589862, 0.997168526,
2034.349021533, 0.997105685,
2034.369453304, 0.996953504,
2034.389884876, 0.997093327,
2034.410316547, 0.997694288,
2034.430748319, 0.997264566,
2034.471611562, 0.997241132,
2034.492043334, 0.997216372,
2034.512474906, 0.997068449,
2034.532906578, 0.996882606,
2034.553338350, 0.997234125,
2034.573769922, 0.997119378,
2034.594201694, 0.997347227,
2034.614633367, 0.997012948,
2034.635065039, 0.996997517,
2034.655496711, 0.997246671,
2034.675928384, 0.996982035,
2034.737223402, 0.997138955,
2034.757655174, 0.997175855,
2034.778086847, 0.997046716,
2034.798518420, 0.997175940,
2034.818950193, 0.996995896,
2034.839381866, 0.997011064,
2034.859813439, 0.997217256,
2034.880245213, 0.997258037,
2034.900676886, 0.997227437,
2034.921108459, 0.997357359,
2034.982403580, 0.997218878,
2035.002835253, 0.997177446,
2035.023266827, 0.997238572,
2035.043698601, 0.997155395,
2035.064130275, 0.997448273,
2035.084561849, 0.996982867,
2035.104993623, 0.996847256,
2035.125425297, 0.997109440,
2035.145857071, 0.997387679,
2035.166288645, 0.997189361,
2035.207152094, 0.996991549,
2035.227583669, 0.996892540,
2035.248015343, 0.997115648,
2035.268447118, 0.996809739,
2035.288878793, 0.997151947,
2035.309310468, 0.997232255,
2035.350173818, 0.997107215,
2035.391037168, 0.997098105,
2035.411468843, 0.997164285,
2035.472763869, 0.996837143,
2035.493195645, 0.997140043,
2035.513627220, 0.997146411,
2035.534058996, 0.997141167,
2035.554490672, 0.997144567,
2035.574922248, 0.997050031,
2035.595354024, 0.997007287,
2035.615785700, 0.996818493,
2035.636217276, 0.996979577,
2035.656649052, 0.996833662,
2035.717944081, 0.996930580,
2035.738375658, 0.997085399,
2035.758807434, 0.997017265,
2035.779239111, 0.996758232,
2035.799670788, 0.997166803,
2035.820102465, 0.997065408,
2035.840534142, 0.997430091,
2035.860965919, 0.997289423,
2035.881397496, 0.997218930,
2035.901829173, 0.996989121,
2035.963124205, 0.997145923,
2035.983555983, 0.997136077,
2036.003987661, 0.997091772,
2036.024419238, 0.997242284,
2036.044851016, 0.997309517,
2036.065282694, 0.997482948,
2036.085714472, 0.997254069,
2036.106146050, 0.997223248,
2036.126577728, 0.996846865,
2036.147009507, 0.996855569,
2036.187872763, 0.997220516,
2036.208304542, 0.997588683,
2036.228736121, 0.997085273,
2036.249167899, 0.996882737,
2036.269599478, 0.997167932,
2036.290031157, 0.997159261,
2036.310462936, 0.997226189,
2036.330894615, 0.996752876,
2036.351326194, 0.997270582,
2036.371757973, 0.997076716,
2036.392189553, 0.997263295,
2036.453484591, 0.997313537,
2036.473916371, 0.997100318,
2036.494348051, 0.996743205,
2036.514779731, 0.996882305,
2036.535211411, 0.996978083,
2036.555643091, 0.997127239,
2036.576074771, 0.996934611,
2036.596506551, 0.997050711,
2036.616938131, 0.997447937,
2036.637369912, 0.997086723,
2036.698664954, 0.997222100,
2036.719096634, 0.997047190,
2036.739528215, 0.997426294,
2036.759959996, 0.997232983,
2036.780391677, 0.997532328,
2036.800823459, 0.997314394,
2036.821255040, 0.997095418,
2036.841686721, 0.997376956,
2036.862118503, 0.997650447,
2036.882550084, 0.997154282,
2036.943845130, 0.997173090,
2036.964276812, 0.997089175,
2036.984708594, 0.997211097,
2037.005140176, 0.997436249,
2037.025571958, 0.997241217,
2037.046003540, 0.997243338,
2037.066435223, 0.997238988,
2037.086867005, 0.997286445,
2037.107298688, 0.997017317,
2037.127730271, 0.997419137,
2037.189025419, 0.997290724,
2037.209457102, 0.997086386,
2037.229888786, 0.997283103,
2037.250320469, 0.997020574,
2037.270752152, 0.997056963,
2037.291183836, 0.997125951,
2037.311615620, 0.996967125,
2037.332047203, 0.997118487,
2037.352478987, 0.997081693,
2037.372910671, 0.997084331,
2037.434205723, 0.997126338,
2037.454637308, 0.996901908,
2037.475069092, 0.997119020,
2037.495500777, 0.997112108,
2037.515932361, 0.997390412,
2037.536364146, 0.997307498,
2037.556795831, 0.996961060,
2037.577227616, 0.996954368,
2037.597659201, 0.997027638,
2037.618090886, 0.996781909,
2037.679385942, 0.997151576,
2037.699817627, 0.997138150,
2037.720249313, 0.997288604,
2037.740681099, 0.996965946,
2037.761112685, 0.997416602,
2037.781544371, 0.997010078,
2037.801976157, 0.996851735,
2037.822407843, 0.997183590,
2037.842839429, 0.997109375,
2037.863271215, 0.996917362,
2037.904134588, 0.996742742,
2037.924566275, 0.996804271,
2037.944997962, 0.997187932,
2037.965429749, 0.996919041,
2038.006293023, 0.997292136,
2038.026724810, 0.996952755,
2038.047156398, 0.997244032,
2038.067588085, 0.997203465,
2038.088019873, 0.996956187,
2038.108451460, 0.996959390,
2038.169746524, 0.997112458,
2038.190178312, 0.997264002,
2038.210610000, 0.997249817,
2038.231041588, 0.997115150,
2038.251473377, 0.997040309,
2038.271905065, 0.997201032,
2038.292336754, 0.997046216,
2038.312768443, 0.997117605,
2038.333200132, 0.997019991,
2038.353631821, 0.997123429,
2038.374063510, 0.997950225,
2038.394495199, 0.997379198,
2038.414926888, 0.997172912,
2038.435358577, 0.996824362,
2038.455790367, 0.997268016,
2038.476222057, 0.997122894,
2038.496653646, 0.997020115,
2038.517085436, 0.997110886,
2038.537517126, 0.997258003,
2038.557948716, 0.997249622,
2038.578380506, 0.997174666,
2038.598812197, 0.997119993,
2038.660107268, 0.997472006,
2038.680539059, 0.997255211,
2038.700970650, 0.997421932,
2038.721402341, 0.997050249,
2038.741834132, 0.997579465,
2038.762265723, 0.997231781,
2038.782697414, 0.997443817,
2038.803129206, 0.997032292,
2038.823560797, 0.997076907,
2038.843992589, 0.997191649,
2038.884855873, 0.997145890,
2038.905287665, 0.997028830,
2038.925719357, 0.997230533,
2038.946151049, 0.997180126,
2038.966582742, 0.997042062,
2038.987014434, 0.997406543,
2039.007446127, 0.996943892,
2039.027877819, 0.997042785,
2039.048309512, 0.996976729,
2039.068741205, 0.996947779,
2039.130036385, 0.997084023,
2039.150467978, 0.997157923,
2039.170899671, 0.997468921,
2039.191331465, 0.997135916,
2039.211763059, 0.997110516,
2039.232194853, 0.997323760,
2039.252626547, 0.997068389,
2039.273058141, 0.997091737,
2039.293489935, 0.996863233,
2039.313921630, 0.996952209,
2039.334353224, 0.997610719,
2039.416080103, 0.997033383,
2039.436511798, 0.996986988,
2039.456943593, 0.996943304,
2039.477375189, 0.997192138,
2039.497806884, 0.997180914,
2039.518238680, 0.996962101,
2039.559101971, 0.997247933,
2039.579533767, 0.997253595,
2039.599965463, 0.996863835,
2039.620397159, 0.996895071,
2039.640828856, 0.997553550,
2039.661260452, 0.997169005,
2039.681692249, 0.997378556,
2039.702123945, 0.997023107,
2039.722555542, 0.997297745,
2039.742987339, 0.996780364,
2039.763419036, 0.997097912,
2039.783850833, 0.997255216,
2039.804282431, 0.996920321,
2039.824714128, 0.997287938,
2039.886009221, 0.997186307,
2039.926872617, 0.997096078,
2039.947304315, 0.997187758,
2039.967736113, 0.997217754,
2039.988167712, 0.997013189,
2040.008599510, 0.997079498,
2040.029031209, 0.997144250,
2040.049462808, 0.997732519,
2040.069894607, 0.997029703,
2040.110757905, 0.997015325,
2040.151621404, 0.997201042,
2040.172053203, 0.997055864,
2040.192484803, 0.997068255,
2040.212916503, 0.997049293,
2040.233348303, 0.996970128,
2040.253780003, 0.996968140,
2040.274211603, 0.997261878,
2040.294643403, 0.996986050,
2040.315075104, 0.997126116,
2040.376370206, 0.997180084,
2040.396801907, 0.997301073,
2040.417233608, 0.998071653,
2040.437665209, 0.997064720,
2040.458097011, 0.996996855,
2040.478528712, 0.997154908,
2040.498960314, 0.997198646,
2040.519392116, 0.997430840,
2040.539823818, 0.997065105,
2040.560255620, 0.997467995,
2040.621550727, 0.997188954,
2040.641982329, 0.997171989,
2040.662414032, 0.997148614,
2040.682845835, 0.997244691,
2040.703277438, 0.997161852,
2040.723709241, 0.997061917,
2040.744140944, 0.997039116,
2040.764572648, 0.996951030,
2040.785004351, 0.997096713,
2040.846299462, 0.997506575,
2040.866731166, 0.997111150,
2040.887162971, 0.997363226,
2040.907594575, 0.997092227,
2040.928026279, 0.997222110,
2040.948458084, 0.997221304,
2040.968889789, 0.997015944,
2040.989321394, 0.997217172,
2041.009753198, 0.996932539,
2041.030184804, 0.997061271,
2041.050616509, 0.997040255,
2041.091479920, 0.997326837,
2041.111911726, 0.997139949,
2041.132343431, 0.997797257,
2041.152775037, 0.996891800,
2041.173206843, 0.996916311,
2041.193638550, 0.997049388,
2041.214070156, 0.997116243,
2041.234501963, 0.997186359,
2041.254933669, 0.997066943,
2041.275365476, 0.996758603,
2041.295797083, 0.997071028,
2041.377523912, 0.996929656,
2041.397955720, 0.997537298,
2041.418387327, 0.997330227,
2041.438819035, 0.997037624,
2041.459250843, 0.996685335,
2041.479682552, 0.996795194,
2041.500114260, 0.997150610,
2041.520545968, 0.996723796,
2041.540977677, 0.997164594,
2041.561409386, 0.996836909,
2041.581841095, 0.996859580,
2041.602272804, 0.997140106,
2041.622704613, 0.996862676,
2041.643136222, 0.997226456,
2041.663568032, 0.997029866,
2041.683999641, 0.997190852,
2041.704431351, 0.997043161,
2041.745294771, 0.997012205,
2041.765726481, 0.996937631,
2041.786158292, 0.996774053,
2041.827021713, 0.996802221,
2041.847453423, 0.997011549,
2041.867885034, 0.997013575,
2041.888316845, 0.997148225,
2041.908748557, 0.997004990,
2041.929180168, 0.997294817,
2041.949611980, 0.997325936,
2041.970043691, 0.997150318,
2041.990475403, 0.997307557,
2042.010907115, 0.997030264,
2042.031338827, 0.997097440,
2042.092633964, 0.997098184,
2042.113065777, 0.997127580,
2042.133497490, 0.997129117,
2042.153929103, 0.996933361,
2042.174360916, 0.996955541,
2042.194792629, 0.997272800,
2042.215224342, 0.997120384,
2042.235656056, 0.996987352,
2042.256087770, 0.997106125,
2042.276519583, 0.997181261,
2042.337814626, 0.996548104,
2042.358246340, 0.996951393,
2042.399109770, 0.996810187,
2042.419541485, 0.996953554,
2042.439973300, 0.997114936,
2042.460404915, 0.996935258,
2042.480836630, 0.997296359,
2042.501268446, 0.997106782,
2042.521700061, 0.996999112,
2042.542131777, 0.996846326,
2042.562563593, 0.997092126,
2042.582995209, 0.996916652,
2042.603427026, 0.996982325,
2042.623858742, 0.997055833,
2042.644290459, 0.996978754,
2042.664722175, 0.996901478,
2042.685153892, 0.997248206,
2042.705585609, 0.997045712,
2042.726017326, 0.997152880,
2042.746449044, 0.997069247,
2042.766880861, 0.997303074,
2042.828176015, 0.997290064,
2042.848607733, 0.996944322,
2042.869039351, 0.997086007,
2042.889471170, 0.996858655,
2042.909902888, 0.996995095,
2042.930334607, 0.996907029,
2042.950766326, 0.997003876,
2042.971198045, 0.997084266,
2042.991629764, 0.996898767,
2043.012061483, 0.997002159,
2043.073356642, 0.997238674,
2043.093788262, 0.997001958,
2043.114220082, 0.997200018,
2043.134651803, 0.997200632,
2043.155083623, 0.997013547,
2043.175515244, 0.997068514,
2043.195946965, 0.996793160,
2043.216378786, 0.997292684,
2043.236810407, 0.996955958,
2043.257242128, 0.996853356,
2043.318537393, 0.997350914,
2043.338969114, 0.996950864,
2043.359400837, 0.997181897,
2043.379832559, 0.997044411,
2043.400264281, 0.997103018,
2043.420696004, 0.997011634,
2043.441127826, 0.997214538,
2043.461559449, 0.997189247,
2043.481991272, 0.997173072,
2043.502422995, 0.996871426,
2043.543286442, 0.996965900,
2043.563718166, 0.997338852,
2043.584149790, 0.997261277,
2043.604581614, 0.996783239,
2043.625013338, 0.996940981,
2043.645445162, 0.996750537,
2043.665876787, 0.997163067,
2043.686308511, 0.997111851,
2043.706740236, 0.997099381,
2043.727171961, 0.997107415,
2043.747603586, 0.996943683,
2043.788467137, 0.997005920,
2043.808898762, 0.997023051,
2043.829330588, 0.996577291,
2043.849762314, 0.996982169,
2043.870194140, 0.997177795,
2043.890625767, 0.996618812,
2043.911057493, 0.997070925,
2043.931489320, 0.996838564,
2043.972352673, 0.996970924,
2043.992784500, 0.997002285,
2044.033647955, 0.996891206,
2044.054079683, 0.996687678,
2044.074511410, 0.997079745,
2044.094943138, 0.997217143,
2044.115374867, 0.997226139,
2044.135806595, 0.997032722,
2044.156238423, 0.997270531,
2044.176670052, 0.997118398,
2044.197101881, 0.997066521,
2044.217533610, 0.997109781,
2044.237965239, 0.997170175,
2044.299260427, 0.996846477,
2044.319692257, 0.997239717,
2044.340123987, 0.997049121,
2044.360555617, 0.996993984,
2044.380987447, 0.996699883,
2044.401419078, 0.997129638,
2044.421850908, 0.997321512,
2044.442282639, 0.997129913,
2044.462714270, 0.997151279,
2044.483146101, 0.997143005,
2044.544441296, 0.997070875,
2044.585304860, 0.996902645,
2044.605736492, 0.997329001,
2044.626168224, 0.997229475,
2044.646600057, 0.997227036,
2044.667031789, 0.997289983,
2044.687463422, 0.996948839,
2044.707895255, 0.997217210,
2044.728326988, 0.997437483,
2044.748758722, 0.997100190,
2044.769190455, 0.997584386,
2044.789622189, 0.997112773,
2044.810054023, 0.996937470,
2044.830485657, 0.997048463,
2044.850917391, 0.997407261,
2044.871349226, 0.997429190,
2044.891780860, 0.997405855,
2044.932644430, 0.997136034,
2044.953076065, 0.997534896,
2044.973507901, 0.997148476,
2045.034803108, 0.997118915,
2045.055234844, 0.997107871,
2045.075666480, 0.997078359,
2045.096098316, 0.997247894,
2045.116529953, 0.997306301,
2045.136961789, 0.997188488,
2045.157393526, 0.997000157,
2045.177825163, 0.997299259,
2045.198257001, 0.997147346,
2045.218688738, 0.996919510,
2045.279983951, 0.997002894,
2045.300415790, 0.997292742,
2045.320847528, 0.996819186,
2045.341279166, 0.996996702,
2045.361711005, 0.997003110,
2045.382142744, 0.997243359,
2045.402574383, 0.997179435,
2045.423006222, 0.997109223,
2045.443437962, 0.997015637,
2045.463869601, 0.997073223,
2045.525165021, 0.997245224,
2045.545596661, 0.996987512,
2045.566028402, 0.997284233,
2045.586460242, 0.997030319,
2045.606891883, 0.996746413,
2045.627323624, 0.997086328,
2045.647755466, 0.996522774,
2045.668187107, 0.997009585,
2045.688618949, 0.997003909,
2045.709050690, 0.996926973,
2045.729482332, 0.996843638,
2045.749914174, 0.996930036,
2045.770345817, 0.996859791,
2045.790777559, 0.997112477,
2045.811209402, 0.996999521,
2045.831641145, 0.996873131,
2045.852072888, 0.997045074,
2045.872504631, 0.997140473,
2045.892936375, 0.996995839,
2045.913368118, 0.996984768,
2045.933799862, 0.997382671,
2045.954231606, 0.997111201,
2046.015526939, 0.996796276,
2046.035958684, 0.997055204,
2046.056390329, 0.996919870,
2046.076822174, 0.997110282,
2046.097253919, 0.996915621,
2046.117685564, 0.997207659,
2046.138117410, 0.997004744,
2046.199412648, 0.996952327,
2046.260707888, 0.996637819,
2046.281139635, 0.996982693,
2046.301571482, 0.997049399,
2046.322003129, 0.996970543,
2046.342434877, 0.997126179,
2046.362866625, 0.997019882,
2046.383298373, 0.996704050,
2046.403730221, 0.996910532,
2046.424161869, 0.997056080,
2046.444593618, 0.997178285,
2046.485457115, 0.996945101,
2046.505888864, 0.996895060,
2046.526320713, 0.997023882,
2046.546752463, 0.997136154,
2046.587615962, 0.997189236,
2046.608047712, 0.997220776,
2046.628479463, 0.997187902,
2046.648911213, 0.997303494,
2046.669342963, 0.997068263,
2046.689774814, 0.997158053,
2046.730638216, 0.997095554,
2046.751070068, 0.997047139,
2046.771501719, 0.997639171,
2046.791933571, 0.997270950,
2046.812365323, 0.997187703,
2046.832796975, 0.997106071,
2046.853228827, 0.997392470,
2046.873660580, 0.997508168,
2046.894092233, 0.997034363,
2046.914524086, 0.997292562,
2046.934955839, 0.997528440,
2046.996251099, 0.997203728,
2047.016682853, 0.996995518,
2047.037114607, 0.997173446,
2047.057546362, 0.997081023,
2047.077978116, 0.997385339,
2047.098409871, 0.996889114,
2047.118841726, 0.997117804,
2047.139273381, 0.997254070,
2047.159705136, 0.996826936,
2047.180136991, 0.997437516,
2047.241432259, 0.996985514,
2047.261864015, 0.997123910,
2047.302727528, 0.997204732,
2047.323159285, 0.996976991,
2047.343591142, 0.997401175,
2047.364022799, 0.997016021,
2047.384454557, 0.997011413,
2047.404886415, 0.997097523,
2047.425318072, 0.997112020,
2047.486613347, 0.997244816,
2047.507045206, 0.997107154,
2047.527476965, 0.997107823,
2047.547908624, 0.997458018,
2047.568340483, 0.996911434,
2047.588772242, 0.997018881,
2047.609203902, 0.997259478,
2047.629635762, 0.997456730,
2047.650067522, 0.997087169,
2047.670499282, 0.997098482,
2047.690931043, 0.997228835,
2047.711362803, 0.997050300,
2047.731794664, 0.997106449,
2047.752226325, 0.997108868,
2047.772658086, 0.997247621,
2047.793089848, 0.996807458,
2047.813521610, 0.996949460,
2047.833953372, 0.997289147,
2047.854385234, 0.997426539,
2047.874816896, 0.997144525,
2047.895248758, 0.997051100,
2047.915680521, 0.997117903,
2047.976975810, 0.996974614,
2047.997407474, 0.997001583,
2048.017839338, 0.997166746,
2048.038271102, 0.997027211,
2048.058702966, 0.997159473,
2048.079134630, 0.997126377,
2048.099566395, 0.997195805,
2048.119998259, 0.997019006,
2048.140429924, 0.997589679,
2048.160861689, 0.997181668,
2048.181293555, 0.997171066,
2048.201725220, 0.996957351,
2048.222157086, 0.997005582,
2048.242588852, 0.997145294,
2048.263020518, 0.997095016,
2048.283452385, 0.997394071,
2048.303884151, 0.997033843,
2048.324315918, 0.997134885,
2048.344747685, 0.997289414,
2048.365179453, 0.997427243,
2048.385611120, 0.997120830,
2048.406042988, 0.997167122,
2048.467338292, 0.997625271,
2048.487770060, 0.997140368,
2048.508201929, 0.997295697,
2048.528633598, 0.997239140,
2048.549065367, 0.997180184,
2048.569497237, 0.997318680,
2048.589928906, 0.997373307,
2048.610360776, 0.997394425,
2048.630792546, 0.997191538,
2048.651224216, 0.997348381,
2048.712519528, 0.997826323,
2048.732951399, 0.997496303,
2048.753383170, 0.997393190,
2048.773815042, 0.997619316,
2048.814678485, 0.997470473,
2048.835110357, 0.997427181,
2048.875973802, 0.997281764,
2048.896405675, 0.997237903,
2048.916837348, 0.997341239,
2048.937269121, 0.997292976,
2048.957700994, 0.997255333,
2048.978132768, 0.997125437,
2048.998564542, 0.997094022,
2049.018996316, 0.997054573,
2049.039428090, 0.997063101,
2049.059859865, 0.996982056,
2049.080291639, 0.996974848,
2049.100723414, 0.997302474,
2049.121155189, 0.997360433,
2049.141586965, 0.997219720,
2049.202882292, 0.997260913,
2049.223314168, 0.997314432,
2049.243745844, 0.997201023,
2049.264177621, 0.997304778,
2049.284609498, 0.997434116,
2049.305041175, 0.997702245,
2049.325472952, 0.997575912,
2049.345904830, 0.997209208,
2049.366336508, 0.997316222,
2049.386768385, 0.996985274,
2049.407200164, 0.996814590,
2049.427631842, 0.997496048,
2049.448063721, 0.997650063,
2049.468495499, 0.997266525,
2049.488927278, 0.997296373,
2049.509359058, 0.997362136,
2049.529790837, 0.997399448,
2049.550222717, 0.997522803,
2049.570654397, 0.997041688,
2049.591086177, 0.997239067,
2049.611518057, 0.997335757,
2049.631949738, 0.997633177,
2049.672813400, 0.997571156,
2049.693245181, 0.997023557,
2049.713676962, 0.997388919,
2049.734108744, 0.997235765,
2049.754540426, 0.997300570,
2049.774972308, 0.997218004,
2049.795404091, 0.997256602,
2049.815835773, 0.997399820,
2049.836267656, 0.997298404,
2049.856699439, 0.997358031,
2049.877131122, 0.997356049,
2049.917994789, 0.997287297,
2049.938426673, 0.997210913,
2049.958858357, 0.997590841,
2049.979290142, 0.997487178,
2049.999722026, 0.997136082,
2050.020153711, 0.997439535,
2050.040585496, 0.997327568,
2050.061017381, 0.997559509,
2050.081449067, 0.997384938,
2050.101880953, 0.997080688,
2050.122312739, 0.997554663,
2050.163176311, 0.997328541,
2050.183608098, 0.997466665,
2050.204039885, 0.997405569,
2050.224471672, 0.997162606,
2050.244903459, 0.996956162,
2050.265335347, 0.997397857,
2050.285767034, 0.997334565,
2050.306198822, 0.997051856,
2050.326630711, 0.997527957,
2050.347062499, 0.997362431,
2050.367494188, 0.997199104,
2050.408357766, 0.997441394,
2050.428789555, 0.997609396,
2050.449221445, 0.997323838,
2050.469653134, 0.997550987,
2050.490085024, 0.997134845,
2050.510516815, 0.997495846,
2050.530948505, 0.997303674,
2050.551380396, 0.997356823,
2050.571812187, 0.997292691,
2050.592243878, 0.997231353,
2050.612675770, 0.997253152,
2050.653539453, 0.997671797,
2050.673971145, 0.997495206,
2050.694402938, 0.997587982,
2050.714834830, 0.997566601,
2050.735266523, 0.997165520,
2050.755698316, 0.997329597,
2050.776130209, 0.997269728,
2050.796561903, 0.997553543,
2050.816993796, 0.997592895,
2050.837425590, 0.997615412,
2050.857857385, 0.997592374,
2050.919152769, 0.998523814,
2050.939584564, 0.997572095,
2050.960016359, 0.997567496,
2050.980448155, 0.997388911,
2051.000880051, 0.997596658,
2051.021311747, 0.998097034,
2051.041743643, 0.997468852,
2051.062175340, 0.997709057,
2051.082607136, 0.997553592,
2051.103039033, 1.002308133,
2051.164334426, 0.997361413,
2051.184766124, 0.997653183,
2051.205198022, 0.997661105,
2051.225629820, 0.997513474,
2051.246061519, 0.997205821,
2051.266493418, 0.997373011,
2051.286925217, 0.997406144,
2051.307356916, 0.997297171,
2051.327788816, 0.997201858,
2051.348220616, 0.997547371,
2051.368652516, 0.997364243,
2051.389084216, 0.997498759,
2051.409516017, 0.997316555,
2051.429947918, 0.997533022,
2051.450379619, 0.997249917,
2051.470811420, 0.997393711,
2051.491243322, 0.997620176,
2051.511675123, 0.997400991,
2051.532106825, 0.997633568,
2051.552538728, 0.997251742,
2051.572970530, 0.997677533,
2051.593402333, 0.997100943,
2051.654697742, 0.997500532,
2051.675129546, 0.997729418,
2051.695561350, 0.997624983,
2051.715993154, 0.997460685,
2051.736424958, 0.997269077,
2051.756856863, 0.997174227,
2051.777288568, 0.997444840,
2051.797720373, 0.997659099,
2051.818152278, 0.997601691,
2051.838583984, 0.997499450,
2051.879447696, 0.997701102,
2051.899879402, 0.997234983,
2051.920311309, 0.997417652,
2051.940743116, 0.997453089,
2051.961174823, 0.997282124,
2051.981606730, 0.997622196,
2052.002038538, 0.997483964,
2052.022470246, 0.997399012,
2052.042902154, 0.997462844,
2052.063333962, 0.997119911,
2052.083765870, 0.997705337,
2052.124629388, 0.997833203,
2052.145061297, 0.997480582,
2052.165493107, 0.997445658,
2052.185924817, 0.997645061,
2052.206356727, 0.997598567,
2052.226788537, 0.997530197,
2052.247220247, 0.997478179,
2052.267652158, 0.997660780,
2052.288083969, 0.997281205,
2052.328947592, 0.997202669,
2052.369811316, 0.997273126,
2052.390243028, 0.997745511,
2052.410674840, 0.997803148,
2052.431106653, 0.997303756,
2052.451538466, 0.997577199,
2052.471970379, 0.997409230,
2052.492402093, 0.997657639,
2052.512833906, 0.997302418,
2052.533265820, 0.997482546,
2052.553697535, 0.997791214,
2052.574129349, 0.997851144,
2052.614992979, 0.997567684,
2052.655856709, 0.997094287,
2052.676288425, 0.997240044,
2052.696720341, 0.996955469,
2052.717152157, 0.997024547,
2052.737583974, 0.997098522,
2052.758015790, 0.997499382,
2052.778447607, 0.997022898,
2052.798879425, 0.997364697,
2052.819311242, 0.997068041,
2052.860174978, 0.996888161,
2052.880606796, 0.997131221,
2052.901038515, 0.997200047,
2052.921470433, 0.997154234,
2052.941902252, 0.997166094,
2052.962333971, 0.996949673,
2052.982765891, 0.997166717,
2053.003197711, 0.997250672,
2053.023629631, 0.997084658,
2053.044061351, 0.997138083,
2053.064493171, 0.997021079,
2053.146220456, 0.997022969,
2053.166652278, 0.997016452,
2053.187084200, 0.996842198,
2053.207515922, 0.997054749,
2053.227947745, 0.996861164,
2053.248379667, 0.997004850,
2053.268811390, 0.997167508,
2053.289243214, 0.997030715,
2053.309675137, 0.997149582,
2053.370970610, 0.997235256,
2053.391402434, 0.996732110,
2053.411834259, 0.997039868,
2053.432266084, 0.996900638,
2053.452697910, 0.996640901,
2053.473129735, 0.997018503,
2053.493561561, 0.997035571,
2053.513993387, 0.996985636,
2053.534425314, 0.997306211,
2053.554857040, 0.997135983,
2053.595720794, 0.997095123,
2053.616152522, 0.997116828,
2053.636584449, 0.997026791,
2053.657016277, 0.996842032,
2053.677448006, 0.997030839,
2053.697879934, 0.997057782,
2053.718311763, 0.996748943,
2053.738743592, 0.996669459,
2053.759175421, 0.997139220,
2053.779607251, 0.996880867,
2053.800039080, 0.996820928,
2053.840902641, 0.996971567,
2053.861334571, 0.997068050,
2053.881766402, 0.997250335,
2053.902198333, 0.997073907,
2053.922630064, 0.996916517,
2053.943061896, 0.996988620,
2053.963493828, 0.997293339,
2053.983925560, 0.996883774,
2054.024789325, 0.997118566,
2054.045221158, 0.997495240,
2054.086084825, 0.996934270,
2054.106516658, 0.996569838,
2054.126948492, 0.997389409,
2054.147380327, 0.997019064,
2054.167812161, 0.997209050,
2054.188244096, 0.997109443,
2054.208675831, 0.996823089,
2054.229107666, 0.997267865,
2054.249539602, 0.997206658,
2054.269971337, 0.997205109,
2054.290403274, 0.996756999,
2054.331266847, 0.997080376,
2054.351698783, 0.996909057,
2054.372130621, 0.997077664,
2054.392562358, 0.997035496,
2054.412994296, 0.996997272,
2054.433426134, 0.996965765,
2054.453857972, 0.997164071,
2054.474289810, 0.997200122,
2054.494721549, 0.997279574,
2054.515153488, 0.997126765,
2054.535585327, 0.997234055,
2054.576449007, 0.997301758,
2054.596880847, 0.997202660,
2054.617312787, 0.997440121,
2054.637744528, 0.997164182,
2054.658176369, 0.997298017,
2054.678608310, 0.997120605,
2054.699040052, 0.996926139,
2054.719471893, 0.997079792,
2054.739903835, 0.997122175,
2054.760335677, 0.997225887,
2054.780767520, 0.996918186,
2054.821631206, 0.997881075,
2054.842063049, 0.997457118,
2054.862494893, 0.997180697,
2054.882926737, 0.997176466,
2054.903358681, 0.996988175,
2054.923790425, 0.997101090,
2054.944222270, 0.996989006,
2054.964654215, 0.997183984,
2054.985085960, 0.997162799,
2055.005517906, 0.997618624,
2055.025949751, 0.997038582,
2055.087245190, 0.997083305,
2055.107677037, 0.997101056,
2055.128108984, 0.997247606,
2055.148540732, 0.997165472,
2055.168972680, 0.997290607,
2055.189404527, 0.997148250,
2055.209836276, 0.996943198,
2055.230268224, 0.997111707,
2055.250700073, 0.997163655,
2055.271131922, 0.996866880,
2055.291563771, 0.997145983,
2055.311995621, 0.997171823,
2055.332427571, 0.997079763,
2055.352859321, 0.996857748,
2055.373291172, 0.997218740,
2055.393723122, 0.997183766,
2055.414154973, 0.997011647,
2055.434586725, 0.997227901,
2055.455018676, 0.997417933,
2055.475450528, 0.997266436,
2055.495882380, 0.997189736,
2055.516314232, 0.997167532,
2055.557178038, 0.996936719,
2055.577609791, 0.996977821,
2055.598041645, 0.996699031,
2055.618473598, 0.997248934,
2055.638905352, 0.996974863,
2055.659337207, 0.997005667,
2055.679769161, 0.997119977,
2055.700200916, 0.997057098,
2055.720632871, 0.996957136,
2055.741064627, 0.996903605,
2055.761496483, 0.996803010,
2055.802360195, 0.997139652,
2055.822792051, 0.996988322,
2055.843224008, 0.997203147,
2055.863655765, 0.997610165,
2055.884087723, 0.997042271,
2055.904519580, 0.997319119,
2055.924951438, 0.997154561,
2055.945383297, 0.997054857,
2055.965815155, 0.997160327,
2055.986247014, 0.996887417,
2056.006678873, 0.997294575,
2056.067974552, 0.997140840,
2056.088406312, 0.997101228,
2056.129270133, 0.997296193,
2056.149701894, 0.997103339,
2056.170133856, 0.997166755,
2056.190565718, 0.997054770,
2056.210997679, 0.997077471,
2056.251861304, 0.996540713,
2056.272293267, 0.997058621,
2056.292725030, 0.997357671,
2056.313156893, 0.996837817,
2056.333588857, 0.997117362,
2056.354020621, 0.997128328,
2056.374452485, 0.996802690,
2056.394884349, 0.997471966,
2056.415316214, 0.997501395,
2056.435748179, 0.996982635,
2056.456180044, 0.997230718,
2056.476611810, 0.997097423,
2056.497043776, 0.997124271,
2056.537907409, 0.997500388,
2056.558339375, 0.997300152,
2056.578771243, 0.996959272,
2056.599203110, 0.997013574,
2056.619634977, 0.997177707,
2056.640066845, 0.997111267,
2056.660498713, 0.996964057,
2056.680930582, 0.997044810,
2056.701362451, 0.997027537,
2056.721794320, 0.997000271,
2056.742226189, 0.997129863,
2056.783090029, 0.997323041,
2056.803521799, 0.997183924,
2056.823953769, 0.996945913,
2056.844385640, 0.997644538,
2056.864817411, 0.997137427,
2056.885249383, 0.997315244,
2056.905681254, 0.997149859,
2056.926113226, 0.997068012,
2056.946544999, 0.997109926,
2056.966976871, 0.997419169,
2056.987408844, 0.996969381,
2057.028272491, 0.997287176,
2057.048704464, 0.997111267,
2057.069136238, 0.997132531,
2057.089568112, 0.997212903,
2057.109999987, 0.997321421,
2057.130431862, 0.997246168,
2057.150863837, 0.997126433,
2057.171295612, 0.997054188,
2057.191727488, 0.997110707,
2057.212159464, 0.996957991,
2057.232591341, 0.997119560,
2057.293886971, 0.997253136,
2057.314318849, 0.997148367,
2057.334750727, 0.997313245,
