BJD - 2454833, Corrected Flux
1977.262460473, 0.972058664,
1977.282892741, 0.973283623,
1977.303324908, 0.967008183,
1977.364621807, 0.964046597,
1977.385054073, 0.965043204,
1977.405486338, 0.972216268,
1977.425918602, 0.966043437,
1977.446350966, 0.964428052,
1977.466783130, 0.966657456,
1977.507647756, 0.975464584,
1977.528079918, 0.963563889,
1977.548512280, 0.964250616,
1977.568944541, 0.965438181,
1977.589376702, 0.974706067,
1977.609809062, 0.968395978,
1977.630241321, 0.970258877,
1977.650673481, 0.962642013,
1977.671105840, 0.971001692,
1977.691538098, 0.968925771,
1977.711970256, 0.961935941,
1977.732402614, 0.963981554,
1977.752834871, 0.966587443,
1977.773267027, 0.967822563,
1977.793699383, 0.977598435,
1977.814131639, 0.970193548,
1977.834563894, 0.960827732,
1977.854996148, 0.966072766,
1977.875428403, 0.970820558,
1977.895860656, 0.969466093,
1977.916292910, 0.962290907,
1977.936725162, 0.972826100,
1977.957157514, 0.965600207,
1977.977589666, 0.962075107,
1977.998021918, 0.968681767,
1978.018454268, 0.973143841,
1978.038886419, 0.968050928,
1978.059318669, 0.970463506,
1978.079751018, 0.964072384,
1978.100183167, 0.966142580,
1978.120615416, 0.964177839,
1978.141047764, 0.970995980,
1978.161479912, 0.966882306,
1978.181912158, 0.975040392,
1978.202344505, 0.971062344,
1978.222776652, 0.963937191,
1978.243208997, 0.968600073,
1978.263641242, 0.963425078,
1978.284073487, 0.973117048,
1978.304505731, 0.974107404,
1978.324937975, 0.967862710,
1978.345370219, 0.957617092,
1978.365802462, 0.971528650,
1978.386234704, 0.962230577,
1978.406666946, 0.965732610,
1978.427099188, 0.961132017,
1978.447531429, 0.973055071,
1978.467963669, 0.969469227,
1978.508828149, 0.965281999,
1978.529260288, 0.967497382,
1978.590557003, 0.973178352,
1978.610989340, 0.961500977,
1978.631421577, 0.964634168,
1978.651853914, 0.967084437,
1978.672286050, 0.963546779,
1978.692718285, 0.966507442,
1978.713150620, 0.955609181,
1978.733582755, 0.969573072,
1978.754014989, 0.969379292,
1978.774447322, 0.967629854,
1978.794879555, 0.966291444,
1978.815311688, 0.969983645,
1978.835744021, 0.969598468,
1978.856176252, 0.967362333,
1978.876608383, 0.970864937,
1978.917472945, 0.959222555,
1978.937905074, 0.967404754,
1978.958337404, 0.963692770,
1978.978769633, 0.967408019,
1978.999201762, 0.968374125,
1979.019634090, 0.957400552,
1979.060498444, 0.967978831,
1979.080930771, 0.966041417,
1979.101362997, 0.966205370,
1979.121795323, 0.978116127,
1979.142227449, 0.965192051,
1979.162659673, 0.961713937,
1979.183091898, 0.971372575,
1979.203524121, 0.972637030,
1979.223956345, 0.965519218,
1979.244388568, 0.958852556,
1979.264820791, 0.973193559,
1979.285253013, 0.972849978,
1979.305685234, 0.972021564,
1979.326117455, 0.975418692,
1979.346549676, 0.962857816,
1979.366981996, 0.974839009,
1979.387414116, 0.965379838,
1979.407846335, 0.972203505,
1979.428278655, 0.965625558,
1979.448710773, 0.966751613,
1979.469142991, 0.968266602,
1979.489575309, 0.971328259,
1979.510007426, 0.976075967,
1979.530439642, 0.969928742,
1979.550871958, 0.967393230,
1979.571304074, 0.975346746,
1979.591736389, 0.979757312,
1979.612168604, 0.964887825,
1979.632600818, 0.960156124,
1979.653033032, 0.971047079,
1979.673465246, 0.963698537,
1979.693897458, 0.966086918,
1979.714329671, 0.966725230,
1979.734761883, 0.971783627,
1979.755194094, 0.974457197,
1979.775626306, 0.972608837,
1979.796058516, 0.969033175,
1979.816490727, 0.965337914,
1979.836923036, 0.963390453,
1979.857355146, 0.968524283,
1979.877787354, 0.972020075,
1979.898219563, 0.959806440,
1979.918651771, 0.971154529,
1979.939083978, 0.955863091,
1979.959516186, 0.965913048,
1979.979948392, 0.966217586,
1980.000380598, 0.969201480,
1980.020812804, 0.967501729,
1980.041245009, 0.966739304,
1980.061677314, 0.960505292,
1980.082109418, 0.966931684,
1980.102541622, 0.962256591,
1980.122973926, 0.963482078,
1980.143406029, 0.968851996,
1980.163838231, 0.972373117,
1980.184270533, 0.972860287,
1980.204702735, 0.960651605,
1980.225134836, 0.971968455,
1980.245567137, 0.964760574,
1980.265999337, 0.978570849,
1980.286431437, 0.967989803,
1980.306863736, 0.962877414,
1980.327295935, 0.963845985,
1980.347728033, 0.969202192,
1980.368160332, 0.979303676,
1980.388592529, 0.967654558,
1980.409024626, 0.966368253,
1980.429456923, 0.969333335,
1980.449889119, 0.973551537,
1980.470321314, 0.972641858,
1980.490753510, 0.969787696,
1980.511185705, 0.970381866,
1980.531617999, 0.966548247,
1980.572482287, 0.968835542,
1980.592914580, 0.972231057,
1980.633778865, 0.966283441,
1980.654211156, 0.962289330,
1980.674643248, 0.966271089,
1980.695075438, 0.977455181,
1980.715507729, 0.978930936,
1980.735939819, 0.966999182,
1980.756372008, 0.977957676,
1980.776804297, 0.970154982,
1980.797236386, 0.967554920,
1980.817668574, 0.971310663,
1980.838100862, 0.973627402,
1980.858532949, 0.961798145,
1980.878965136, 0.970777152,
1980.899397422, 0.967482575,
1980.919829508, 0.978030797,
1980.940261693, 0.969252330,
1980.960693979, 0.970349466,
1980.981126063, 0.970229268,
1981.062854897, 0.973733070,
1981.083287079, 0.968768035,
1981.103719261, 0.976925317,
1981.124151443, 0.971593634,
1981.144583624, 0.974667884,
1981.165015804, 0.966063008,
1981.185448085, 0.972439665,
1981.205880164, 0.974588263,
1981.226312344, 0.968601552,
1981.246744622, 0.975902930,
1981.267176701, 0.977945709,
1981.287608879, 0.973794405,
1981.308041156, 0.963474466,
1981.328473233, 0.969449434,
1981.348905409, 0.970960272,
1981.369337686, 0.967506039,
1981.389769761, 0.968123533,
1981.410201937, 0.966000914,
1981.430634112, 0.966801346,
1981.451066286, 0.966200847,
1981.471498560, 0.966556964,
1981.594091594, 0.983020251,
1981.614523765, 0.966993608,
1981.634955836, 0.975241430,
1981.655388106, 0.967545309,
1981.675820275, 0.966328886,
1981.696252345, 0.962284442,
1981.716684613, 0.967306879,
1981.737116781, 0.971996737,
1981.757548849, 0.968799693,
1981.777981117, 0.959336345,
1981.798413283, 0.974075958,
1981.818845350, 0.972196383,
1981.839277616, 0.973463429,
1981.859709781, 0.970925481,
1981.880141947, 0.963765876,
1981.900574111, 0.976065536,
1981.921006276, 0.973361938,
1981.941438539, 0.974131244,
1981.961870603, 0.968992369,
1981.982302766, 0.975283135,
1982.002735028, 0.970883215,
1982.023167190, 0.973657533,
1982.064031513, 0.975873578,
1982.084463674, 0.974972788,
1982.104895735, 0.962260757,
1982.125327994, 0.978930481,
1982.145760054, 0.972005880,
1982.166192213, 0.972539668,
1982.186624472, 0.968959417,
1982.207056530, 0.966864981,
1982.227488687, 0.965770494,
1982.247920945, 0.970404412,
1982.268353002, 0.968743478,
1982.288785158, 0.972144595,
1982.309217414, 0.966793752,
1982.329649470, 0.975947459,
1982.350081625, 0.970767435,
1982.370513880, 0.970909377,
1982.390946034, 0.975195771,
1982.411378188, 0.965562528,
1982.431810341, 0.969465805,
1982.452242494, 0.972581647,
1982.472674647, 0.973899283,
1982.533971202, 0.975872151,
1982.554403252, 0.971400855,
1982.574835403, 0.966216324,
1982.595267653, 0.968914987,
1982.615699702, 0.974611838,
1982.636131851, 0.975756354,
1982.656564100, 0.974482591,
1982.676996148, 0.978994193,
1982.697428296, 0.973963523,
1982.717860544, 0.966439713,
1982.738292590, 0.972280942,
1982.758724737, 0.970306387,
1982.779156983, 0.970489124,
1982.799589029, 0.975276953,
1982.820021174, 0.963270281,
1982.840453418, 0.971579840,
1982.860885563, 0.968408351,
1982.881317707, 0.975046710,
1982.901749851, 0.972483471,
1982.922181893, 0.968959266,
1982.942614136, 0.971165776,
1982.983478320, 0.979028566,
1983.003910562, 0.971911346,
1983.024342702, 0.977309267,
1983.044774743, 0.973554277,
1983.065206983, 0.980633594,
1983.085639123, 0.970658164,
1983.106071162, 0.974665083,
1983.126503401, 0.971345091,
1983.146935539, 0.969351806,
1983.167367577, 0.972108002,
1983.187799814, 0.978426986,
1983.208231951, 0.968388270,
1983.228664088, 0.965088979,
1983.249096224, 0.977357363,
1983.269528360, 0.979058890,
1983.289960495, 0.969954339,
1983.310392630, 0.983957363,
1983.330824765, 0.974053461,
1983.351256999, 0.977871504,
1983.371689133, 0.973461703,
1983.392121166, 0.971846903,
1983.412553398, 0.969530311,
1983.432985531, 0.981836220,
1983.473849795, 0.976791840,
1983.494281926, 0.978935025,
1983.535146187, 0.966042025,
1983.555578317, 0.977316318,
1983.576010346, 0.971838418,
1983.596442575, 0.970595135,
1983.616874704, 0.977109978,
1983.637306732, 0.983901367,
1983.657738959, 0.983265105,
1983.678170987, 0.976756591,
1983.698603213, 0.979098253,
1983.719035340, 0.972832325,
1983.739467366, 0.986384683,
1983.759899492, 0.965283783,
1983.780331717, 0.967220632,
1983.800763842, 0.970129876,
1983.821195966, 0.974000268,
1983.841628090, 0.979338802,
1983.862060214, 0.969348243,
1983.882492436, 0.971036173,
1983.902924459, 0.974238843,
1983.923356581, 0.983064525,
1983.943788803, 0.978637053,
1983.964220825, 0.979588447,
1983.984652946, 0.973050690,
1984.005085167, 0.982419938,
1984.025517187, 0.970065337,
1984.045949306, 0.978250200,
1984.066381526, 0.981612538,
1984.086813544, 0.973137634,
1984.107245663, 0.973375353,
1984.127677881, 0.978597033,
1984.148109899, 0.977878483,
1984.168542016, 0.977374643,
1984.188974233, 0.971270622,
1984.209406349, 0.985801081,
1984.229838365, 0.973435042,
1984.250270581, 0.983613240,
1984.270702696, 0.967554840,
1984.291134810, 0.973793904,
1984.311566925, 0.973223591,
1984.331999038, 0.966412845,
1984.352431252, 0.972363747,
1984.372863265, 0.981231620,
1984.393295278, 0.974171815,
1984.413727490, 0.972742579,
1984.475023824, 0.971762976,
1984.495455935, 0.976483854,
1984.515887945, 0.971295558,
1984.536320154, 0.985802547,
1984.556752264, 0.979509321,
1984.577184273, 0.975921487,
1984.597616481, 0.977478286,
1984.618048589, 0.974756113,
1984.638480697, 0.978819563,
1984.658912804, 0.985833440,
1984.679344911, 0.974121390,
1984.699777017, 0.968304753,
1984.720209223, 0.976585347,
1984.740641229, 0.975149708,
1984.761073434, 0.997119123,
1984.781505539, 1.002862377,
1984.801937543, 0.989338202,
1984.822369747, 0.985529456,
1984.842801851, 0.982226654,
1984.863233853, 0.975832090,
1984.883666056, 0.976030766,
1984.904098159, 0.977413720,
1984.985826463, 0.982870439,
1985.006258664, 0.974353632,
1985.026690764, 0.972733390,
1985.047122863, 0.979143486,
1985.067554962, 0.980156764,
1985.087987061, 0.982632490,
1985.108419158, 0.981028961,
1985.128851256, 0.976442822,
1985.149283353, 0.978018546,
1985.169715351, 0.976361305,
1985.190147547, 0.980800834,
1985.210579643, 0.980255374,
1985.231011839, 0.975513810,
1985.251443834, 0.984235648,
1985.271875929, 0.973433994,
1985.292308123, 0.982605539,
1985.312740118, 0.980535686,
1985.333172211, 0.991376471,
1985.353604405, 0.976157741,
1985.374036397, 0.988633291,
1985.394468490, 0.966054214,
1985.455764765, 0.982116641,
1985.476196956, 0.987998607,
1985.496628946, 0.982043745,
1985.517061036, 0.987570864,
1985.537493226, 0.986024683,
1985.557925314, 0.982294204,
1985.578357303, 0.985588533,
1985.598789492, 0.988413760,
1985.619221580, 0.985970902,
1985.639653567, 0.983009742,
1985.660085754, 0.978047253,
1985.680517841, 0.976224080,
1985.700950028, 0.986793484,
1985.721382013, 0.981345795,
1985.741814099, 0.977419236,
1985.762246284, 0.974231616,
1985.782678269, 0.985083015,
1985.803110353, 0.980783297,
1985.823542537, 0.985724812,
1985.843974520, 0.985716378,
1985.864406604, 0.984559612,
1985.884838686, 0.982267437,
1985.946134932, 0.978729078,
1985.966567013, 0.988568034,
1985.986999094, 0.979856572,
1986.007431174, 0.974509236,
1986.027863254, 0.985891656,
1986.048295333, 0.986972451,
1986.068727512, 0.980840808,
1986.089159491, 0.984615728,
1986.109591569, 0.989226140,
1986.130023747, 0.984639004,
1986.150455725, 0.979277091,
1986.170887902, 0.981076462,
1986.191319979, 0.991523748,
1986.211751954, 0.984497153,
1986.232184130, 0.982751159,
1986.252616206, 0.982449962,
1986.273048181, 0.981391866,
1986.293480356, 0.979004520,
1986.313912430, 0.979382057,
1986.334344404, 0.986502069,
1986.354776577, 0.980346671,
1986.375208650, 0.981864222,
1986.395640723, 0.983594851,
1986.416072795, 0.981791429,
1986.436504867, 0.978003241,
1986.456936939, 0.989579043,
1986.477369010, 0.981046284,
1986.497801080, 0.989285832,
1986.518233150, 0.981193033,
1986.538665320, 0.990197610,
1986.559097290, 0.984707262,
1986.579529359, 0.997056750,
1986.599961427, 0.990450692,
1986.620393496, 0.987988270,
1986.681689698, 1.131635631,
1986.702121865, 0.994379668,
1986.722553831, 0.983350401,
1986.742985897, 0.984448295,
1986.763418063, 0.984977235,
1986.783850028, 0.984655432,
1986.804282093, 0.979282833,
1986.824714257, 0.986342658,
1986.845146221, 0.983666737,
1986.865578284, 0.987642765,
1986.926874473, 0.980587600,
1986.947306635, 0.983661426,
1986.967738696, 0.991300364,
1986.988170657, 0.992823833,
1987.008602818, 0.987073637,
1987.029034878, 0.980443230,
1987.049466838, 0.984020969,
1987.069898998, 0.982470486,
1987.090331057, 0.992186405,
1987.110763216, 0.988732642,
1987.172059390, 0.978506100,
1987.192491347, 0.983935527,
1987.212923404, 0.995877658,
1987.233355560, 0.982709853,
1987.253787516, 0.986608245,
1987.274219572, 0.981050669,
1987.294651727, 0.988234160,
1987.315083682, 0.990168727,
1987.335515737, 0.985828067,
1987.355947891, 0.987395535,
1987.376379845, 0.993716565,
1987.396811898, 0.983255095,
1987.417243951, 0.986779352,
1987.437676003, 0.985326113,
1987.458108055, 0.986970234,
1987.478540207, 0.985400963,
1987.498972158, 0.990950846,
1987.519404310, 0.986581781,
1987.539836360, 1.000034293,
1987.560268310, 0.978737446,
1987.580700460, 0.989043598,
1987.601132509, 0.990742273,
1987.662428655, 0.991975337,
1987.682860603, 0.997286784,
1987.703292750, 0.994564121,
1987.723724798, 0.985992537,
1987.744156844, 0.990880515,
1987.764588891, 0.988644475,
1987.785020937, 0.983497562,
1987.805452982, 0.986294283,
1987.825885027, 0.990061903,
1987.846317072, 0.986998608,
1987.907613204, 0.993895876,
1987.928045247, 0.984272341,
1987.948477390, 0.989212583,
1987.968909332, 0.977996187,
1987.989341475, 0.995276439,
1988.009773516, 0.993141040,
1988.030205458, 0.991388588,
1988.050637599, 0.989607757,
1988.071069639, 0.993560505,
1988.091501579, 0.985523596,
1988.111933719, 1.002769239,
1988.132365658, 0.989650994,
1988.152797697, 0.990618400,
1988.173229836, 0.983963116,
1988.193661774, 0.990196978,
1988.214093812, 0.991625433,
1988.234525949, 0.989726691,
1988.254957886, 0.989514575,
1988.275389923, 0.997570396,
1988.295822059, 0.992160866,
1988.316254095, 0.993720526,
1988.336686031, 0.997913367,
1988.397982135, 0.992301691,
1988.418414269, 0.989193730,
1988.438846303, 0.990383661,
1988.459278436, 0.994141044,
1988.479710369, 0.983787788,
1988.500142402, 0.987951123,
1988.520574533, 0.999304002,
1988.541006465, 0.988303294,
1988.561438496, 0.989210372,
1988.581870627, 0.991758839,
1988.643166718, 0.987942621,
1988.663598647, 0.988308898,
1988.684030677, 0.993968545,
1988.704462805, 0.994283311,
1988.724894733, 0.985924650,
1988.745326761, 0.992874214,
1988.765758889, 0.989361131,
1988.786190916, 0.994749331,
1988.806622843, 0.994365158,
1988.827054969, 0.992592319,
1988.908782971, 0.985759327,
1988.929215096, 0.999479157,
1988.970079044, 1.001362722,
1988.990511167, 0.997667059,
1989.010943190, 0.995111116,
1989.031375113, 0.998317870,
1989.051807235, 0.999566866,
1989.072239257, 0.998688310,
1989.092671178, 0.991709718,
1989.113103299, 0.986814812,
1989.133535320, 1.000988342,
1989.153967341, 0.993834643,
1989.174399361, 0.984985252,
1989.194831380, 0.991563912,
1989.215263400, 0.995240161,
1989.235695418, 0.998133574,
1989.256127437, 0.993843424,
1989.276559455, 1.000552682,
1989.296991573, 0.994364440,
1989.317423491, 0.999380739,
1989.378719540, 0.994469103,
1989.399151656, 0.993122786,
1989.419583672, 0.998834308,
1989.440015587, 0.999073694,
1989.460447702, 0.996946220,
1989.480879716, 0.996149772,
1989.501311630, 0.994388431,
1989.521743744, 0.996312816,
1989.542175757, 0.986811053,
1989.562607670, 0.993268527,
1989.583039783, 0.996877329,
1989.603471795, 0.991880500,
1989.623903706, 0.988814608,
1989.644335818, 0.988247487,
1989.685199740, 0.997029622,
1989.705631850, 0.993679323,
1989.726063860, 0.996968278,
1989.746495770, 0.996789987,
1989.766927879, 0.995451824,
1989.787359888, 0.993057589,
1989.807791796, 1.001378336,
1989.869088019, 0.996860507,
1989.889519926, 0.996668597,
1989.909951933, 0.990977304,
1989.930384039, 0.997045636,
1989.950815945, 0.990550203,
1989.971247951, 1.002284024,
1989.991680056, 0.993166222,
1990.012111961, 0.997004655,
1990.032543965, 1.003902684,
1990.052976070, 0.997487446,
1990.073407973, 0.994121710,
1990.093839977, 0.990079587,
1990.114272079, 0.992590629,
1990.134704082, 0.992061764,
1990.155135984, 0.999983834,
1990.175568086, 0.989329011,
1990.196000088, 1.006510919,
1990.216431989, 0.988897257,
1990.236864090, 1.000846202,
1990.257296090, 0.997441815,
1990.277728090, 0.999509299,
1990.298160090, 1.004686263,
1990.359456087, 0.996781698,
1990.379887985, 0.998912406,
1990.400320082, 0.987361442,
1990.441183977, 0.989246095,
1990.461616074, 0.993075304,
1990.482048070, 1.003471671,
1990.502480067, 0.994745544,
1990.522912062, 0.992985848,
1990.543344058, 1.003713543,
1990.604640041, 1.121838377,
1990.625072035, 1.008187989,
1990.645504129, 0.993999718,
1990.665936022, 1.044933521,
1990.706800107, 1.001610577,
1990.727231999, 0.990170837,
1990.747664091, 1.004129704,
1990.768096082, 0.997862122,
1990.788527973, 0.995605119,
1990.849823944, 1.001397872,
1990.870256033, 0.997528094,
1990.890688022, 0.995529505,
1990.911119911, 1.001280403,
1990.931552000, 1.008959764,
1990.951983988, 1.000231221,
1990.972415976, 1.005485855,
1990.992847963, 1.001974235,
1991.013279950, 0.998189011,
1991.033711937, 1.000266416,
1991.054143923, 0.990940158,
1991.074575909, 1.008225080,
1991.095007795, 0.992902731,
1991.115439880, 0.989475515,
1991.135871865, 1.004732635,
1991.156303949, 0.997062659,
1991.176735833, 1.002659872,
1991.197167817, 0.998731126,
1991.217599901, 1.005614536,
1991.238031784, 1.001217583,
1991.258463767, 1.005334065,
1991.278895849, 0.995043034,
1991.340191794, 1.001182014,
1991.360623675, 0.996427341,
1991.381055656, 0.999866906,
1991.401487736, 1.001176596,
1991.421919616, 1.007393398,
1991.442351595, 1.005268555,
1991.462783674, 0.995691288,
1991.483215653, 1.001783031,
1991.503647532, 1.000066559,
1991.524079610, 1.007002730,
1991.544511587, 1.002776535,
1991.564943465, 1.002412602,
1991.585375542, 1.001655651,
1991.605807519, 1.008520891,
1991.626239595, 1.001458777,
1991.646671471, 1.001350776,
1991.667103447, 0.993543917,
1991.687535522, 1.001013216,
1991.707967397, 1.007874402,
1991.728399372, 0.997165585,
1991.748831346, 0.995388355,
1991.769263320, 0.992840027,
1991.789695293, 1.010044055,
1991.810127266, 0.999651341,
1991.830559239, 1.003552366,
1991.850991212, 1.001912771,
1991.871423184, 1.006666894,
1991.891855156, 0.997891308,
1991.912287127, 1.000876182,
1991.932719098, 0.992642742,
1991.953151069, 1.000188651,
1991.973583040, 0.996567523,
1991.994015109, 1.001895293,
1992.014446979, 1.001048055,
1992.075742886, 1.008116214,
1992.096174954, 1.005908551,
1992.116606923, 1.001834866,
1992.137038790, 1.001733431,
1992.157470857, 1.001342068,
1992.177902824, 1.001227472,
1992.198334691, 1.002911208,
1992.218766757, 1.003590854,
1992.239198723, 0.995366688,
1992.259630588, 1.019143647,
1992.300494618, 1.002533087,
1992.320926583, 1.016849191,
1992.341358547, 0.996824307,
1992.361790510, 0.998650713,
1992.382222474, 1.004866624,
1992.402654437, 0.997910170,
1992.423086400, 0.997661922,
1992.443518462, 1.000217715,
1992.463950424, 1.002312264,
1992.484382286, 0.998137819,
1992.504814347, 0.999610514,
1992.525246208, 0.991291074,
1992.545678169, 1.003796662,
1992.566110229, 1.000126653,
1992.586542089, 0.997951808,
1992.606974049, 0.997405201,
1992.647837967, 1.007026401,
1992.668269926, 0.999190657,
1992.688701984, 0.996375169,
1992.709133842, 0.996257138,
1992.729565800, 1.039279265,
1992.749997857, 0.993893502,
1992.811293727, 1.003482485,
1992.831725682, 1.002030316,
1992.852157638, 1.002352966,
1992.872589593, 1.005690667,
1992.893021548, 1.009543168,
1992.913453502, 1.006104665,
1992.933885457, 1.003188269,
1992.954317410, 1.007226173,
1992.974749464, 1.002171758,
1992.995181317, 1.001272508,
1993.015613270, 1.003454081,
1993.036045322, 0.997067651,
1993.056477174, 0.993250335,
1993.076909126, 1.009584278,
1993.097341178, 0.995892679,
1993.117773029, 0.995117924,
1993.138204980, 0.998388801,
1993.158637030, 0.991247306,
1993.179068880, 1.007287690,
1993.199500830, 1.007673845,
1993.219932879, 1.005076489,
1993.240364728, 1.003325742,
1993.301660573, 1.003910031,
1993.322092621, 1.006701948,
1993.342524569, 1.000335251,
1993.362956415, 0.987681873,
1993.383388462, 1.015221361,
1993.403820409, 0.993284000,
1993.424252255, 1.005925413,
1993.444684300, 1.000719707,
1993.465116246, 1.000857672,
1993.485548091, 0.998830295,
1993.546843924, 0.989958770,
1993.567275967, 1.008232340,
1993.587707911, 0.997192776,
1993.608139754, 1.001310104,
1993.628571797, 0.992409795,
1993.649003739, 1.003685876,
1993.669435781, 0.995541041,
1993.689867623, 1.008640313,
1993.710299564, 1.010158218,
1993.730731605, 0.999082321,
1993.751163446, 0.991917877,
1993.771595386, 0.997072823,
1993.792027426, 1.000586948,
1993.812459366, 1.002961438,
1993.832891205, 1.009555093,
1993.853323244, 1.000118126,
1993.873755183, 0.999585889,
1993.894187021, 1.004270039,
1993.914619059, 1.001803712,
1993.935050997, 1.002770551,
1993.955482834, 1.001676873,
1993.975914871, 1.004973721,
1994.057642516, 1.001981274,
1994.078074551, 1.010162369,
1994.098506486, 0.999733944,
1994.118938321, 1.004773271,
1994.139370355, 1.003210561,
1994.159802289, 0.996097604,
1994.180234223, 0.999296806,
1994.200666157, 0.995511213,
1994.221098089, 1.001163823,
1994.282393887, 1.005163436,
1994.302825818, 0.996700619,
1994.323257750, 0.998335742,
1994.343689681, 1.002216006,
1994.364121612, 1.008708709,
1994.384553642, 1.003973509,
1994.404985472, 1.000036900,
1994.445849431, 0.996083809,
1994.466281261, 0.985001775,
1994.486713289, 0.999297879,
1994.507145218, 0.997708039,
1994.527577046, 0.993796733,
1994.548009074, 0.996016881,
1994.568441001, 0.993988052,
1994.588872828, 1.007837958,
1994.609304855, 1.004842089,
1994.629736782, 1.001030917,
1994.650168708, 0.998284269,
1994.670600634, 0.998457800,
1994.691032559, 1.008547944,
1994.711464385, 1.004629652,
1994.772760158, 1.004404757,
1994.793192182, 1.010341413,
1994.813624106, 1.005779079,
1994.834055929, 1.001717065,
1994.854487952, 1.001029856,
1994.874919875, 0.997273861,
1994.895351897, 1.010667951,
1994.915783719, 1.011963472,
1994.936215640, 0.999503100,
1994.956647662, 1.005136117,
1995.017943424, 1.003156416,
1995.038375244, 1.014658176,
1995.058807164, 1.011037383,
1995.079239183, 1.009949688,
1995.099671002, 1.007205642,
1995.120102921, 1.000596557,
1995.140534939, 0.996737963,
1995.160966757, 0.998686720,
1995.181398675, 1.000134055,
1995.201830693, 1.003175251,
1995.263126443, 1.004536515,
1995.283558360, 0.994664117,
1995.303990275, 0.996831938,
1995.324422191, 1.001244275,
1995.344854106, 1.005477740,
1995.365286021, 1.006733289,
1995.385717936, 1.005016721,
1995.406149850, 1.004116134,
1995.426581764, 0.997643049,
1995.447013678, 1.000609561,
1995.467445591, 1.007038076,
1995.487877504, 0.999712336,
1995.508309417, 1.005042123,
1995.528741229, 1.003398236,
1995.549173241, 1.000304991,
1995.569605153, 1.003983691,
1995.590037064, 1.013931770,
1995.610468976, 1.004451280,
1995.630900886, 0.998881671,
1995.651332797, 1.003036144,
1995.671764707, 1.010563214,
1995.692196617, 1.001198487,
1995.753492345, 0.997571467,
1995.773924353, 1.005863358,
1995.794356261, 1.010843179,
1995.814788069, 1.002299654,
1995.835220077, 0.996483749,
1995.855651984, 1.000441784,
1995.876083791, 1.014226691,
1995.896515798, 0.997548614,
1995.916947705, 1.004690188,
1995.937379510, 1.022934675,
1995.998675227, 1.012054210,
1996.019107232, 1.009374640,
1996.039539136, 1.006224172,
1996.059971040, 1.000906488,
1996.080402944, 1.001566593,
1996.100834848, 1.005373424,
1996.121266751, 0.995732334,
1996.141698654, 0.999825782,
1996.162130557, 0.999048416,
1996.182562459, 0.986823188,
1996.202994361, 1.004898496,
1996.223426263, 0.998292292,
1996.243858264, 1.003698032,
1996.264290065, 0.998731037,
1996.284721966, 1.000778076,
1996.305153967, 1.000128174,
1996.325585767, 0.997566496,
1996.346017667, 1.002468120,
1996.366449666, 1.002916341,
1996.386881465, 1.003839575,
1996.407313364, 1.005886210,
1996.427745363, 1.000559078,
1996.489041057, 0.995717075,
1996.509472854, 1.007196350,
1996.529904851, 0.998765501,
1996.550336748, 1.002371889,
1996.570768645, 0.994287170,
1996.591200541, 0.995661322,
1996.611632437, 1.003255483,
1996.632064332, 0.996772112,
1996.652496227, 0.996923034,
1996.672928122, 1.005937940,
1996.734223805, 0.995240435,
1996.754655699, 1.008738842,
1996.775087692, 1.007169569,
1996.795519485, 0.995551501,
1996.815951378, 1.007449967,
1996.836383371, 1.001222422,
1996.856815163, 1.008906359,
1996.877247055, 1.002936430,
1996.897678946, 1.006910821,
1996.918110838, 1.001277235,
1996.979406510, 1.001240490,
1996.999838500, 1.008382195,
1997.020270290, 1.004200072,
1997.040702179, 1.007637501,
1997.061134168, 1.006192912,
1997.122429834, 1.008810025,
1997.142861722, 0.999491438,
1997.163293509, 1.008976662,
1997.224589170, 1.003391334,
1997.245021157, 1.011405395,
1997.265453043, 1.004828258,
1997.285884829, 1.001857946,
1997.306316814, 1.005630905,
1997.326748699, 0.999473149,
1997.347180684, 1.009681579,
1997.367612469, 0.999792202,
1997.388044353, 1.001112521,
1997.408476337, 1.004930868,
1997.428908121, 1.011451660,
1997.449340005, 1.008414387,
1997.469771988, 1.009927527,
1997.490203770, 1.001861431,
1997.510635653, 1.013932493,
1997.531067635, 1.004599372,
1997.551499517, 0.997258654,
1997.571931299, 1.012223900,
1997.592363280, 1.001993767,
1997.612795061, 1.015108654,
1997.633226942, 1.004502642,
1997.653658922, 0.994916709,
1997.714954562, 1.004260464,
1997.735386341, 1.002637036,
1997.755818320, 1.003235764,
1997.776250199, 1.004485467,
1997.796681977, 1.003296801,
1997.817113955, 1.001479303,
1997.837545833, 1.012946124,
1997.857977611, 1.003290799,
1997.878409588, 1.008491894,
1997.898841465, 1.005275570,
1997.960137094, 1.008153165,
1997.980568969, 1.011718019,
1998.001000845, 1.011703703,
1998.021432720, 1.016531463,
1998.041864595, 1.017488096,
1998.062296569, 1.011227241,
1998.082728344, 1.003870422,
1998.103160317, 1.010452929,
1998.123592191, 1.003715073,
1998.144023964, 1.002962688,
1998.164455938, 1.000449691,
1998.184887810, 0.998438909,
1998.205319583, 1.013399768,
1998.225751555, 1.009700920,
1998.246183427, 1.002092687,
1998.266615199, 1.014884080,
1998.287047170, 0.999375101,
1998.307479041, 0.997686704,
1998.348342782, 1.001547160,
1998.368774552, 1.012323057,
1998.389206522, 1.012551129,
1998.450502030, 0.998956273,
1998.470933999, 1.003171088,
1998.491365867, 0.998972494,
1998.511797735, 1.000764830,
1998.532229603, 1.005021337,
1998.552661471, 0.997836780,
1998.573093438, 1.003473567,
1998.593525205, 0.998724749,
1998.613957072, 1.009350510,
1998.634389038, 1.005148704,
1998.695684636, 1.006866120,
1998.716116401, 0.998705954,
1998.736548266, 1.004397962,
1998.756980231, 1.016778933,
1998.777411995, 1.000456643,
1998.797843859, 1.014835991,
1998.818275823, 0.998437715,
1998.838707587, 1.003685775,
1998.859139450, 1.010629810,
1998.879571413, 1.007329433,
1998.900003275, 1.003825085,
1998.920435138, 1.010115006,
1998.940867000, 1.010201266,
1998.961298862, 1.006999916,
1998.981730723, 0.998005080,
1999.002162584, 1.003577582,
1999.022594445, 1.000307518,
1999.043026406, 1.001476110,
1999.063458167, 1.006434330,
1999.083890027, 1.012415265,
1999.104321887, 1.011631545,
1999.124753746, 1.005503207,
1999.186049323, 1.009677467,
1999.206481081, 1.003542532,
1999.226913040, 1.007358439,
1999.247344897, 1.008036333,
1999.267776855, 1.000967186,
1999.288208612, 0.994190606,
1999.308640469, 1.004844250,
1999.329072426, 0.996833237,
1999.349504183, 1.009992885,
1999.369936039, 1.005275567,
1999.390367995, 1.005387384,
1999.410799850, 0.998535893,
1999.431231606, 1.007075589,
1999.451663561, 1.009681296,
1999.472095415, 1.015546951,
1999.492527170, 1.008466382,
1999.512959124, 1.010353110,
1999.533390978, 1.007401870,
1999.553822732, 1.015449974,
1999.574254685, 1.008145411,
1999.594686538, 1.013900217,
1999.615118291, 1.012171423,
1999.676414048, 0.997461198,
1999.696845799, 1.011057669,
1999.717277651, 1.009079223,
1999.737709602, 1.000432765,
1999.758141353, 1.003927302,
1999.778573204, 0.998415253,
1999.799005154, 1.003754700,
1999.819436904, 1.008837501,
1999.839868754, 1.008008280,
1999.860300603, 1.004674755,
1999.921596150, 1.004280208,
1999.942027998, 1.007802258,
1999.962459847, 1.005653778,
1999.982891794, 0.996527100,
2000.003323542, 0.999199148,
2000.023755489, 1.004647310,
2000.044187336, 1.002675680,
2000.064619083, 1.008028335,
2000.085051029, 1.003176579,
2000.105482875, 1.013566122,
2000.125914622, 1.014905297,
2000.146346567, 1.009122702,
2000.166778413, 1.005463293,
2000.187210157, 0.998950671,
2000.207642102, 1.010196441,
2000.228073947, 0.998472126,
2000.248505791, 1.007469044,
2000.268937635, 1.004012895,
2000.289369479, 1.005733147,
2000.309801322, 1.007280290,
2000.330233166, 1.009873845,
2000.350665008, 1.009991507,
2000.411960536, 1.004997009,
2000.432392477, 1.008144489,
2000.452824319, 1.004983423,
2000.473256060, 1.001529001,
2000.493688001, 1.009616971,
2000.514119842, 1.006216787,
2000.534551582, 1.009264494,
2000.554983523, 0.998291349,
2000.575415363, 1.009740679,
2000.595847102, 1.006902725,
2000.636710781, 1.005797653,
2000.657142620, 1.006420900,
2000.677574558, 1.011688626,
2000.698006297, 1.004930477,
2000.718438135, 1.014808706,
2000.738870073, 0.997417162,
2000.759301810, 1.009637104,
2000.779733747, 1.005096262,
2000.800165584, 1.014203113,
2000.820597421, 1.006374953,
2000.841029257, 1.015543680,
2000.861461094, 1.004898117,
2000.881892930, 1.000824457,
2000.902324765, 1.000765537,
2000.922756601, 1.018805812,
2000.963620371, 1.005150127,
2000.984052105, 1.017151447,
2001.004483939, 1.009164591,
2001.024915874, 1.014962403,
2001.045347607, 1.011362594,
2001.065779441, 1.019914808,
2001.086211374, 1.010732493,
2001.147506872, 1.009339176,
2001.167938605, 1.012453974,
2001.188370537, 1.018099936,
2001.208802368, 1.012292491,
2001.229234200, 1.003182946,
2001.249666031, 0.999760841,
2001.270097762, 1.013079913,
2001.290529692, 1.006741096,
2001.310961523, 1.012491191,
2001.331393353, 1.026212222,
2001.351825083, 1.010027600,
2001.372257012, 1.005445681,
2001.392688842, 1.004830399,
2001.413120571, 1.011476483,
2001.433552499, 1.011858028,
2001.453984328, 1.011110360,
2001.474416056, 1.008475982,
2001.494847984, 1.015649467,
2001.515279812, 1.005224800,
2001.535711740, 1.012854567,
2001.556143467, 1.002291626,
2001.576575294, 1.012825172,
2001.637870773, 1.006133795,
2001.658302699, 1.009858771,
2001.678734425, 1.009928106,
2001.699166250, 1.007973201,
2001.719598175, 1.005493349,
2001.740029900, 1.008106574,
2001.760461725, 1.008935216,
2001.780893649, 1.016444276,
2001.801325473, 1.015978102,
2001.821757197, 1.010438242,
2001.842189121, 1.006341635,
2001.862620944, 1.007433079,
2001.883052867, 1.010412856,
2001.903484590, 1.011096450,
2001.923916413, 1.008133950,
2001.944348335, 1.012862308,
2001.964780057, 1.005752002,
2001.985211879, 1.013192918,
2002.005643701, 1.014080369,
2002.026075522, 1.006822302,
2002.046507343, 1.014199620,
2002.066939164, 1.006206497,
2002.128234625, 1.002619172,
2002.148666444, 1.006864622,
2002.169098264, 0.999787088,
2002.189530083, 1.009606208,
2002.209961902, 1.007502038,
2002.230393821, 1.004867767,
2002.250825540, 1.014536012,
2002.271257358, 1.003573360,
2002.291689276, 1.012178332,
2002.312121094, 1.006096839,
2002.332552811, 1.012863073,
2002.352984728, 1.006387886,
2002.373416545, 1.006266933,
2002.393848262, 1.005753580,
2002.414280178, 1.013326860,
2002.434711995, 1.009961906,
2002.455143711, 1.005951795,
2002.475575626, 1.011358277,
2002.496007442, 1.010603725,
2002.516439157, 0.999880040,
2002.536871072, 1.003008996,
2002.557302887, 1.004248122,
2002.639030243, 1.008675093,
2002.659461957, 1.019145612,
2002.679893770, 1.006636226,
2002.700325683, 1.019748844,
2002.720757396, 1.011341114,
2002.741189208, 1.010856254,
2002.761621021, 1.006689973,
2002.782052832, 1.009938297,
2002.802484644, 1.007414263,
2002.822916556, 1.009113038,
2002.843348267, 1.017752104,
2002.863780078, 1.021020097,
2002.884211989, 1.010110474,
2002.904643699, 1.006528533,
2002.925075509, 1.009365146,
2002.965939129, 1.016378815,
2002.986371039, 1.009741979,
2003.006802848, 1.000019863,
2003.027234557, 1.006765967,
2003.047666466, 1.015089448,
2003.108961891, 1.008166723,
2003.129393698, 1.009231641,
2003.149825506, 1.003648034,
2003.170257313, 1.011336011,
2003.190689121, 1.009267053,
2003.211120927, 1.012513495,
2003.231552734, 1.003948660,
2003.251984540, 1.013845355,
2003.272416346, 0.999959952,
2003.292848252, 1.002413404,
2003.313279958, 1.010148089,
2003.333711863, 1.014653799,
2003.354143668, 1.011479327,
2003.374575373, 1.008849075,
2003.395007278, 1.004407247,
2003.415439082, 1.005560699,
2003.435870786, 1.008382728,
2003.456302690, 1.009996486,
2003.476734394, 1.012684615,
2003.497166197, 1.008101645,
2003.517598101, 1.008708482,
2003.538029803, 1.004424495,
2003.599325211, 1.011960443,
2003.619757013, 1.010121074,
2003.640188915, 1.012043548,
2003.660620716, 1.013874602,
2003.681052517, 1.001995320,
2003.701484318, 1.002611085,
2003.721916119, 1.007352688,
2003.742347920, 1.010774195,
2003.762779720, 1.007605527,
2003.783211520, 1.003605222,
2003.803643420, 1.008668832,
2003.824075120, 1.006508947,
2003.844506919, 1.006626221,
2003.864938818, 1.008492098,
2003.885370517, 1.004035348,
2003.905802316, 1.007002157,
2003.926234214, 1.009158962,
2003.946665912, 1.002970178,
2003.967097710, 1.007778863,
2003.987529608, 1.005397481,
2004.007961305, 1.006310302,
2004.028393202, 1.007910252,
2004.089688593, 1.009904901,
2004.110120389, 1.006000866,
2004.130552185, 1.008405814,
2004.150983981, 1.002050146,
2004.171415776, 1.008320510,
2004.191847572, 1.002315548,
2004.212279367, 1.004356919,
2004.232711162, 1.000218977,
2004.253142856, 1.004373043,
2004.273574751, 1.000096100,
2004.294006545, 1.004457040,
2004.314438239, 1.000489387,
2004.334870133, 1.008186679,
2004.355301926, 1.003913741,
2004.375733819, 1.000639377,
2004.396165512, 1.001813805,
2004.416597305, 1.006196352,
2004.437029198, 1.005827303,
2004.457460890, 1.008104210,
2004.477892682, 1.009695786,
2004.498324574, 1.010594161,
2004.580051639, 1.001724708,
2004.600483429, 1.004627252,
2004.620915320, 1.006805331,
2004.641347110, 1.009519159,
2004.661778800, 1.002175731,
2004.682210690, 1.004660717,
2004.702642480, 1.002658487,
2004.723074269, 1.003365633,
2004.743506058, 1.002029017,
2004.763937847, 1.006007153,
2004.825233212, 0.999843271,
2004.845665000, 0.999459691,
2004.866096788, 1.010625187,
2004.886528575, 1.008076976,
2004.906960362, 1.006274065,
2004.927392149, 1.003704997,
2004.947823936, 1.005438800,
2004.968255723, 1.007849115,
2004.988687509, 1.008211221,
2005.009119295, 1.002689037,
2005.029551081, 1.003220809,
2005.049982867, 1.004973015,
2005.070414752, 1.019978325,
2005.090846437, 1.010273457,
2005.111278223, 1.005187444,
2005.131710107, 1.008446347,
2005.152141892, 1.003440583,
2005.172573576, 1.004703611,
2005.193005460, 0.999073747,
2005.213437244, 1.022651144,
2005.233868928, 0.996470215,
2005.254300811, 0.998838111,
2005.295164277, 1.005424993,
2005.315596160, 0.993536251,
2005.336027942, 1.001564042,
2005.356459625, 1.010092688,
2005.376891507, 0.999441547,
2005.397323289, 1.002881063,
2005.417755170, 0.997585780,
2005.438186852, 1.006026045,
2005.458618633, 1.009107468,
2005.479050514, 1.007095452,
2005.499482195, 0.998862596,
2005.519913975, 0.999310193,
2005.540345855, 1.004320809,
2005.560777535, 1.002954563,
2005.581209315, 1.004258514,
2005.601641195, 1.007487545,
2005.622072874, 0.996886517,
2005.642504653, 1.000270182,
2005.662936433, 1.006729529,
2005.683368211, 1.004002392,
2005.703799990, 1.001903891,
2005.724231868, 1.002549610,
2005.744663546, 0.999269535,
2005.805958879, 0.995581860,
2005.826390756, 0.994936620,
2005.846822533, 0.989064109,
2005.867254210, 0.999400756,
2005.887686087, 0.999927120,
2005.908117863, 1.000518788,
2005.948981415, 0.998041764,
2005.969413191, 1.002385886,
2005.989844966, 1.010011308,
2006.010276742, 0.998693323,
2006.030708517, 0.996447851,
2006.051140291, 1.004815228,
2006.071572066, 1.004440800,
2006.092003840, 1.003261009,
2006.112435715, 0.992869907,
2006.132867389, 1.000308357,
2006.153299162, 0.997100474,
2006.173731036, 1.005280851,
2006.194162809, 1.002620542,
2006.214594482, 1.005106413,
2006.235026355, 1.001343677,
2006.255458128, 1.003397905,
2006.275889800, 1.006208887,
2006.296321672, 1.008717880,
2006.316753444, 1.001832918,
2006.337185116, 0.997806245,
2006.357616988, 0.998168470,
2006.378048659, 0.999164909,
2006.398480430, 1.000263504,
2006.418912301, 0.999694165,
2006.439343972, 1.002171189,
2006.459775843, 0.999034192,
2006.480207613, 1.009002481,
2006.541502923, 1.006527701,
2006.561934692, 1.006903438,
2006.582366461, 0.993725267,
2006.602798230, 1.008983911,
2006.623229999, 0.999421473,
2006.643661868, 0.995823982,
2006.664093536, 0.991974114,
2006.684525305, 0.995142420,
2006.704957173, 1.002143306,
2006.725388840, 1.001703620,
2006.745820608, 0.997483688,
2006.766252475, 1.005188439,
2006.786684143, 0.998803651,
2006.807116009, 1.000147787,
2006.827547776, 1.005255773,
2006.847979443, 0.999366597,
2006.868411309, 0.997447262,
2006.888843075, 0.997395201,
2006.909274741, 1.004757450,
2006.929706607, 0.995706541,
2006.950138372, 1.004579845,
2006.970570038, 0.998065090,
2007.031865432, 1.006137239,
2007.052297197, 1.004715440,
2007.072728961, 1.003961194,
2007.093160725, 1.000911539,
2007.113592489, 1.007206232,
2007.134024252, 1.002542518,
2007.154456016, 1.001573799,
2007.174887779, 0.999408004,
2007.195319542, 0.996913238,
2007.215751405, 1.004484056,
2007.236183068, 1.003392736,
2007.256614830, 0.992607103,
2007.277046692, 0.994759687,
2007.297478354, 1.001218502,
2007.317910116, 0.999738421,
2007.338341978, 0.988386006,
2007.358773639, 0.997684979,
2007.379205400, 0.999911864,
2007.399637261, 1.001509240,
2007.420068922, 1.009628151,
2007.440500782, 0.997047828,
2007.460932543, 0.996419209,
2007.522227823, 1.003317250,
2007.542659582, 1.003980696,
2007.563091342, 0.996031416,
2007.583523101, 1.007493208,
2007.603954860, 0.993137779,
2007.624386718, 1.002665822,
2007.644818377, 0.997031652,
2007.665250135, 1.000341363,
2007.685681994, 0.998857503,
2007.706113652, 1.000586497,
2007.726545409, 1.002369062,
2007.746977167, 1.000981643,
2007.767408924, 0.996723693,
2007.787840781, 1.002777364,
2007.808272538, 0.991008334,
2007.828704195, 0.990501496,
2007.849136052, 1.003012510,
2007.869567708, 1.002262686,
2007.889999464, 1.001575906,
2007.910431320, 0.994527150,
2007.930862976, 1.007676063,
2007.951294731, 0.994647279,
2007.971726587, 1.001608787,
2007.992158242, 0.998333056,
2008.012589997, 0.996309294,
2008.033021852, 1.012268174,
2008.053453606, 1.004635989,
2008.073885261, 0.996264191,
2008.094317115, 0.997548132,
2008.114748869, 0.995108144,
2008.135180623, 0.999126693,
2008.155612376, 1.002470956,
2008.176044130, 1.002416151,
2008.196475983, 0.999186049,
2008.257771241, 0.996392848,
2008.278202894, 0.998613969,
2008.298634646, 0.994303038,
2008.319066498, 0.997200625,
2008.339498150, 0.997675314,
2008.359929902, 0.998334862,
2008.380361753, 0.999378646,
2008.400793404, 0.993268198,
2008.421225155, 0.991935829,
2008.441657006, 1.005767247,
2008.523384008, 0.995231326,
2008.543815758, 0.996718743,
2008.564247507, 0.994595375,
2008.584679157, 0.993801431,
2008.605111006, 1.000614152,
2008.625542755, 0.991915030,
2008.645974404, 0.993372378,
2008.666406253, 0.997979891,
2008.686838002, 1.007636549,
2008.707269650, 0.997153859,
2008.727701498, 0.995450880,
2008.748133246, 0.994212612,
2008.768565094, 0.999887446,
2008.788996742, 0.993379219,
2008.809428489, 1.000968604,
2008.829860336, 1.002292276,
2008.850291984, 0.996346788,
2008.870723730, 0.999024949,
2008.891155577, 1.003335159,
2008.911587224, 1.005017387,
2008.932018970, 1.000181851,
2008.952450816, 0.993510260,
2008.972882462, 0.995344163,
2008.993314208, 0.985903605,
2009.013746053, 0.995191113,
2009.034177799, 0.991814416,
2009.054609444, 1.000641085,
2009.075041289, 0.989632183,
2009.095473034, 0.989750346,
2009.115904778, 1.002982630,
2009.136336523, 0.998491263,
2009.156768267, 0.988182538,
2009.177200111, 1.002678832,
2009.238495242, 0.993520426,
2009.258926985, 0.990590266,
2009.279358628, 0.999823817,
2009.299790471, 0.997584977,
2009.320222214, 0.995359445,
2009.340653857, 1.002283367,
2009.361085699, 0.995627545,
2009.381517441, 0.999067641,
2009.401949283, 0.991858550,
2009.422380925, 0.996730109,
2009.442812667, 1.004716421,
2009.463244508, 0.988828221,
2009.483676150, 0.992899914,
2009.504107891, 0.994424920,
2009.524539732, 0.998991183,
2009.544971473, 0.998969471,
2009.565403113, 0.999208477,
2009.585834954, 0.992176644,
2009.606266694, 0.991317427,
2009.626698334, 0.988483847,
2009.647130174, 0.998955008,
2009.667561913, 0.988233822,
2009.687993553, 1.000111325,
2009.708425392, 0.999321429,
2009.728857131, 0.997369967,
2009.749288970, 0.994776285,
2009.769720609, 0.993728345,
2009.790152347, 1.000601330,
2009.810584186, 0.998096529,
2009.831015824, 0.995846627,
2009.851447562, 0.991840570,
2009.871879300, 0.998006807,
2009.892311038, 0.986737694,
2009.912742775, 1.004395788,
2009.974037987, 0.992000743,
2009.994469724, 0.998134329,
2010.014901460, 0.995714817,
2010.035333197, 0.995068164,
2010.055764933, 0.989541568,
2010.076196669, 0.996450135,
2010.096628505, 0.991607543,
2010.117060241, 1.000119465,
2010.137491876, 0.993137274,
2010.157923712, 0.999580256,
2010.178355447, 0.994782964,
2010.198787082, 0.989735705,
2010.219218917, 0.983261089,
2010.239650651, 0.996471521,
2010.260082286, 0.982090134,
2010.280514120, 0.989411255,
2010.300945854, 0.997138013,
2010.321377488, 0.991290828,
2010.341809322, 1.005487324,
2010.362241056, 0.998957188,
2010.382672889, 0.991785133,
2010.403104523, 0.994557980,
2010.464399722, 1.002536434,
2010.484831454, 0.995930083,
2010.505263286, 0.990406761,
2010.525695019, 0.995034362,
2010.546126651, 1.004127506,
2010.566558483, 0.999166378,
2010.586990214, 0.984922886,
2010.607421846, 0.988091402,
2010.627853678, 0.992667286,
2010.648285409, 0.991558857,
2010.668717040, 0.993307120,
2010.689148871, 0.994820646,
2010.709580501, 0.988722958,
2010.730012332, 0.993009658,
2010.750444062, 0.996469241,
2010.770875692, 0.996970646,
2010.791307523, 0.995051654,
2010.811739252, 0.999108893,
2010.832170882, 1.001173471,
2010.852602712, 0.997233807,
2010.873034441, 0.986589143,
2010.893466070, 0.994237108,
2010.913897899, 0.988447313,
2010.934329628, 0.999372168,
2010.954761357, 0.994200588,
2010.975193085, 1.004121790,
2010.995624813, 0.995519410,
2011.016056642, 0.993582375,
2011.036488370, 0.993672230,
2011.056919998, 0.986617881,
2011.077351825, 1.005260288,
2011.097783553, 0.989908037,
2011.118215180, 1.011997569,
2011.138647007, 0.990857466,
2011.179510361, 0.999322041,
2011.199942188, 0.998158442,
2011.220373914, 0.995599216,
2011.240805541, 0.991574364,
2011.261237367, 0.998808577,
2011.281669093, 0.996506120,
2011.302100719, 0.994106876,
2011.322532544, 0.999983014,
2011.342964270, 1.000087086,
2011.363395995, 0.992016361,
2011.383827720, 0.995247248,
2011.445122895, 0.993286221,
2011.465554620, 1.001484345,
2011.485986344, 0.988431455,
2011.506418068, 0.993099449,
2011.526849792, 1.001457407,
2011.547281616, 0.987016676,
2011.567713240, 0.994326383,
2011.588144964, 0.999714593,
2011.608576787, 0.998367059,
2011.629008410, 1.004436774,
2011.649440233, 0.986393544,
2011.669871956, 1.077169063,
2011.690303579, 0.989911610,
2011.710735402, 0.994808988,
2011.731167124, 0.986678863,
2011.751598746, 0.991958917,
2011.772030568, 0.990044417,
2011.792462290, 0.988304154,
2011.812893912, 0.998881972,
2011.833325734, 0.989475174,
2011.853757455, 0.995848567,
2011.874189177, 0.989991384,
2011.894620898, 0.991973703,
2011.915052619, 0.987077696,
2011.935484440, 0.997955880,
2011.955916060, 0.990261824,
2011.976347781, 0.990828480,
2011.996779601, 0.990230149,
2012.017211322, 0.996093266,
2012.037642941, 0.980060818,
2012.058074761, 0.989778146,
2012.078506381, 0.994729708,
2012.098938101, 0.988646748,
2012.119369920, 0.989624586,
2012.139801540, 0.990324864,
2012.160233259, 0.989838306,
2012.180665078, 0.990344216,
2012.221528415, 1.003928521,
2012.241960234, 0.993178851,
2012.262391852, 0.992995581,
2012.282823670, 0.987975674,
2012.303255388, 0.986759090,
2012.323687006, 0.989924293,
2012.344118824, 0.994053432,
2012.364550541, 0.993000678,
2012.425845693, 1.000694235,
2012.446277410, 0.996174842,
2012.466709127, 0.996780705,
2012.487140844, 0.994579808,
2012.507572560, 0.997267982,
2012.528004277, 0.992919037,
2012.548435993, 0.990028604,
2012.568867809, 0.995373373,
2012.589299525, 0.988629707,
2012.609731140, 0.993277995,
2012.630162956, 0.989996124,
2012.650594671, 0.991970734,
2012.671026287, 0.990148744,
2012.691458102, 1.004213480,
2012.711889817, 0.991693827,
2012.732321432, 0.989495422,
2012.752753246, 0.991387130,
2012.773184961, 0.981665863,
2012.793616575, 0.986406893,
2012.814048389, 0.995468648,
2012.834480103, 0.999343829,
2012.854911818, 0.996173377,
2012.916206958, 0.994704135,
2012.936638672, 0.992346795,
2012.957070385, 0.996285764,
2012.977502098, 0.994923196,
2012.997933811, 0.988009421,
2013.018365524, 1.001686667,
2013.038797236, 0.993223469,
2013.059228949, 0.998971892,
2013.079660661, 0.994580662,
2013.100092473, 0.993432255,
2013.120524085, 0.986639102,
2013.140955897, 0.987107933,
2013.161387609, 0.991081751,
2013.181819220, 0.988092476,
2013.202251032, 0.997832540,
2013.222682743, 0.994946764,
2013.243114354, 0.983039714,
2013.263546165, 0.993470697,
2013.283977876, 0.990730538,
2013.304409487, 0.996098888,
2013.324841297, 0.982267660,
2013.345273008, 0.989050221,
2013.365704618, 0.988332907,
2013.386136428, 0.991190313,
2013.406568138, 0.990206220,
2013.426999848, 0.990622864,
2013.447431558, 0.996912641,
2013.467863267, 0.991186956,
2013.488294977, 1.006692418,
2013.508726686, 0.992403957,
2013.529158395, 0.995030426,
2013.549590104, 0.987215635,
2013.570021813, 0.988912838,
2013.590453522, 0.996734797,
2013.610885330, 1.002175585,
2013.631316939, 0.983817581,
2013.651748647, 0.994155103,
2013.672180455, 0.986626915,
2013.692612063, 0.987568202,
2013.713043771, 0.988405434,
2013.733475578, 0.995494942,
2013.753907186, 0.989506478,
2013.774338994, 0.993944628,
2013.794770701, 0.989625318,
2013.815202308, 0.995855476,
2013.896929235, 0.989898627,
2013.917360942, 0.987141698,
2013.937792648, 0.982769043,
2013.958224354, 0.984899565,
2013.978656060, 0.986659446,
2013.999087766, 0.984956754,
2014.019519472, 0.990081803,
2014.039951178, 0.987504789,
2014.060382983, 0.984106053,
2014.080814688, 0.989409476,
2014.101246294, 0.989782488,
2014.121678099, 0.985123943,
2014.142109804, 0.988955626,
2014.162541409, 0.988408580,
2014.182973213, 0.993740136,
2014.203404918, 0.979400467,
2014.223836522, 0.993280896,
2014.244268327, 0.989139531,
2014.264699931, 0.988822500,
2014.285131635, 0.988712752,
2014.305563438, 0.988499261,
2014.325995042, 0.979883911,
2014.346426846, 0.982355363,
2014.366858549, 0.986050827,
2014.387290153, 0.993539900,
2014.407721956, 0.988773423,
2014.428153659, 0.981138291,
2014.448585362, 0.989015517,
2014.469017065, 0.989550284,
2014.489448767, 0.979485415,
2014.509880470, 0.994027414,
2014.530312172, 0.985271378,
2014.550743875, 0.984715463,
2014.571175577, 0.984098231,
2014.591607379, 0.986122062,
2014.612038981, 0.976489896,
2014.632470782, 0.987531041,
2014.652902484, 0.981408305,
2014.673334085, 0.984597169,
2014.693765887, 0.992941311,
2014.714197588, 0.977520771,
2014.734629189, 0.986275574,
2014.755060990, 0.988371139,
2014.775492691, 0.991894896,
2014.795924292, 0.981220377,
2014.816356092, 0.989714007,
2014.877651193, 0.986693466,
2014.898082893, 0.987492279,
2014.918514593, 0.988751454,
2014.938946293, 0.984699398,
2014.959377993, 0.982370294,
2014.979809692, 0.989740106,
2017.860678745, 0.989162522,
2017.901542112, 1.000844241,
2017.921973796, 0.995681291,
2017.942405579, 0.997468767,
2017.962837162, 0.999165998,
2017.983268845, 0.999196972,
2018.003700628, 0.998811855,
2018.024132210, 0.994039185,
2018.044563893, 0.997725869,
2018.064995676, 0.992591144,
2018.085427258, 0.992084614,
2018.105859041, 0.996670935,
2018.126290723, 1.001193064,
2018.146722405, 0.998067011,
2018.167154087, 1.000093997,
2018.187585769, 1.005059466,
2018.208017451, 0.996743865,
2018.228449133, 0.993868476,
2018.248880815, 1.002052788,
2018.269312496, 0.998018253,
2018.289744278, 0.993933959,
2018.310175859, 1.004593885,
2018.330607541, 0.994529499,
2018.351039322, 0.998110848,
2018.371470903, 0.992635643,
2018.391902684, 0.996727361,
2018.412334365, 0.993515678,
2018.432765946, 0.999823325,
2018.453197727, 1.001824785,
2018.473629407, 0.996056874,
2018.494060988, 0.995018305,
2018.514492769, 0.998977503,
2018.534924349, 0.999718838,
2018.555356029, 0.998046225,
2018.575787810, 0.991289495,
2018.596219390, 0.981454591,
2018.616651170, 0.997678950,
2018.637082850, 0.988710582,
2018.657514530, 0.998447363,
2018.677946209, 0.996500500,
2018.698377889, 0.995404892,
2018.718809569, 0.999291823,
2018.739241248, 0.999548361,
2018.800536386, 0.997740900,
2018.820967965, 0.998275674,
2018.841399744, 0.991295218,
2018.861831423, 1.001136208,
2018.882263002, 1.005374887,
2018.902694781, 0.996191303,
2018.923126460, 0.995175270,
2018.943558038, 1.000875508,
2018.963989817, 1.002042982,
2018.984421495, 0.993360556,
2019.004853074, 0.992571832,
2019.025284852, 1.000426762,
2019.045716530, 0.988885587,
2019.066148108, 1.002793225,
2019.086579886, 0.992680055,
2019.107011564, 1.001126107,
2019.127443242, 0.993648099,
2019.147874920, 1.003947531,
2019.168306598, 0.995189333,
2019.188738275, 1.002269224,
2019.209169953, 0.994335226,
2019.229601630, 0.997001980,
2019.250033307, 1.002341868,
2019.270464985, 1.003028933,
2019.290896662, 0.994776888,
2019.311328339, 0.999455460,
2019.331760016, 1.000487060,
2019.352191793, 1.001429865,
2019.372623469, 0.999294762,
2019.393055046, 0.992657556,
2019.413486823, 0.985812345,
2019.433918499, 0.997297460,
2019.454350076, 0.997548473,
2019.474781852, 0.996609239,
2019.495213529, 0.991124656,
2019.515645105, 1.006646518,
2019.536076881, 1.004936969,
2019.556508557, 0.995745409,
2019.576940133, 0.998452595,
2019.597371909, 1.002115347,
2019.617803585, 0.999884533,
2019.638235361, 0.986351542,
2019.658666936, 1.001982994,
2019.679098612, 0.997049871,
2019.699530388, 0.999198409,
2019.719961963, 0.996905415,
2019.781257089, 0.994549586,
2019.801688664, 0.992884823,
2019.822120439, 1.001436299,
2019.842552114, 1.003737204,
2019.862983789, 0.998348887,
2019.883415464, 0.999074165,
2019.903847038, 0.992749056,
2019.924278813, 0.998748099,
2019.944710487, 1.001228751,
2019.965142062, 0.996441210,
2019.985573836, 1.000570905,
2020.006005511, 0.992121355,
2020.026437085, 0.991691410,
2020.046868859, 0.992291303,
2020.067300533, 0.988338901,
2020.087732107, 1.000638994,
2020.108163881, 1.003505247,
2020.128595555, 1.000362017,
2020.149027329, 0.993424409,
2020.169458903, 0.997878213,
2020.189890576, 1.009082337,
2020.210322350, 1.001995828,
2020.230753923, 0.995920184,
2020.251185597, 0.997272882,
2020.271617370, 0.993171295,
2020.292049043, 1.003877992,
2020.332912390, 1.000159249,
2020.353344063, 0.991173020,
2020.373775736, 0.998279293,
2020.394207409, 1.001235151,
2020.414639081, 1.002667908,
2020.435070854, 0.990319811,
2020.455502427, 0.999463683,
2020.475934100, 1.004677391,
2020.496365772, 0.994347005,
2020.516797445, 0.996540809,
2020.537229117, 1.002357233,
2020.557660789, 1.001302440,
2020.578092461, 1.002626600,
2020.598524134, 1.001705334,
2020.618955806, 0.999371003,
2020.639387478, 0.998324048,
2020.659819250, 0.993283796,
2020.680250822, 0.999371102,
2020.700682494, 1.006324974,
2020.721114265, 0.998343891,
2020.741545837, 0.988428501,
2020.761977509, 1.003451099,
2020.782409280, 0.996395405,
2020.802840952, 1.003497504,
2020.823272523, 1.000177896,
2020.843704294, 0.995789939,
2020.864135966, 1.003925394,
2020.884567637, 0.993912904,
2020.904999308, 1.000688484,
2020.925430979, 1.001871757,
2020.945862650, 1.004134527,
2020.966294321, 0.999676266,
2020.986725992, 0.999250435,
2021.007157763, 1.001984829,
2021.027589333, 0.996712745,
2021.048021004, 0.997341128,
2021.068452775, 1.001239030,
2021.088884345, 0.999347541,
2021.109316016, 0.995236024,
2021.150179356, 0.998073799,
2021.170611127, 0.997747501,
2021.191042797, 1.002847798,
2021.211474367, 0.991443010,
2021.231906137, 0.990578413,
2021.252337807, 1.004336856,
2021.272769377, 1.004335012,
2021.293201147, 0.998803725,
2021.313632717, 0.996113025,
2021.334064387, 0.995974019,
2021.354496156, 1.000597482,
2021.374927826, 0.999290508,
2021.395359495, 1.001453815,
2021.415791165, 0.996070945,
2021.436222834, 0.995725124,
2021.456654504, 1.004159427,
2021.477086173, 1.004373543,
2021.497517842, 0.999120982,
2021.517949612, 1.005502113,
2021.538381181, 1.003581372,
2021.558812850, 1.001283633,
2021.579244619, 0.996526415,
2021.599676188, 0.999723460,
2021.620107957, 1.004200622,
2021.640539625, 1.002209947,
2021.660971194, 1.001419057,
2021.681402963, 1.007174408,
2021.722266200, 1.002588996,
2021.742697969, 0.994918216,
2021.763129637, 0.996267630,
2021.783561206, 1.001364342,
2021.803992974, 0.999691288,
2021.824424642, 1.001700507,
2021.844856310, 1.003828709,
2021.865287979, 0.996738043,
2021.885719647, 1.006612574,
2021.906151315, 0.996527996,
2021.926582983, 1.001540441,
2021.947014651, 1.003038287,
2021.967446319, 0.993204027,
2021.987877986, 1.007490346,
2022.008309654, 1.004002082,
2022.028741422, 0.993828917,
2022.049172990, 1.004271485,
2022.069604657, 1.002837553,
2022.090036425, 0.994956638,
2022.110467992, 0.999713615,
2022.130899760, 1.002392783,
2022.151331427, 1.000718603,
2022.171762994, 0.995467647,
2022.192194762, 1.001960552,
2022.212626429, 1.006818804,
2022.233057996, 0.986692386,
2022.253489763, 0.998283767,
2022.273921430, 1.000617730,
2022.294352997, 1.007693888,
2022.314784764, 0.994727689,
2022.335216431, 0.999542112,
2022.355648198, 0.993160973,
2022.376079765, 1.002923031,
2022.396511431, 1.000408662,
2022.416943198, 1.002562641,
2022.478238198, 0.998605951,
2022.498669864, 1.000561390,
2022.519101431, 0.992962496,
2022.539533197, 0.992279979,
2022.559964863, 0.998179692,
2022.580396429, 0.994513396,
2022.600828196, 0.996571062,
2022.621259862, 1.001535383,
2022.641691528, 0.988504589,
2022.662123194, 1.001221111,
2022.682554760, 0.999465321,
2022.702986526, 0.998697555,
2022.723418192, 1.001642005,
2022.743849758, 0.998101315,
2022.764281523, 1.003655056,
2022.784713189, 0.989612719,
2022.805144755, 1.002497474,
2022.825576521, 1.006304109,
2022.846008186, 1.003216387,
2022.866439952, 1.007456584,
2022.886871517, 0.991979828,
2022.907303183, 1.000799092,
2022.927734948, 0.992303078,
2022.948166514, 1.001910312,
2022.968598179, 0.987295708,
2022.989029944, 0.994562098,
2023.009461609, 0.995489088,
2023.029893175, 0.999465356,
2023.050324940, 1.000930212,
2023.070756605, 0.995058513,
2023.091188270, 1.000510830,
2023.111619935, 0.997664883,
2023.132051600, 0.990434423,
2023.152483365, 1.000353733,
2023.193346594, 1.000976975,
2023.213778359, 1.001738352,
2023.234209924, 0.989341540,
2023.254641589, 0.995432902,
2023.275073353, 1.004598687,
2023.295504918, 0.999399276,
2023.315936582, 0.995742851,
2023.336368347, 0.999532325,
2023.356799911, 0.993503380,
2023.377231676, 0.994444134,
2023.397663240, 0.997115902,
2023.438526669, 1.003264314,
2023.458958233, 0.997942789,
2023.479389897, 0.996449808,
2023.499821661, 1.003627677,
2023.520253326, 1.000745394,
2023.540684890, 0.998582229,
2023.561116654, 0.999538655,
2023.581548318, 0.997808526,
2023.601979982, 0.997264079,
2023.622411646, 1.003762301,
2023.642843310, 1.002070960,
2023.724570065, 1.004753481,
2023.745001629, 1.002662519,
2023.765433292, 1.009310129,
2023.785865056, 0.995584693,
2023.806296619, 1.003265985,
2023.826728383, 0.993374033,
2023.847160046, 0.991123610,
2023.867591610, 0.997421763,
2023.888023373, 0.999823299,
2023.908455037, 0.993199975,
2023.928886600, 0.993670511,
2023.949318363, 0.998063859,
2023.969750027, 0.991160790,
2023.990181690, 0.998377171,
2024.010613353, 0.995704459,
2024.031045016, 0.998411646,
2024.051476679, 1.001210060,
2024.071908342, 0.999734738,
2024.092340005, 1.007685897,
2024.112771669, 1.005671253,
2024.133203331, 0.998664614,
2024.174066657, 0.992592914,
2024.194498320, 0.998147131,
2024.214929983, 1.001590215,
2024.235361746, 1.002952129,
2024.255793309, 0.999339641,
2024.276225071, 0.994783159,
2024.296656734, 0.999034138,
2024.317088297, 1.001418930,
2024.337520059, 0.998097867,
2024.357951722, 1.000401693,
2024.378383284, 1.002622972,
2024.419246709, 1.003088165,
2024.439678272, 0.996594472,
2024.460110034, 0.996516516,
2024.480541697, 0.998622286,
2024.500973459, 1.006402819,
2024.521405022, 0.996507750,
2024.541836684, 0.997637953,
2024.562268446, 0.997376970,
2024.582700008, 0.997897536,
2024.603131671, 0.994505667,
2024.623563433, 1.004967321,
2024.684858419, 1.003843865,
2024.705290081, 1.000648269,
2024.725721743, 1.001789058,
2024.746153405, 1.003285080,
2024.766584967, 1.004877615,
2024.787016729, 1.003591135,
2024.807448391, 1.004811732,
2024.827879953, 0.997681354,
2024.848311715, 1.001186332,
2024.868743377, 1.005966864,
2024.930038362, 1.000440201,
2024.950470124, 0.996665961,
2024.970901686, 0.998817070,
2024.991333347, 0.998551685,
2025.011765109, 1.000601466,
2025.032196671, 1.001866300,
2025.052628332, 0.998101872,
2025.073060094, 0.997030921,
2025.093491655, 1.007541511,
2025.113923317, 1.006834898,
2025.154786740, 1.001593011,
2025.175218401, 0.999469826,
2025.195650063, 1.004736498,
2025.216081724, 0.999468351,
2025.236513385, 0.995956140,
2025.256945047, 1.002957433,
2025.277376708, 0.997352280,
2025.297808469, 0.996147576,
2025.318240031, 0.990061891,
2025.338671692, 1.002100592,
2025.359103453, 0.999855161,
2025.399966775, 1.003838174,
2025.420398337, 0.997546073,
2025.440829998, 0.989525680,
2025.461261759, 0.992534002,
2025.481693320, 1.004046474,
2025.502124981, 1.004685808,
2025.522556742, 0.999373063,
2025.542988303, 1.004567015,
2025.563419964, 0.999413443,
2025.583851725, 1.002331833,
2025.604283286, 1.001191201,
2025.686010030, 1.001044606,
2025.706441691, 0.998860274,
2025.726873352, 1.000376392,
2025.747305012, 0.998598580,
2025.767736673, 1.010363019,
2025.788168334, 1.001783495,
2025.808599995, 0.999381333,
2025.829031656, 1.001995338,
2025.849463416, 1.008425704,
2025.910758398, 0.998443002,
2025.931190059, 0.996517066,
2025.951621620, 1.005068220,
2025.972053380, 1.006322607,
2025.992485041, 1.005972313,
2026.012916602, 1.007380674,
2026.033348362, 0.989966005,
2026.053780023, 1.003323381,
2026.074211683, 1.007346842,
2026.094643344, 1.002826608,
2026.155938325, 0.997617615,
2026.176369886, 1.004546244,
2026.196801646, 1.003373662,
2026.217233307, 0.995708807,
2026.237664967, 0.993493509,
2026.258096628, 1.014233867,
2026.278528288, 1.005781745,
2026.319391609, 1.006498100,
2026.339823269, 1.000727115,
2026.401118250, 0.999417959,
2026.421550011, 0.998599162,
2026.441981671, 1.009185902,
2026.462413231, 1.003955402,
2026.482844992, 0.999018187,
2026.503276652, 1.004010674,
2026.523708412, 0.992955371,
2026.544139972, 1.004920689,
2026.564571633, 1.002830917,
2026.585003393, 1.003433324,
2026.605434953, 1.006238731,
2026.625866613, 0.995618876,
2026.646298373, 1.004136119,
2026.666729934, 1.003833286,
2026.687161594, 0.996993085,
2026.707593354, 1.006327776,
2026.728024914, 0.997104781,
2026.748456674, 0.993537547,
2026.768888334, 1.002537690,
2026.789319895, 1.001543635,
2026.809751655, 0.994468301,
2026.830183215, 1.001861347,
2026.871046635, 0.992080263,
2026.891478195, 1.001339724,
2026.911909855, 0.999678956,
2026.932341615, 1.002008618,
2026.952773275, 0.996880672,
2026.973204936, 1.004169408,
2026.993636596, 1.004255252,
2027.014068256, 1.004305104,
2027.034500016, 0.994944218,
2027.054931576, 0.994318971,
2027.075363236, 0.999367988,
2027.116226556, 1.006174614,
2027.136658216, 1.007940685,
2027.157089976, 1.005675063,
2027.177521536, 1.009067144,
2027.197953296, 1.004955255,
2027.218384956, 0.998364695,
2027.238816516, 1.016952226,
2027.259248276, 0.994456382,
2027.279679936, 1.001613718,
2027.300111496, 1.001492017,
2027.320543256, 1.002226970,
2027.381838236, 0.997335883,
2027.402269896, 1.002970590,
2027.422701656, 1.004981504,
2027.443133216, 1.001562842,
2027.463564876, 1.004695159,
2027.483996536, 0.999761791,
2027.504428296, 0.995604296,
2027.524859856, 1.003023507,
2027.545291616, 1.000146759,
2027.565723176, 0.997723662,
2027.627018156, 1.004741609,
2027.647449916, 0.992966220,
2027.667881576, 0.997984965,
2027.688313136, 0.997531471,
2027.708744895, 1.005666336,
2027.729176555, 1.000137524,
2027.749608115, 1.001479718,
2027.770039875, 1.002813198,
2027.790471535, 1.007481181,
2027.810903295, 0.997631262,
2027.872198275, 1.000266060,
2027.892629835, 1.004539115,
2027.913061495, 1.005542911,
2027.933493255, 1.008142242,
2027.953924815, 0.990647834,
2027.974356475, 0.998807489,
2027.994788235, 1.006552449,
2028.015219895, 1.007965562,
2028.035651555, 1.005780240,
2028.056083215, 1.004317296,
2028.076514875, 0.994093564,
2028.096946535, 1.007690833,
2028.178673176, 1.008735452,
2028.199104836, 1.005128157,
2028.219536496, 1.005726873,
2028.239968156, 1.002614889,
2028.260399916, 1.008044625,
2028.280831476, 0.992115809,
2028.301263136, 1.004313226,
2028.342126456, 0.999590810,
2028.362558116, 1.002558672,
2028.382989876, 1.012276063,
2028.403421437, 0.995466813,
2028.423853197, 1.012014511,
2028.444284857, 1.001295597,
2028.464716417, 0.995796987,
2028.485148177, 0.999875207,
2028.505579837, 0.997324600,
2028.526011398, 0.998802112,
2028.546443158, 0.997977079,
2028.607738138, 0.999672997,
2028.628169799, 1.000252290,
2028.648601559, 0.997650694,
2028.669033119, 0.997659318,
2028.689464779, 1.000900456,
2028.709896540, 1.006114542,
2028.771191520, 0.995289944,
2028.791623181, 0.997774101,
2028.852918162, 0.999284572,
2028.873349822, 1.004007990,
2028.893781483, 1.013592253,
2028.914213043, 1.002347068,
2028.934644803, 1.002118501,
2028.955076464, 0.994722058,
2028.975508024, 1.002028209,
2028.995939785, 0.997951541,
2029.016371445, 1.001006497,
2029.036803006, 1.005782193,
2029.057234766, 1.002519163,
2029.077666427, 1.003333956,
2029.098098187, 0.996972509,
2029.118529748, 1.007312648,
2029.138961408, 1.000409388,
2029.159393169, 0.997392286,
2029.179824729, 1.005072138,
2029.200256390, 1.005604887,
2029.220688150, 1.001200922,
2029.241119811, 1.003158248,
2029.261551472, 0.998680310,
2029.281983132, 1.000782225,
2029.343278115, 1.003966121,
2029.363709775, 1.007686905,
2029.384141536, 0.994652428,
2029.404573097, 1.009406711,
2029.425004758, 1.008811440,
2029.445436518, 1.003635046,
2029.465868079, 1.001945900,
2029.486299840, 0.995909916,
2029.506731501, 1.003800124,
2029.527163062, 1.003031337,
2029.588458045, 1.000159062,
2029.608889806, 0.997340373,
2029.629321366, 0.995482327,
2029.649753027, 1.002223333,
2029.670184789, 1.001836862,
2029.690616350, 0.995379546,
2029.711048111, 0.994111723,
2029.731479772, 1.001795455,
2029.751911433, 1.003774910,
2029.772343094, 0.990434347,
2029.833638077, 0.994200876,
2029.854069739, 1.001708787,
2029.874501500, 1.004831199,
2029.894933161, 0.994589919,
2029.915364722, 0.991133981,
2029.935796484, 0.997574603,
2029.956228145, 0.994614204,
2029.976659706, 0.996829289,
2029.997091468, 0.997546812,
2030.017523129, 0.995632801,
2030.078818114, 1.015168000,
2030.099249875, 1.002431430,
2030.119681437, 0.996272819,
2030.140113098, 0.986914287,
2030.160544860, 1.002950951,
2030.180976421, 1.008411996,
2030.201408083, 1.007691369,
2030.221839745, 1.008616193,
2030.242271406, 1.002813955,
2030.262703068, 0.992423412,
2030.283134730, 1.002457613,
2030.303566392, 1.007027127,
2030.323998153, 0.998025202,
2030.344429715, 0.993643598,
2030.364861377, 0.995885784,
2030.385293139, 1.001071868,
2030.405724801, 0.997425566,
2030.426156363, 0.994558510,
2030.446588125, 0.995366491,
2030.467019787, 1.004209917,
2030.487451449, 0.996769569,
2030.507883111, 0.998956404,
2030.548746435, 1.000877440,
2030.569178097, 1.004112413,
2030.589609759, 0.999827657,
2030.610041522, 0.998040236,
2030.630473084, 1.000725160,
2030.650904746, 1.013985862,
2030.671336508, 0.988034777,
2030.691768071, 0.996757868,
2030.712199833, 1.000612696,
2030.732631495, 1.002822723,
2030.753063058, 0.996373858,
2030.793926483, 0.999932268,
2030.814358045, 0.999463233,
2030.834789808, 0.986326148,
2030.855221470, 0.988199736,
2030.875653133, 1.009655606,
2030.896084796, 0.999854666,
2030.916516458, 0.991723833,
2030.936948121, 0.996016127,
2030.957379784, 0.994549633,
2030.977811447, 0.998210442,
2030.998243109, 0.991350858,
2031.059538198, 0.999208289,
2031.079969761, 0.996353283,
2031.100401524, 1.000473264,
2031.120833187, 1.001518951,
2031.141264750, 1.001376378,
2031.182128176, 0.995694995,
2031.202559739, 0.996310255,
2031.222991503, 0.998627330,
2031.243423166, 0.989913142,
2031.284286492, 0.993570421,
2031.304718156, 0.993102294,
2031.325149919, 0.997678657,
2031.345581483, 0.990112517,
2031.366013146, 0.999920497,
2031.386444910, 1.001018278,
2031.406876473, 0.995240905,
2031.427308137, 1.001684793,
2031.447739900, 0.992644489,
2031.468171464, 0.989338842,
2031.488603228, 0.992782511,
2031.549898219, 0.995032471,
2031.570329883, 1.002191383,
2031.590761447, 0.992756147,
2031.611193211, 1.007101494,
2031.631624875, 0.989773437,
2031.652056439, 0.995954139,
2031.672488203, 0.992433826,
2031.692919867, 0.991834774,
2031.713351531, 0.998162075,
2031.733783195, 1.000450400,
2031.795078188, 0.998514979,
2031.815509852, 0.999703360,
2031.835941617, 0.994443014,
2031.856373181, 0.988265782,
2031.876804946, 1.002706122,
2031.897236610, 0.993956837,
2031.917668175, 0.995150003,
2031.938099939, 1.006633161,
2031.958531604, 0.991136829,
2031.978963169, 1.002171647,
2032.019826598, 0.985568460,
2032.040258263, 0.996175495,
2032.060689928, 0.999434529,
2032.081121593, 0.998985070,
2032.101553358, 0.995713407,
2032.121984923, 0.993601046,
2032.142416588, 0.999080211,
2032.162848353, 0.996431692,
2032.203711583, 0.994063923,
2032.224143349, 0.997009134,
2032.285438345, 0.983276208,
2032.305869910, 0.996572840,
2032.326301676, 0.989533076,
2032.346733341, 0.997524385,
2032.367164907, 1.000499143,
2032.387596672, 0.995811881,
2032.408028338, 0.992888192,
2032.428459904, 0.990662909,
2032.448891669, 0.998438485,
2032.469323335, 0.996606205,
2032.489755101, 0.990457056,
2032.510186667, 0.998565786,
2032.530618333, 0.997518397,
2032.551050099, 0.993747844,
2032.571481665, 0.989397100,
2032.591913331, 0.989553659,
2032.612345097, 0.991523209,
2032.632776664, 0.991073479,
2032.653208430, 0.982552314,
2032.673640096, 0.989086404,
2032.694071663, 0.993507850,
2032.714503429, 0.987263233,
2032.755366762, 0.992168776,
2032.775798429, 0.995183472,
2032.796230095, 0.987304888,
2032.816661762, 0.987660276,
2032.837093429, 0.991849366,
2032.857525095, 0.987327799,
2032.877956762, 0.994674200,
2032.898388529, 0.987181241,
2032.918820096, 0.989732153,
2032.939251863, 1.001222478,
2032.959683430, 0.990384414,
2033.000546864, 0.988351799,
2033.020978432, 0.989692209,
2033.041410199, 0.997580479,
2033.061841866, 0.994947744,
2033.082273434, 0.986518304,
2033.102705201, 0.987197708,
2033.123136869, 0.988378027,
2033.143568436, 0.989455197,
2033.164000204, 0.985788509,
2033.184431871, 0.990923941,
2033.204863439, 0.991994005,
2033.245726875, 0.996053182,
2033.266158643, 0.983107687,
2033.286590211, 0.981609764,
2033.307021879, 0.995188127,
2033.327453647, 0.994592326,
2033.347885215, 0.993750055,
2033.368316883, 0.991595323,
2033.388748651, 0.990098449,
2033.409180320, 0.993334791,
2033.429611988, 0.989119661,
2033.450043656, 0.986320002,
2033.511338662, 0.992884967,
2033.531770331, 0.988047360,
2033.552202099, 0.995924624,
2033.572633668, 0.984717506,
2033.593065437, 0.990335872,
2033.613497006, 0.990319654,
2033.633928675, 0.993666560,
2033.654360444, 0.992447627,
2033.674792013, 0.995321266,
2033.695223682, 0.981392566,
2033.736087021, 0.987226316,
2033.756518690, 0.991911222,
2033.776950459, 0.987338862,
2033.797382029, 0.997303164,
2033.817813798, 0.992013747,
2033.838245468, 0.985066414,
2033.858677038, 1.002756709,
2033.879108807, 0.992227197,
2033.899540477, 0.994939292,
2033.919972147, 0.992096225,
2033.940403817, 0.991429146,
2033.981267257, 0.996029584,
2034.001698827, 0.992251529,
2034.022130497, 0.986496700,
2034.042562267, 0.988051563,
2034.062993937, 0.979949768,
2034.083425508, 0.990295482,
2034.103857278, 0.989383468,
2034.124288949, 0.995722668,
2034.144720519, 0.993104774,
2034.165152290, 0.991148345,
2034.185583961, 0.987459669,
2034.246878973, 0.989795151,
2034.267310644, 0.983992084,
2034.287742315, 0.989880021,
2034.308173986, 0.986648686,
2034.328605657, 0.993520798,
2034.349037328, 0.984805143,
2034.369469100, 0.985040778,
2034.389900671, 0.998286501,
2034.430764114, 0.996071911,
2034.471627357, 0.987118721,
2034.492059129, 0.990657915,
2034.512490701, 0.989740324,
2034.532922372, 0.980223025,
2034.553354144, 0.987013591,
2034.573785716, 0.985146967,
2034.594217488, 0.991647431,
2034.614649161, 0.991260600,
2034.635080833, 0.993722133,
2034.655512505, 0.989693255,
2034.675944177, 0.980569764,
2034.737239195, 0.991216528,
2034.757670967, 0.984149366,
2034.778102640, 0.991869447,
2034.798534213, 0.992513737,
2034.818965986, 0.995463463,
2034.839397659, 0.988965848,
2034.859829232, 0.995189847,
2034.880261005, 0.992716785,
2034.900692678, 0.988409427,
2034.921124251, 0.995703246,
2034.982419371, 0.988276266,
2035.002851045, 0.995851119,
2035.023282618, 0.985681740,
2035.043714392, 0.981921678,
2035.064146066, 0.993404524,
2035.084577639, 0.990578571,
2035.105009413, 0.992124883,
2035.125441087, 0.989052997,
2035.145872861, 0.991980995,
2035.166304435, 0.987952234,
2035.207167884, 0.983457511,
2035.227599458, 0.995442342,
2035.248031133, 0.989079719,
2035.268462907, 0.991429270,
2035.288894582, 0.989563563,
2035.309326256, 0.988488586,
2035.329757931, 0.989859794,
2035.350189606, 0.996641831,
2035.370621281, 0.988263126,
2035.391052956, 0.990417276,
2035.411484631, 0.987586688,
2035.472779656, 0.989487622,
2035.493211432, 0.989042070,
2035.513643007, 0.991639755,
2035.534074783, 0.985775897,
2035.554506458, 0.988630952,
2035.574938034, 0.992268419,
2035.595369810, 0.985793419,
2035.615801485, 0.995713758,
2035.636233061, 0.987749513,
2035.656664837, 0.981834543,
2035.717959866, 0.988447695,
2035.738391442, 0.986736305,
2035.758823219, 0.992520442,
2035.779254895, 1.000078319,
2035.799686572, 0.985332971,
2035.820118248, 0.989763537,
2035.840549925, 0.987389726,
2035.860981702, 0.984572870,
2035.881413279, 0.993192508,
2035.901844956, 0.991603367,
2035.963139987, 0.995227886,
2035.983571765, 0.996279535,
2036.004003442, 0.995745351,
2036.024435020, 0.986325710,
2036.044866797, 0.991506817,
2036.065298475, 0.997779828,
2036.085730253, 0.988787917,
2036.106161830, 0.992234744,
2036.126593508, 0.990368849,
2036.147025286, 0.989701556,
2036.187888543, 0.983419991,
2036.208320321, 1.002996641,
2036.228751899, 0.989657799,
2036.249183678, 0.993630852,
2036.269615256, 0.987109520,
2036.290046935, 0.990074919,
2036.310478714, 0.996605727,
2036.330910392, 0.993096148,
2036.351341971, 0.991718819,
2036.371773750, 0.991228752,
2036.392205329, 0.982760880,
2036.453500367, 0.994781460,
2036.473932147, 0.991973605,
2036.494363826, 0.987322272,
2036.514795506, 0.996578526,
2036.535227185, 1.002289309,
2036.555658865, 0.987687117,
2036.576090545, 0.994632481,
2036.596522325, 0.990632267,
2036.616953905, 0.979478166,
2036.637385685, 0.990379860,
2036.698680726, 0.992446699,
2036.719112407, 1.001355257,
2036.739543987, 0.993267304,
2036.759975768, 0.988962362,
2036.780407449, 0.992745932,
2036.800839230, 0.994947556,
2036.821270811, 0.982017192,
2036.841702492, 1.007097146,
2036.862134273, 0.992827956,
2036.882565854, 0.997863652,
2036.943860898, 0.988731375,
2036.964292580, 0.988869182,
2036.984724362, 0.984192026,
2037.005155944, 1.005859698,
2037.025587726, 0.985827515,
2037.046019308, 0.989779258,
2037.066450990, 0.990790474,
2037.086882772, 0.991709991,
2037.107314454, 0.994687731,
2037.127746037, 0.995180916,
2037.189041184, 1.001972421,
2037.209472867, 0.994248098,
2037.229904550, 0.996681294,
2037.250336233, 0.997336315,
2037.270767916, 0.995511289,
2037.291199599, 0.991362475,
2037.311631382, 0.995437372,
2037.332062966, 1.002022726,
2037.352494749, 0.994009077,
2037.372926433, 0.991387753,
2037.434221484, 0.990300077,
2037.454653068, 0.985805880,
2037.475084852, 0.990621224,
2037.495516536, 0.995246258,
2037.515948121, 0.989392379,
2037.556811589, 1.001891069,
2037.577243374, 1.001301495,
2037.597674959, 0.998379127,
2037.618106643, 0.985782543,
2037.679401698, 0.996535303,
2037.699833383, 0.984307176,
2037.720265069, 0.988054710,
2037.740696854, 0.992480638,
2037.761128439, 0.993886868,
2037.781560125, 0.994407836,
2037.801991911, 0.992724335,
2037.822423596, 0.995511242,
2037.842855182, 0.990012837,
2037.863286968, 0.991865018,
2037.904150341, 0.991117941,
2037.924582027, 0.990161227,
2037.945013713, 0.994967989,
2037.965445500, 1.007409643,
2037.985877086, 0.997424033,
2038.006308773, 0.998380608,
2038.026740560, 0.995462899,
2038.047172147, 0.999036522,
2038.067603834, 0.995496192,
2038.088035621, 1.010083285,
2038.108467208, 0.999478086,
2038.169762271, 0.996590458,
2038.190194058, 0.997102642,
2038.210625746, 0.998722981,
2038.231057334, 1.004114926,
2038.251489122, 0.997570398,
2038.271920810, 0.999111570,
2038.292352498, 1.003420221,
2038.312784187, 0.988642775,
2038.333215875, 1.001789416,
2038.353647564, 1.003503686,
2038.374079252, 0.999282508,
2038.394510941, 1.007926207,
2038.414942630, 1.002602737,
2038.435374319, 0.997049782,
2038.455806108, 0.998057641,
2038.476237797, 0.997539390,
2038.496669386, 0.992618324,
2038.517101176, 1.008175985,
2038.537532865, 0.997575927,
2038.557964455, 0.996776383,
2038.578396245, 1.002368784,
2038.598827934, 1.006674754,
2038.660123005, 1.002896456,
2038.680554795, 0.999929727,
2038.700986385, 0.998423203,
2038.721418076, 1.002975665,
2038.741849867, 1.003333583,
2038.762281457, 1.008449934,
2038.782713148, 0.996467952,
2038.803144939, 1.014716013,
2038.823576530, 1.003960154,
2038.844008321, 1.007661164,
2038.884871604, 0.995823740,
2038.905303396, 1.004027479,
2038.925735087, 0.995398430,
2038.946166779, 0.998190357,
2038.966598471, 1.001834689,
2038.987030163, 1.001303616,
2039.007461855, 0.994205995,
2039.027893547, 1.012467542,
2039.048325240, 1.002233201,
2039.068756932, 0.997560774,
2039.089188625, 1.002482971,
2039.130052110, 1.005920308,
2039.150483703, 0.997484549,
2039.170915396, 0.999420761,
2039.191347189, 1.009925392,
2039.211778782, 1.006240729,
2039.232210576, 0.996714932,
2039.252642269, 1.005225010,
2039.273073863, 0.996338301,
2039.293505657, 0.989974904,
2039.313937350, 0.999935926,
2039.334368944, 1.004781481,
2039.416095821, 0.990796240,
2039.436527516, 1.008476825,
2039.456959311, 0.999088865,
2039.477390906, 1.005129139,
2039.518254395, 1.009945976,
2039.538685991, 1.003482407,
2039.559117686, 0.990741033,
2039.579549481, 1.002223922,
2039.599981177, 0.998027343,
2039.620412873, 0.986090850,
2039.640844568, 1.007488291,
2039.661276164, 0.997023217,
2039.681707960, 1.001971554,
2039.702139656, 0.999691270,
2039.722571253, 0.990645607,
2039.743003049, 1.009629191,
2039.763434745, 0.997677206,
2039.783866542, 0.994709275,
2039.824729836, 1.002160240,
2039.886024927, 1.000318301,
2039.906456724, 1.007198226,
2039.926888322, 1.006905192,
2039.947320019, 0.993466135,
2039.967751817, 1.005165320,
2039.988183415, 1.002733593,
2040.008615213, 1.001334504,
2040.029046911, 0.998451949,
2040.049478509, 1.002289086,
2040.069910308, 1.005061513,
2040.110773605, 0.998352528,
2040.131205404, 0.996783746,
2040.151637102, 1.005200229,
2040.172068901, 1.003602064,
2040.192500501, 1.000862569,
2040.212932200, 0.997009364,
2040.233363999, 1.004528343,
2040.253795699, 1.003949182,
2040.274227298, 1.000085073,
2040.294659098, 1.001365318,
2040.315090798, 1.000607836,
2040.376385898, 1.003059886,
2040.396817599, 1.000824970,
2040.417249299, 0.997946034,
2040.437680900, 1.007204988,
2040.458112701, 1.007030326,
2040.478544402, 1.006597113,
2040.519407804, 1.003965920,
2040.539839505, 0.993911634,
2040.560271307, 0.999926133,
2040.621566412, 1.003566031,
2040.641998014, 1.005851031,
2040.662429716, 0.999429886,
2040.682861518, 1.002070345,
2040.703293120, 1.019763444,
2040.723724923, 0.995721655,
2040.744156625, 1.000876756,
2040.764588328, 0.996290650,
2040.785020031, 1.004927254,
2040.866746844, 1.003460276,
2040.887178647, 1.003003785,
2040.907610251, 0.997633693,
2040.928041955, 0.998644603,
2040.948473759, 1.002312722,
2040.968905463, 1.006282157,
2040.989337067, 1.010986316,
2041.009768871, 1.002417128,
2041.030200476, 1.004743051,
2041.050632180, 1.015625065,
2041.091495590, 1.004481622,
2041.111927395, 1.006825744,
2041.132359100, 1.014547249,
2041.152790706, 1.008212152,
2041.173222511, 1.006040496,
2041.193654217, 1.011198881,
2041.214085822, 1.008679094,
2041.234517628, 1.002515433,
2041.254949334, 0.992392718,
2041.275381140, 1.007850112,
2041.295812746, 1.005220833,
2041.377539573, 0.995294136,
2041.397971380, 1.008025539,
2041.418402987, 1.000861846,
2041.438834694, 0.998737094,
2041.459266502, 0.993878238,
2041.479698209, 1.028742651,
2041.500129917, 0.995560639,
2041.520561625, 0.996876638,
2041.540993332, 0.990311792,
2041.561425040, 1.005725703,
2041.581856749, 1.004398848,
2041.602288457, 0.998911506,
2041.622720266, 1.004851258,
2041.643151874, 1.000680703,
2041.663583683, 1.005510188,
2041.684015292, 1.005315507,
2041.704447001, 1.009565369,
2041.745310419, 0.993703177,
2041.765742129, 0.994184836,
2041.786173939, 1.006104916,
2041.827037358, 0.994993598,
2041.847469068, 0.999180697,
2041.888332489, 1.002043538,
2041.908764199, 1.007752682,
2041.929195810, 1.004887566,
2041.949627621, 1.005330170,
2041.970059332, 1.003506510,
2041.990491043, 1.000252320,
2042.010922754, 1.003056852,
2042.031354465, 0.997777702,
2042.092649600, 0.998621233,
2042.113081412, 1.004086208,
2042.133513124, 1.001051273,
2042.153944736, 0.999095833,
2042.174376549, 1.001465924,
2042.194808261, 0.997475105,
2042.215239974, 1.000144337,
2042.235671687, 0.999124818,
2042.256103400, 1.000904042,
2042.276535213, 0.988477983,
2042.337830253, 0.988444063,
2042.358261967, 0.997091608,
2042.378693781, 1.000336341,
2042.399125395, 0.993593544,
2042.419557109, 0.998227647,
2042.439988923, 1.007316143,
2042.460420537, 1.001437909,
2042.480852252, 0.996220306,
2042.501284067, 0.998411199,
2042.521715682, 1.001927395,
2042.542147397, 0.995709329,
2042.562579212, 0.991056652,
2042.583010827, 0.991662215,
2042.603442643, 1.001942315,
2042.623874358, 1.002520687,
2042.644306074, 0.996019353,
2042.664737790, 1.000003712,
2042.685169506, 0.998757634,
2042.705601222, 1.004785414,
2042.726032939, 0.999460573,
2042.746464655, 0.999313579,
2042.766896472, 1.001889707,
2042.828191623, 0.988767172,
2042.848623340, 1.000187251,
2042.869054958, 0.991391004,
2042.889486776, 0.993698715,
2042.909918493, 0.998575901,
2042.930350211, 0.995089741,
2042.950781929, 0.997202956,
2042.971213648, 1.000071448,
2042.991645366, 0.987641261,
2043.012077085, 0.995855318,
2043.073372241, 0.993496113,
2043.093803860, 0.993616878,
2043.114235680, 0.991548187,
2043.134667399, 0.995250484,
2043.155099219, 1.002273497,
2043.175530838, 1.002114028,
2043.195962558, 1.001932082,
2043.216394379, 0.997548533,
2043.236825999, 0.995154852,
2043.257257719, 1.001972845,
2043.318552981, 0.995771010,
2043.338984702, 0.995829005,
2043.379848145, 0.999171369,
2043.400279867, 0.995182677,
2043.420711588, 1.000514342,
2043.441143410, 0.997712150,
2043.461575032, 0.997200319,
2043.482006854, 0.999231759,
2043.502438577, 0.996994986,
2043.543302022, 0.997324822,
2043.563733744, 1.002743858,
2043.584165367, 0.994808351,
2043.604597191, 0.987859207,
2043.625028914, 0.994272461,
2043.645460737, 1.001784965,
2043.665892361, 0.995928311,
2043.686324085, 1.000188310,
2043.706755809, 0.996207572,
2043.727187533, 0.997718298,
2043.747619157, 1.000099319,
2043.788482706, 0.992944359,
2043.808914331, 0.996219958,
2043.829346156, 0.995234339,
2043.849777881, 1.000694694,
2043.870209706, 0.999828385,
2043.890641331, 0.989525238,
2043.911073057, 1.000533227,
2043.931504883, 0.999678493,
2043.951936508, 1.002252953,
2043.972368234, 0.995675895,
2043.992800061, 0.995253353,
2044.033663514, 0.990355801,
2044.054095240, 0.984667801,
2044.074526967, 0.994608422,
2044.094958694, 0.997997940,
2044.115390421, 0.989808152,
2044.135822149, 0.984566490,
2044.156253976, 0.989743983,
2044.176685604, 0.998688724,
2044.197117432, 1.001533255,
2044.217549160, 1.000714032,
2044.237980788, 0.992527572,
2044.299275974, 1.001269917,
2044.319707803, 0.999355497,
2044.340139532, 0.993972043,
2044.360571161, 0.986103796,
2044.381002990, 1.004693446,
2044.401434620, 1.005405850,
2044.421866449, 1.000344534,
2044.442298179, 1.003762645,
2044.462729809, 0.998183082,
2044.483161640, 0.990930302,
2044.544456831, 1.000082384,
2044.585320393, 0.999022908,
2044.605752024, 0.998132557,
2044.626183756, 1.013057313,
2044.646615587, 0.998604784,
2044.667047319, 1.002565679,
2044.687478951, 1.000732548,
2044.707910783, 0.997350567,
2044.728342515, 1.004153910,
2044.748774248, 0.987150646,
2044.769205980, 1.000744811,
2044.789637713, 0.988660658,
2044.810069546, 0.986540426,
2044.830501179, 0.995287567,
2044.850932913, 0.992009639,
2044.871364746, 0.996452379,
2044.891796380, 0.996494740,
2044.912228114, 0.992441568,
2044.932659947, 0.985916163,
2044.953091582, 0.992500217,
2044.973523416, 1.003137005,
2045.034818620, 1.002124538,
2045.055250355, 0.997390452,
2045.075681990, 0.989916469,
2045.096113826, 0.995085104,
2045.116545461, 0.998904148,
2045.136977297, 1.006782009,
2045.157409033, 0.999597222,
2045.177840669, 0.997269358,
2045.198272505, 1.001342087,
2045.218704242, 0.995967333,
2045.279999452, 0.990692205,
2045.300431289, 0.987287030,
2045.320863027, 0.988178474,
2045.341294664, 0.999571098,
2045.361726502, 0.994061418,
2045.382158240, 0.992228291,
2045.402589878, 1.005404589,
2045.423021716, 0.991880918,
2045.443453454, 1.000458816,
2045.463885093, 1.004718388,
2045.525180510, 0.997012732,
2045.545612149, 0.997156761,
2045.566043888, 0.990149298,
2045.586475728, 0.996253526,
2045.606907368, 0.994794378,
2045.627339108, 0.999909156,
2045.647770948, 0.998220794,
2045.668202588, 1.003598320,
2045.688634429, 0.992674879,
2045.709066170, 1.002214972,
2045.729497811, 0.994614865,
2045.749929652, 1.001568164,
2045.770361293, 1.001492457,
2045.790793035, 0.992741756,
2045.811224876, 1.008073660,
2045.831656618, 1.000086672,
2045.852088360, 0.996191377,
2045.872520102, 0.991787009,
2045.892951845, 0.993423261,
2045.913383587, 0.991575267,
2045.933815330, 0.993112019,
2045.954247073, 1.000512073,
2046.015542403, 0.987962949,
2046.035974146, 1.001970710,
2046.056405790, 0.999321341,
2046.076837634, 0.997906225,
2046.097269379, 0.996409534,
2046.117701023, 0.995834960,
2046.138132867, 0.988745394,
2046.158564612, 0.989084259,
2046.178996257, 1.001809696,
2046.199428102, 0.999991695,
2046.260723339, 0.998503893,
2046.281155085, 0.997392718,
2046.301586931, 0.988660266,
2046.322018577, 0.997268026,
2046.342450324, 0.995686782,
2046.362882070, 0.997262511,
2046.383313817, 0.996772836,
2046.403745664, 0.999575619,
2046.424177311, 1.012278853,
2046.444609059, 1.000222271,
2046.485472554, 0.999781785,
2046.505904302, 0.998596696,
2046.526336150, 1.008559671,
2046.546767898, 1.002795963,
2046.567199647, 0.990593683,
2046.608063145, 0.998332006,
2046.628494894, 0.998684130,
2046.648926643, 0.987472628,
2046.669358393, 0.995949374,
2046.689790242, 0.999231453,
2046.730653642, 1.007836763,
2046.751085492, 0.999126206,
2046.791948993, 0.993641398,
2046.812380744, 0.993663288,
2046.832812395, 0.995978691,
2046.853244246, 0.993778919,
2046.873675998, 0.995787695,
2046.894107649, 0.991598134,
2046.914539501, 0.995663445,
2046.934971253, 1.001164971,
2046.996266510, 1.005695040,
2047.016698263, 1.000930328,
2047.037130016, 0.999709891,
2047.057561769, 0.994249466,
2047.077993523, 0.997969806,
2047.098425276, 1.008621616,
2047.118857130, 0.991141952,
2047.139288784, 0.996840075,
2047.159720538, 1.002956581,
2047.180152392, 0.999432515,
2047.241447656, 1.001098754,
2047.261879411, 1.005013907,
2047.282311067, 1.002881663,
2047.302742922, 0.995346681,
2047.323174678, 0.997398415,
2047.343606534, 1.001772923,
2047.364038190, 0.991724288,
2047.384469946, 0.999925246,
2047.404901803, 0.995770684,
2047.425333459, 0.990802038,
2047.486628730, 1.006024828,
2047.507060588, 0.996828809,
2047.527492346, 0.996323613,
2047.547924003, 0.993359855,
2047.568355862, 0.998082185,
2047.588787620, 0.992391926,
2047.609219278, 1.006053198,
2047.629651137, 0.997166176,
2047.650082896, 0.997526766,
2047.670514655, 0.996724437,
2047.690946414, 1.008304781,
2047.711378174, 1.000045045,
2047.731810033, 1.003074423,
2047.752241693, 0.995726242,
2047.772673453, 0.997192798,
2047.793105213, 0.997962449,
2047.813536974, 1.009290309,
2047.833968735, 0.993149989,
2047.854400595, 1.001253610,
2047.874832257, 1.011955615,
2047.895264118, 0.996091679,
2047.915695879, 1.005665102,
2047.976991165, 0.991649684,
2047.997422827, 0.994584205,
2048.017854690, 1.006299940,
2048.038286453, 1.008208691,
2048.058718315, 1.002211796,
2048.079149979, 1.007188135,
2048.099581742, 0.996388667,
2048.120013605, 0.985702858,
2048.140445269, 1.009912838,
2048.160877033, 0.994310749,
2048.181308897, 1.006322327,
2048.201740562, 0.998477679,
2048.222172426, 0.990822906,
2048.242604191, 0.991141083,
2048.263035856, 0.992784743,
2048.283467721, 1.000977956,
2048.303899486, 0.992778088,
2048.324331252, 0.999322212,
2048.344763018, 0.991217807,
2048.365194784, 0.999560397,
2048.385626450, 1.004193694,
2048.406058316, 1.002952220,
2048.467353617, 1.000160446,
2048.487785384, 0.992573204,
2048.508217252, 1.000080578,
2048.528648919, 0.988735596,
2048.549080687, 1.000201036,
2048.569512555, 0.993572442,
2048.589944224, 1.006035238,
2048.610376092, 0.998743086,
2048.630807861, 0.997552677,
2048.651239530, 0.988045330,
2048.712534838, 1.006303190,
2048.732966707, 0.995509376,
2048.753398478, 0.997075625,
2048.773830348, 0.989658697,
2048.794262018, 1.002148509,
2048.814693789, 1.004986750,
2048.835125660, 0.996380307,
2048.855557331, 1.008401986,
2048.875989102, 1.000144975,
2048.896420973, 0.994557027,
2048.916852645, 0.989217808,
2048.937284417, 0.999682641,
2048.957716289, 0.993559798,
2048.978148061, 1.002642615,
2048.998579834, 0.997720296,
2049.019011606, 1.004214903,
2049.039443379, 0.987784747,
2049.059875153, 1.001948331,
2049.080306926, 0.997604147,
2049.100738700, 0.999275771,
2049.121170473, 0.995559055,
2049.141602247, 0.999651595,
2049.202897571, 0.998725944,
2049.243761121, 0.996813938,
2049.264192896, 0.995695629,
2049.284624771, 0.996028428,
2049.305056447, 0.998820482,
2049.325488223, 1.004144130,
2049.345920099, 0.994167413,
2049.366351776, 0.993929936,
2049.386783652, 1.000304393,
2049.407215429, 1.000781267,
2049.427647106, 0.996414857,
2049.448078984, 0.994608967,
2049.468510761, 0.996524053,
2049.488942539, 0.994211847,
2049.509374317, 0.995459000,
2049.529806095, 0.993678429,
2049.550237973, 1.000484224,
2049.570669652, 1.002475925,
2049.591101430, 0.988219037,
2049.611533310, 0.997803931,
2049.631964989, 0.999761365,
2049.672828648, 0.996362927,
2049.693260428, 0.997156301,
2049.713692208, 0.996018035,
2049.734123988, 1.002225600,
2049.754555669, 0.995215047,
2049.774987549, 1.005293548,
2049.795419330, 1.001675203,
2049.815851012, 1.004580320,
2049.836282893, 0.996364620,
2049.856714675, 0.998300329,
2049.877146357, 0.995888180,
2049.918010021, 1.003410429,
2049.938441904, 1.005413339,
2049.958873586, 0.996763976,
2049.979305369, 0.993851277,
2049.999737253, 1.002756266,
2050.020168936, 1.004899480,
2050.040600720, 1.002450863,
2050.061032604, 0.993687303,
2050.081464288, 1.009033387,
2050.101896172, 1.000045457,
2050.122327957, 0.999454404,
2050.163191526, 0.996729343,
2050.183623312, 1.003122332,
2050.204055097, 1.010778492,
2050.224486883, 0.993227072,
2050.244918669, 1.002211082,
2050.265350555, 1.000573047,
2050.285782241, 0.991263503,
2050.306214028, 1.000136870,
2050.326645915, 0.995881783,
2050.347077702, 1.008825792,
2050.367509389, 0.996258901,
2050.408372964, 0.993601205,
2050.428804752, 0.997514001,
2050.469668329, 1.000351772,
2050.490100217, 0.999755377,
2050.510532006, 1.006342698,
2050.530963695, 0.995550679,
2050.551395584, 0.991239935,
2050.571827374, 0.988877921,
2050.592259064, 0.993567007,
2050.612690954, 1.001862031,
2050.653554634, 1.002024262,
2050.673986325, 0.998000370,
2050.694418116, 1.001147770,
2050.714850007, 0.996542553,
2050.735281699, 0.994494059,
2050.755713490, 0.998326128,
2050.776145382, 1.004995320,
2050.796577074, 0.997481720,
2050.817008966, 1.000697033,
2050.837440759, 0.988805019,
2050.857872552, 1.000910077,
2050.919167931, 1.000900841,
2050.939599725, 1.000692333,
2050.960031519, 1.000570954,
2050.980463313, 0.997318961,
2051.000895207, 1.001151446,
2051.021326902, 0.993534829,
2051.041758797, 0.994589002,
2051.062190492, 1.003939380,
2051.082622287, 0.996692851,
2051.103054183, 0.994739328,
2051.164349571, 0.998705994,
2051.184781267, 0.997211060,
2051.205213164, 0.993947600,
2051.225644961, 0.996112611,
2051.246076658, 1.006174016,
2051.266508556, 0.998010393,
2051.286940353, 0.998588807,
2051.307372051, 1.004806700,
2051.327803949, 0.992955765,
2051.348235748, 1.006426387,
2051.368667646, 0.997748266,
2051.389099345, 0.997860189,
2051.409531144, 0.997564396,
2051.429963044, 1.005846796,
2051.450394743, 0.998652271,
2051.470826543, 0.991897840,
2051.491258443, 0.999694632,
2051.511690243, 1.002853261,
2051.532121944, 1.001770973,
2051.552553844, 1.000578542,
2051.572985645, 1.007889458,
2051.593417447, 0.994562982,
2051.634281050, 0.995502805,
2051.654712852, 0.996165407,
2051.675144654, 1.004155151,
2051.695576456, 1.005192069,
2051.716008259, 0.995553183,
2051.736440062, 0.992479728,
2051.756871965, 0.998256699,
2051.777303668, 1.004685219,
2051.797735472, 1.004045797,
2051.818167376, 1.003834281,
2051.838599080, 1.010569803,
2051.879462789, 1.015187957,
2051.899894494, 0.996825659,
2051.920326399, 1.005446673,
2051.940758204, 1.002039455,
2051.961189909, 1.009167508,
2051.981621815, 0.998063566,
2052.002053621, 0.993516719,
2052.022485328, 0.995641029,
2052.042917234, 0.993325856,
2052.063349041, 0.999223173,
2052.083780948, 1.001379929,
2052.124644462, 0.998655721,
2052.145076370, 0.989230354,
2052.165508178, 0.999782873,
2052.185939886, 1.007731758,
2052.206371795, 1.001032200,
2052.226803603, 0.996760298,
2052.247235312, 0.996469106,
2052.267667222, 0.994877019,
2052.288099031, 0.999352690,
2052.308530941, 1.008084694,
2052.328962651, 0.987178259,
2052.369826371, 1.061980666,
2052.390258082, 1.005577385,
2052.410689893, 1.002139839,
2052.431121704, 1.005587164,
2052.451553515, 0.999696440,
2052.471985427, 0.999025370,
2052.492417139, 0.999361563,
2052.512848951, 0.998957628,
2052.533280863, 1.005672004,
2052.553712576, 0.999582865,
2052.574144389, 1.003595639,
2052.615008015, 0.993167818,
2052.635439929, 0.998089202,
2052.655871743, 0.995526415,
2052.676303457, 0.997746039,
2052.696735371, 1.003957583,
2052.717167186, 1.029361956,
2052.737599001, 0.995020002,
2052.758030816, 0.997232631,
2052.778462631, 1.001516406,
2052.798894447, 0.999953048,
2052.819326263, 1.002827864,
2052.860189995, 1.006305688,
2052.880621812, 1.006071771,
2052.901053529, 1.003223703,
2052.921485446, 1.007412131,
2052.941917263, 1.000929958,
2052.962348981, 1.005929455,
2052.982780899, 0.999169110,
2053.003212717, 0.999772753,
2053.023644635, 0.998123282,
2053.044076354, 1.000014161,
2053.064508173, 0.994802634,
2053.146235451, 1.000485426,
2053.166667271, 1.001584162,
2053.187099192, 1.004601157,
2053.207530912, 1.003079860,
2053.227962733, 0.998729276,
2053.248394654, 1.004800895,
2053.268826376, 1.000323597,
2053.289258197, 0.990493238,
2053.309690119, 1.001503078,
2053.350553764, 0.997892904,
2053.370985587, 0.998959199,
2053.391417409, 0.993740198,
2053.411849233, 0.993399899,
2053.432281056, 1.004963132,
2053.452712880, 0.993668531,
2053.473144704, 0.990830325,
2053.514008353, 1.003568950,
2053.534440277, 0.993326719,
2053.554872002, 0.995563071,
2053.595735753, 0.996135661,
2053.616167479, 0.996746321,
2053.636599405, 1.004235569,
2053.657031231, 0.999672206,
2053.677462958, 0.998702358,
2053.697894884, 0.996215102,
2053.718326712, 0.998210848,
2053.738758539, 0.999626222,
2053.759190366, 1.000049123,
2053.779622194, 0.998662550,
2053.800054022, 0.996796430,
2053.840917579, 1.010745318,
2053.861349508, 0.998648110,
2053.881781337, 0.995824886,
2053.902213267, 1.001958905,
2053.922644996, 0.994072526,
2053.943076826, 1.000933045,
2053.963508756, 1.005620364,
2053.983940487, 1.003415482,
2054.004372318, 1.006224973,
2054.024804249, 0.999059843,
2054.045236080, 1.001320451,
2054.086099743, 0.996853242,
2054.106531575, 0.994556243,
2054.147395240, 0.992326557,
2054.167827073, 0.999458218,
2054.188259006, 0.995865970,
2054.208690739, 0.993289538,
2054.229122573, 0.995904609,
2054.249554506, 0.988919483,
2054.269986241, 0.998295886,
2054.290418175, 0.997295512,
2054.331281745, 0.986513946,
2054.351713680, 0.995923137,
2054.372145515, 0.998837288,
2054.392577251, 1.007385818,
2054.413009187, 0.999550256,
2054.433441023, 1.000172231,
2054.453872859, 1.003639467,
2054.474304696, 1.001081006,
2054.494736433, 1.002858738,
2054.515168371, 0.994747447,
2054.535600208, 1.007439113,
2054.576463884, 1.006943277,
2054.596895722, 0.995748063,
2054.617327661, 0.998809342,
2054.637759400, 0.993194947,
2054.658191239, 0.990999600,
2054.678623179, 0.994042268,
2054.699054918, 0.990114551,
2054.719486758, 0.998681499,
2054.739918698, 0.996632625,
2054.760350539, 0.994481551,
2054.780782380, 1.002616740,
2054.821646062, 0.995273907,
2054.842077904, 0.998707155,
2054.862509745, 0.997385779,
2054.882941588, 0.995474254,
2054.903373530, 0.997797086,
2054.923805273, 0.996487444,
2054.944237116, 0.994332999,
2054.964669059, 0.996100354,
2054.985100802, 1.004578871,
2055.005532746, 0.998102349,
2055.025964590, 0.992137715,
2055.107691869, 0.990672934,
2055.128123814, 0.990534006,
2055.148555560, 0.995077758,
2055.168987506, 0.994538301,
2055.189419352, 0.997858799,
2055.209851098, 0.996638494,
2055.230283045, 0.997729307,
2055.250714892, 0.992432333,
2055.271146739, 0.999128299,
2055.291578587, 0.987555291,
2055.312010435, 0.998340428,
2055.332442383, 0.988199884,
2055.352874131, 1.003274757,
2055.393737929, 0.999243192,
2055.414169778, 1.000768460,
2055.434601527, 0.994596011,
2055.455033477, 0.994320496,
2055.475465327, 0.986902232,
2055.495897177, 0.999953720,
2055.516329028, 0.989992600,
2055.557192830, 0.992927365,
2055.577624581, 1.004152847,
2055.598056433, 0.993600843,
2055.618488385, 0.999280841,
2055.638920137, 0.991001866,
2055.659351990, 0.991961689,
2055.679783942, 0.991360434,
2055.700215695, 0.991852907,
2055.720647649, 0.992437518,
2055.741079402, 0.997444498,
2055.761511256, 0.990928922,
2055.802374965, 0.991522739,
2055.822806819, 0.988944960,
2055.843238775, 1.001838444,
2055.863670530, 0.993814209,
2055.884102485, 1.024919968,
2055.904534341, 0.998061553,
2055.924966197, 0.994946114,
2055.945398054, 0.991709299,
2055.965829910, 0.999315932,
2055.986261767, 0.993581206,
2056.006693625, 0.992468739,
2056.067989298, 0.992067707,
2056.088421056, 0.992981729,
2056.108853015, 0.993897117,
2056.129284874, 0.996713219,
2056.149716633, 0.995277180,
2056.170148592, 0.998713278,
2056.190580452, 0.995211942,
2056.211012412, 0.993024080,
2056.231444173, 0.993689465,
2056.251876033, 0.993325433,
2056.272307994, 0.985934273,
2056.292739755, 0.981519467,
2056.313171617, 0.991241464,
2056.333603579, 0.989803353,
2056.374467203, 0.985944740,
2056.394899065, 0.985961003,
2056.415330928, 0.991740679,
2056.435762891, 0.996012740,
2056.456194755, 0.990802553,
2056.476626519, 0.991128215,
2056.497058483, 0.989076161,
2056.537922112, 1.001449493,
2056.558354076, 0.996777213,
2056.578785942, 0.990777723,
2056.599217807, 0.992849188,
2056.619649673, 0.985746121,
2056.640081539, 0.990153909,
2056.660513405, 0.990138560,
2056.680945272, 0.989065120,
2056.701377138, 0.991163299,
2056.721809006, 0.988271077,
2056.742240873, 0.985715530,
2056.783104709, 0.986035397,
2056.803536477, 0.994201716,
2056.823968446, 1.002201719,
2056.844400315, 0.988323751,
2056.864832084, 0.994273202,
2056.885264053, 0.992616326,
2056.905695923, 0.983262771,
2056.926127893, 0.986805266,
2056.946559663, 0.994981685,
2056.966991534, 0.992173942,
2056.987423505, 0.995459611,
2057.028287147, 0.993490219,
2057.048719119, 0.995312973,
2057.069150891, 0.987153913,
2057.089582764, 0.994060854,
2057.110014636, 1.004295690,
2057.130446509, 0.995600051,
2057.150878483, 0.987030561,
2057.171310256, 0.990373798,
2057.191742130, 0.998659507,
2057.212174104, 0.995804875,
2057.232605978, 0.991040640,
2057.293901603, 0.993095664,
2057.314333479, 0.989300265,
2057.334765355, 0.983436739,
